 Timestep    Gas_A      Gas_B     Gas_tot    Dense_A    Dense_B   Dense_tot   Lg_clust  DP_density GP_density Clust_area  Gas_area     MCS    
   0.00       3000      12000      15000        0          0          0          4         0.00       0.76       0.00     19634.96      0     
135416.00     3000      12000      15000        0          0          0         904        0.00       0.76       0.00     19634.96      0     
270832.00     2120       7948      10068       880        4052       4932       1603       0.97       0.69     5091.05    14543.91     1233   
406248.00     1820       6272       8092       1180       5728       6908       5876       1.02       0.63     6784.91    12850.04     3454   
541664.00     1612       5349       6961       1388       6651       8039       2250       1.05       0.58     7620.97    12013.99     2009   
677080.00     1327       3888       5215       1673       8112       9785       4862       1.08       0.49     9074.99    10559.97     3261   
812496.00     1215       3609       4824       1785       8391      10176       7466       1.11       0.46     9207.54    10427.41     5088   
947912.00     1125       3190       4315       1875       8810      10685       7946       1.12       0.43     9548.89    10086.06     5342   
1083328.00    936        2216       3152       2064       9784      11848       9375       1.12       0.35     10596.78   9038.18      5924   
1218744.00    981        2470       3451       2019       9530      11549       8884       1.12       0.37     10281.37   9353.58      5774   
1354160.00    882        1933       2815       2118      10067      12185       9456       1.12       0.32     10844.98   8789.98      6092   
1489576.00    897        1985       2882       2103      10015      12118      12118       1.13       0.32     10766.62   8868.34     12118   
1624992.00    860        1999       2859       2140      10001      12141      12141       1.12       0.32     10835.97   8798.98     12141   
1760408.00    813        1882       2695       2187      10118      12305      12305       1.12       0.31     10989.99   8644.97     12305   
1895824.00    782        1703       2485       2218      10297      12515      12515       1.13       0.29     11047.68   8587.27     12515   
2031240.00    739        1688       2427       2261      10312      12573      12573       1.13       0.28     11079.77   8555.19     12573   
2166656.00    763        1681       2444       2237      10319      12556      12556       1.12       0.29     11161.19   8473.77     12556   
2302072.00    787        1780       2567       2213      10220      12433      12433       1.12       0.30     11084.65   8550.30     12433   
2437488.00    757        1826       2583       2243      10174      12417      12417       1.13       0.30     11030.86   8604.09     12417   
2572904.00    747        1679       2426       2253      10321      12574      12574       1.12       0.29     11214.36   8420.59     12574   
2708320.00    832        1971       2803       2168      10029      12197      12197       1.13       0.32     10800.96   8833.99     12197   
2843736.00    833        2033       2866       2167       9967      12134      12134       1.12       0.32     10804.01   8830.95     12134   
2979152.00    831        1958       2789       2169      10042      12211      12211       1.13       0.32     10824.45   8810.51     12211   
3114568.00    779        1783       2562       2221      10217      12438      12438       1.13       0.30     11031.65   8603.31     12438   
3249984.00    768        1658       2426       2232      10342      12574      12574       1.13       0.29     11147.69   8487.26     12574   
3385400.00    791        1741       2532       2209      10259      12468      12468       1.13       0.30     11068.13   8566.82     12468   
3520816.00    801        1826       2627       2199      10174      12373      12373       1.12       0.30     11014.83   8620.13     12373   
3656232.00    840        1911       2751       2160      10089      12249      12249       1.13       0.31     10792.08   8842.87     12249   
3791648.00    806        1760       2566       2194      10240      12434      12434       1.14       0.29     10931.91   8703.04     12434   
3927064.00    771        1570       2341       2229      10430      12659      12659       1.14       0.27     11117.56   8517.40     12659   
4062480.00    813        1813       2626       2187      10187      12374      12374       1.14       0.30     10894.17   8740.78     12374   
4197896.00    802        1856       2658       2198      10144      12342      12342       1.13       0.30     10916.03   8718.92     12342   
4333312.00    828        2030       2858       2172       9970      12142      12142       1.14       0.32     10642.88   8992.07     12142   
4468728.00    750        1762       2512       2250      10238      12488      12488       1.14       0.29     10935.77   8699.19     12488   
4604144.00    730        1643       2373       2270      10357      12627      12627       1.15       0.28     11022.09   8612.87     12627   
4739560.00    729        1655       2384       2271      10345      12616      12616       1.14       0.28     11030.01   8604.95     12616   
4874976.00    758        1701       2459       2242      10299      12541      12541       1.15       0.28     10924.15   8710.81     12541   
5010392.00    782        1850       2632       2218      10150      12368      12368       1.15       0.30     10796.29   8838.67     12368   
5145808.00    732        1656       2388       2268      10344      12612      12612       1.15       0.28     10961.09   8673.86     12612   
5281224.00    670        1509       2179       2330      10491      12821      12821       1.15       0.26     11195.49   8439.46     12821   
5416640.00    683        1638       2321       2317      10362      12679      12679       1.13       0.27     11192.04   8442.92     12679   
5552056.00    755        1751       2506       2245      10249      12494      12494       1.14       0.29     10974.26   8660.70     12494   
5687472.00    801        1883       2684       2199      10117      12316      12316       1.14       0.30     10795.42   8839.54     12316   
5822888.00    748        1722       2470       2252      10278      12530      12530       1.14       0.28     10959.10   8675.86     12530   
5958304.00    749        1739       2488       2251      10261      12512      12512       1.15       0.29     10926.78   8708.18     12512   
6093720.00    717        1562       2279       2283      10438      12721      12721       1.15       0.27     11038.94   8596.01     12721   
6229136.00    694        1513       2207       2306      10487      12793      12793       1.15       0.26     11140.76   8494.20     12793   
6364552.00    673        1479       2152       2327      10521      12848      12848       1.14       0.26     11242.05   8392.90     12848   
6499968.00    699        1537       2236       2301      10463      12764      12764       1.15       0.26     11140.75   8494.20     12764   
6635384.00    733        1565       2298       2267      10435      12702      12702       1.14       0.27     11115.36   8519.59     12702   
6770800.00    739        1602       2341       2261      10398      12659      12659       1.15       0.27     11042.36   8592.59     12659   
6906216.00    747        1590       2337       2253      10410      12663      12663       1.15       0.27     11013.85   8621.10     12663   
7041632.00    738        1656       2394       2262      10344      12606      12606       1.15       0.28     10949.52   8685.44     12606   
7177048.00    744        1677       2421       2256      10323      12579      12579       1.15       0.28     10913.67   8721.28     12579   
7312464.00    784        1952       2736       2216      10048      12264      12264       1.15       0.30     10649.67   8985.29     12264   
7447880.00    810        1923       2733       2190      10077      12267      12267       1.15       0.30     10628.57   9006.39     12267   
7583296.00    778        1844       2622       2222      10156      12378      12378       1.16       0.29     10701.75   8933.20     12378   
7718712.00    758        1644       2402       2242      10356      12598      12598       1.16       0.27     10894.70   8740.26     12598   
7854128.00    695        1446       2141       2305      10554      12859      12859       1.16       0.25     11133.32   8501.63     12859   
7989544.00    707        1497       2204       2293      10503      12796      12796       1.15       0.26     11141.65   8493.31     12796   
8124960.00    705        1461       2166       2295      10539      12834      12834       1.15       0.26     11166.76   8468.19     12834   
8260376.00    710        1554       2264       2290      10446      12736      12736       1.15       0.26     11078.53   8556.42     12736   
8395792.00    732        1673       2405       2268      10327      12595      12595       1.15       0.28     10929.51   8705.44     12595   
8531208.00    734        1726       2460       2266      10274      12540      12540       1.15       0.28     10927.38   8707.57     12540   
8666624.00    700        1607       2307       2300      10393      12693      12693       1.15       0.27     11068.59   8566.36     12693   
8802040.00    729        1686       2415       2271      10314      12585      12585       1.15       0.28     10937.36   8697.59     12585   
8937456.00    709        1575       2284       2291      10425      12716      12716       1.15       0.27     11026.09   8608.87     12716   
9072872.00    741        1709       2450       2259      10291      12550      12550       1.16       0.28     10798.34   8836.61     12550   
9208288.00    713        1628       2341       2287      10372      12659      12659       1.15       0.27     10965.74   8669.21     12659   
9343704.00    712        1634       2346       2288      10366      12654      12654       1.15       0.27     10967.68   8667.28     12654   
9479120.00    717        1560       2277       2283      10440      12723      12723       1.15       0.27     11051.55   8583.40     12723   
9614536.00    661        1483       2144       2339      10517      12856      12856       1.15       0.25     11133.08   8501.88     12856   
9749952.00    683        1472       2155       2317      10528      12845      12845       1.15       0.25     11158.83   8476.12     12845   
9885368.00    724        1580       2304       2276      10420      12696      12696       1.15       0.27     11067.62   8567.33     12696   
10020784.00    727        1586       2313       2273      10414      12687      12687       1.14       0.27     11084.69   8550.26     12687   
10156200.00    771        1632       2403       2229      10368      12597      12597       1.14       0.28     11050.42   8584.54     12597   
10291616.00    791        1800       2591       2209      10200      12409      12409       1.15       0.29     10815.38   8819.58     12409   
10427032.00    767        1674       2441       2233      10326      12559      12559       1.14       0.28     10996.96   8638.00     12559   
10562448.00    774        1564       2338       2226      10436      12662      12662       1.14       0.27     11110.13   8524.83     12662   
10697864.00    791        1674       2465       2209      10326      12535      12535       1.14       0.29     11009.81   8625.15     12535   
10833280.00    807        1727       2534       2193      10273      12466      12466       1.14       0.29     10901.79   8733.16     12466   
10968696.00    769        1687       2456       2231      10313      12544      12544       1.14       0.28     10995.70   8639.26     12544   
11104112.00    787        1850       2637       2213      10150      12363      12363       1.15       0.30     10762.61   8872.34     12363   
11239528.00    772        1829       2601       2228      10171      12399      12399       1.15       0.29     10772.38   8862.58     12399   
11374944.00    748        1625       2373       2252      10375      12627      12627       1.15       0.27     10970.40   8664.56     12627   
11510360.00    736        1661       2397       2264      10339      12603      12603       1.15       0.28     10969.22   8665.74     12603   
11645776.00    728        1552       2280       2272      10448      12720      12720       1.15       0.27     11062.32   8572.63     12720   
11781192.00    741        1591       2332       2259      10409      12668      12668       1.15       0.27     10986.39   8648.56     12668   
11916608.00    704        1451       2155       2296      10549      12845      12845       1.15       0.25     11134.58   8500.37     12845   
12052024.00    699        1418       2117       2301      10582      12883      12883       1.14       0.25     11254.00   8380.96     12883   
12187440.00    706        1513       2219       2294      10487      12781      12781       1.13       0.27     11264.17   8370.78     12781   
12322856.00    749        1633       2382       2251      10367      12618      12618       1.14       0.28     11055.11   8579.85     12618   
12458272.00    808        1851       2659       2192      10149      12341      12341       1.14       0.30     10853.10   8781.85     12341   
12593688.00    794        1903       2697       2206      10097      12303      12303       1.14       0.30     10751.65   8883.31     12303   
12729104.00    779        1822       2601       2221      10178      12399      12399       1.16       0.29     10730.57   8904.38     12399   
12864520.00    777        1687       2464       2223      10313      12536      12536       1.16       0.28     10817.79   8817.17     12536   
12999936.00    753        1606       2359       2247      10394      12641      12641       1.15       0.27     10996.37   8638.58     12641   
13135352.00    710        1516       2226       2290      10484      12774      12774       1.16       0.26     11029.52   8605.44     12774   
13270768.00    680        1427       2107       2320      10573      12893      12893       1.15       0.25     11215.41   8419.54     12893   
13406184.00    665        1300       1965       2335      10700      13035      13035       1.15       0.24     11336.57   8298.38     13035   
13541600.00    694        1396       2090       2306      10604      12910      12910       1.16       0.25     11155.71   8479.24     12910   
13677016.00    664        1383       2047       2336      10617      12953      12953       1.16       0.24     11206.68   8428.27     12953   
13812432.00    640        1413       2053       2360      10587      12947      12947       1.15       0.24     11239.70   8395.26     12947   
13947848.00    662        1551       2213       2338      10449      12787      12787       1.16       0.26     11041.77   8593.19     12787   
14083264.00    720        1612       2332       2280      10388      12668      12668       1.16       0.27     10918.94   8716.02     12668   
14218680.00    692        1537       2229       2308      10463      12771      12771       1.16       0.26     11053.00   8581.96     12771   
14354096.00    702        1589       2291       2298      10411      12709      12709       1.16       0.27     10998.80   8636.16     12709   
14489512.00    706        1552       2258       2294      10448      12742      12742       1.16       0.26     11002.53   8632.43     12742   
14624928.00    653        1427       2080       2347      10573      12920      12920       1.15       0.25     11227.44   8407.52     12920   
14760344.00    667        1426       2093       2333      10574      12907      12907       1.15       0.25     11194.13   8440.82     12907   
14895760.00    653        1376       2029       2347      10624      12971      12971       1.15       0.24     11313.45   8321.51     12971   
15031176.00    719        1598       2317       2281      10402      12683      12683       1.15       0.27     11049.34   8585.62     12683   
15166592.00    718        1594       2312       2282      10406      12688      12688       1.15       0.27     11034.01   8600.94     12688   
15302008.00    726        1604       2330       2274      10396      12670      12670       1.15       0.27     11032.03   8602.92     12670   
15437424.00    703        1476       2179       2297      10524      12821      12821       1.15       0.26     11144.15   8490.80     12821   
15572840.00    721        1572       2293       2279      10428      12707      12707       1.15       0.27     11055.53   8579.42     12707   
15708256.00    713        1543       2256       2287      10457      12744      12744       1.15       0.26     11041.51   8593.45     12744   
15843672.00    727        1577       2304       2273      10423      12696      12696       1.16       0.27     10987.50   8647.45     12696   
15979088.00    679        1366       2045       2321      10634      12955      12955       1.15       0.24     11221.90   8413.06     12955   
16114504.00    666        1394       2060       2334      10606      12940      12940       1.16       0.24     11199.07   8435.88     12940   
16249920.00    714        1439       2153       2286      10561      12847      12847       1.16       0.25     11048.64   8586.32     12847   
16385336.00    706        1565       2271       2294      10435      12729      12729       1.16       0.26     10974.47   8660.49     12729   
16520752.00    702        1620       2322       2298      10380      12678      12678       1.15       0.27     10991.70   8643.25     12678   
16656168.00    727        1606       2333       2273      10394      12667      12667       1.15       0.27     11034.97   8599.98     12667   
16791584.00    713        1580       2293       2287      10420      12707      12707       1.15       0.27     11025.94   8609.01     12707   
16927000.00    744        1613       2357       2256      10387      12643      12643       1.16       0.27     10933.01   8701.94     12643   
17062416.00    724        1622       2346       2276      10378      12654      12654       1.16       0.27     10904.94   8730.02     12654   
17197832.00    708        1586       2294       2292      10414      12706      12706       1.16       0.27     10995.01   8639.94     12706   
17333248.00    692        1463       2155       2308      10537      12845      12845       1.15       0.25     11140.60   8494.36     12845   
17468664.00    691        1449       2140       2309      10551      12860      12860       1.15       0.25     11205.76   8429.19     12860   
17604080.00    732        1497       2229       2268      10503      12771      12771       1.15       0.26     11136.31   8498.64     12771   
17739496.00    804        1846       2650       2196      10154      12350      12350       1.15       0.30     10709.56   8925.40     12350   
17874912.00    768        1763       2531       2232      10237      12469      12469       1.16       0.29     10792.27   8842.69     12469   
18010328.00    750        1690       2440       2250      10310      12560      12560       1.15       0.28     10894.50   8740.46     12560   
18145744.00    708        1602       2310       2292      10398      12690      12690       1.16       0.27     10975.56   8659.39     12690   
18281160.00    692        1538       2230       2308      10462      12770      12770       1.15       0.26     11067.56   8567.40     12770   
18416576.00    675        1512       2187       2325      10488      12813      12813       1.15       0.26     11113.91   8521.04     12813   
18551992.00    711        1538       2249       2289      10462      12751      12751       1.15       0.26     11062.00   8572.95     12751   
18687408.00    717        1612       2329       2283      10388      12671      12671       1.15       0.27     10989.07   8645.89     12671   
18822824.00    696        1477       2173       2304      10523      12827      12827       1.15       0.26     11120.84   8514.12     12827   
18958240.00    663        1423       2086       2337      10577      12914      12914       1.15       0.25     11191.36   8443.60     12914   
19093656.00    706        1480       2186       2294      10520      12814      12814       1.15       0.26     11137.64   8497.32     12814   
19229072.00    738        1658       2396       2262      10342      12604      12604       1.15       0.28     10934.65   8700.30     12604   
19364488.00    712        1581       2293       2288      10419      12707      12707       1.15       0.27     11064.05   8570.91     12707   
19499904.00    711        1589       2300       2289      10411      12700      12700       1.15       0.27     11031.36   8603.59     12700   
19635320.00    671        1452       2123       2329      10548      12877      12877       1.15       0.25     11189.83   8445.13     12877   
19770736.00    688        1401       2089       2312      10599      12911      12911       1.15       0.25     11204.99   8429.97     12911   
19906152.00    701        1463       2164       2299      10537      12836      12836       1.15       0.26     11196.90   8438.05     12836   
20041568.00    731        1602       2333       2269      10398      12667      12667       1.15       0.27     11028.08   8606.87     12667   
20176984.00    739        1662       2401       2261      10338      12599      12599       1.16       0.27     10899.63   8735.32     12599   
20312400.00    747        1642       2389       2253      10358      12611      12611       1.15       0.27     10935.42   8699.53     12611   
20447816.00    746        1653       2399       2254      10347      12601      12601       1.15       0.28     10918.02   8716.93     12601   
20583232.00    714        1609       2323       2286      10391      12677      12677       1.15       0.27     11001.56   8633.40     12677   
20718648.00    694        1529       2223       2306      10471      12777      12777       1.16       0.26     10993.29   8641.66     12777   
20854064.00    673        1329       2002       2327      10671      12998      12998       1.16       0.24     11163.95   8471.01     12998   
20989480.00    669        1369       2038       2331      10631      12962      12962       1.16       0.24     11161.87   8473.08     12962   
21124896.00    629        1303       1932       2371      10697      13068      13068       1.16       0.23     11272.72   8362.24     13068   
21260312.00    613        1220       1833       2387      10780      13167      13167       1.16       0.22     11328.88   8306.08     13167   
21395728.00    592        1207       1799       2408      10793      13201      13201       1.16       0.22     11352.68   8282.27     13201   
21531144.00    625        1273       1898       2375      10727      13102      13102       1.15       0.23     11345.68   8289.28     13102   
21666560.00    623        1324       1947       2377      10676      13053      13053       1.15       0.23     11341.93   8293.02     13053   
21801976.00    704        1578       2282       2296      10422      12718      12718       1.15       0.27     11065.14   8569.82     12718   
21937392.00    719        1573       2292       2281      10427      12708      12708       1.15       0.27     11043.36   8591.59     12708   
22072808.00    744        1712       2456       2256      10288      12544      12544       1.15       0.28     10889.98   8744.97     12544   
22208224.00    715        1577       2292       2285      10423      12708      12708       1.15       0.27     11020.78   8614.17     12708   
22343640.00    717        1527       2244       2283      10473      12756      12756       1.15       0.26     11072.49   8562.47     12756   
22479056.00    747        1604       2351       2253      10396      12649      12649       1.15       0.27     10973.20   8661.75     12649   
22614472.00    701        1558       2259       2299      10442      12741      12741       1.15       0.26     11039.19   8595.76     12741   
22749888.00    663        1478       2141       2337      10522      12859      12859       1.15       0.25     11145.54   8489.42     12859   
22885304.00    685        1534       2219       2315      10466      12781      12781       1.15       0.26     11151.90   8483.05     12781   
23020720.00    681        1600       2281       2319      10400      12719      12719       1.15       0.27     11038.73   8596.23     12719   
23156136.00    686        1508       2194       2314      10492      12806      12806       1.16       0.26     11085.98   8548.97     12806   
23291552.00    720        1610       2330       2280      10390      12670      12670       1.16       0.27     10913.89   8721.07     12670   
23426968.00    694        1565       2259       2306      10435      12741      12741       1.16       0.26     11023.18   8611.78     12741   
23562384.00    671        1499       2170       2329      10501      12830      12830       1.16       0.25     11046.30   8588.65     12830   
23697800.00    685        1459       2144       2315      10541      12856      12856       1.15       0.25     11189.27   8445.68     12856   
23833216.00    661        1377       2038       2339      10623      12962      12962       1.15       0.24     11310.93   8324.03     12962   
23968632.00    666        1436       2102       2334      10564      12898      12898       1.14       0.25     11297.22   8337.73     12898   
24104048.00    725        1544       2269       2275      10456      12731      12731       1.15       0.27     11105.06   8529.89     12731   
24239464.00    705        1406       2111       2295      10594      12889      12889       1.15       0.25     11228.85   8406.11     12889   
24374880.00    698        1373       2071       2302      10627      12929      12929       1.15       0.25     11271.68   8363.27     12929   
24510296.00    711        1466       2177       2289      10534      12823      12823       1.15       0.26     11150.93   8484.03     12823   
24645712.00    762        1692       2454       2238      10308      12546      12546       1.15       0.28     10956.27   8678.69     12546   
24781128.00    771        1788       2559       2229      10212      12441      12441       1.14       0.29     10885.39   8749.57     12441   
24916544.00    769        1749       2518       2231      10251      12482      12482       1.15       0.29     10819.95   8815.01     12482   
25051960.00    741        1613       2354       2259      10387      12646      12646       1.15       0.27     10955.56   8679.40     12646   
25187376.00    722        1521       2243       2278      10479      12757      12757       1.15       0.26     11046.71   8588.24     12757   
25322792.00    694        1439       2133       2306      10561      12867      12867       1.14       0.25     11262.35   8372.61     12867   
25458208.00    709        1497       2206       2291      10503      12794      12794       1.15       0.26     11170.91   8464.05     12794   
25593624.00    700        1520       2220       2300      10480      12780      12780       1.14       0.26     11164.06   8470.90     12780   
25729040.00    681        1525       2206       2319      10475      12794      12794       1.15       0.26     11103.62   8531.34     12794   
25864456.00    683        1486       2169       2317      10514      12831      12831       1.15       0.26     11199.66   8435.29     12831   
25999872.00    720        1555       2275       2280      10445      12725      12725       1.15       0.27     11067.42   8567.54     12725   
26135288.00    715        1509       2224       2285      10491      12776      12776       1.15       0.26     11115.35   8519.61     12776   
26270704.00    747        1700       2447       2253      10300      12553      12553       1.15       0.28     10904.92   8730.04     12553   
26406120.00    739        1647       2386       2261      10353      12614      12614       1.15       0.27     10955.69   8679.26     12614   
26541536.00    706        1515       2221       2294      10485      12779      12779       1.15       0.26     11097.77   8537.18     12779   
26676952.00    672        1510       2182       2328      10490      12818      12818       1.16       0.26     11089.92   8545.04     12818   
26812368.00    655        1416       2071       2345      10584      12929      12929       1.15       0.25     11202.40   8432.56     12929   
26947784.00    697        1565       2262       2303      10435      12738      12738       1.16       0.26     11001.26   8633.70     12738   
27083200.00    681        1475       2156       2319      10525      12844      12844       1.16       0.25     11077.59   8557.37     12844   
27218616.00    685        1443       2128       2315      10557      12872      12872       1.15       0.25     11174.83   8460.12     12872   
27354032.00    729        1629       2358       2271      10371      12642      12642       1.15       0.27     11020.17   8614.79     12642   
27489448.00    757        1802       2559       2243      10198      12441      12441       1.14       0.29     10873.34   8761.62     12441   
27624864.00    807        1842       2649       2193      10158      12351      12351       1.14       0.30     10795.06   8839.89     12351   
27760280.00    734        1671       2405       2266      10329      12595      12595       1.14       0.28     11021.24   8613.71     12595   
27895696.00    781        1738       2519       2219      10262      12481      12481       1.15       0.29     10880.54   8754.42     12481   
28031112.00    754        1602       2356       2246      10398      12644      12644       1.15       0.27     10962.91   8672.05     12644   
28166528.00    739        1623       2362       2261      10377      12638      12638       1.15       0.27     10982.51   8652.45     12638   
28301944.00    757        1667       2424       2243      10333      12576      12576       1.15       0.28     10968.42   8666.54     12576   
28437360.00    772        1667       2439       2228      10333      12561      12561       1.16       0.28     10854.67   8780.28     12561   
28572776.00    780        1686       2466       2220      10314      12534      12534       1.16       0.28     10812.40   8822.55     12534   
28708192.00    743        1559       2302       2257      10441      12698      12698       1.16       0.27     10964.86   8670.09     12698   
28843608.00    712        1463       2175       2288      10537      12825      12825       1.16       0.25     11064.54   8570.41     12825   
28979024.00    703        1433       2136       2297      10567      12864      12864       1.16       0.25     11077.39   8557.56     12864   
29114440.00    686        1425       2111       2314      10575      12889      12889       1.15       0.25     11198.12   8436.84     12889   
29249856.00    711        1537       2248       2289      10463      12752      12752       1.15       0.26     11069.31   8565.64     12752   
29385272.00    693        1439       2132       2307      10561      12868      12868       1.15       0.25     11204.04   8430.91     12868   
29520688.00    724        1525       2249       2276      10475      12751      12751       1.15       0.26     11121.36   8513.60     12751   
29656104.00    752        1593       2345       2248      10407      12655      12655       1.15       0.27     11045.19   8589.77     12655   
29791520.00    745        1587       2332       2255      10413      12668      12668       1.15       0.27     11026.85   8608.10     12668   
29926936.00    759        1651       2410       2241      10349      12590      12590       1.15       0.28     10906.35   8728.60     12590   
30062352.00    781        1704       2485       2219      10296      12515      12515       1.15       0.28     10849.39   8785.57     12515   
30197768.00    766        1699       2465       2234      10301      12535      12535       1.15       0.28     10879.72   8755.23     12535   
30333184.00    731        1661       2392       2269      10339      12608      12608       1.16       0.27     10911.52   8723.43     12608   
30468600.00    701        1588       2289       2299      10412      12711      12711       1.15       0.27     11013.57   8621.38     12711   
30604016.00    690        1545       2235       2310      10455      12765      12765       1.15       0.26     11088.03   8546.93     12765   
30739432.00    733        1624       2357       2267      10376      12643      12643       1.15       0.27     10998.19   8636.77     12643   
30874848.00    766        1682       2448       2234      10318      12552      12552       1.15       0.28     10954.82   8680.13     12552   
31010264.00    745        1653       2398       2255      10347      12602      12602       1.15       0.28     10920.93   8714.03     12602   
31145680.00    757        1689       2446       2243      10311      12554      12554       1.16       0.28     10776.98   8857.98     12554   
31281096.00    756        1594       2350       2244      10406      12650      12650       1.16       0.27     10876.12   8758.84     12650   
31416512.00    730        1555       2285       2270      10445      12715      12715       1.15       0.26     11010.54   8624.42     12715   
31551928.00    761        1646       2407       2239      10354      12593      12593       1.15       0.28     10946.89   8688.07     12593   
31687344.00    745        1651       2396       2255      10349      12604      12604       1.15       0.28     10993.89   8641.07     12604   
31822760.00    778        1699       2477       2222      10301      12523      12523       1.14       0.29     10958.88   8676.07     12523   
31958176.00    747        1574       2321       2253      10426      12679      12679       1.15       0.27     11068.13   8566.83     12679   
32093592.00    740        1564       2304       2260      10436      12696      12696       1.15       0.27     11076.66   8558.30     12696   
32229008.00    761        1603       2364       2239      10397      12636      12636       1.14       0.28     11048.19   8586.76     12636   
32364424.00    786        1773       2559       2214      10227      12441      12441       1.15       0.29     10851.57   8783.39     12441   
32499840.00    771        1738       2509       2229      10262      12491      12491       1.15       0.29     10889.98   8744.98     12491   
32635256.00    740        1605       2345       2260      10395      12655      12655       1.15       0.27     11034.90   8600.06     12655   
32770672.00    744        1714       2458       2256      10286      12542      12542       1.14       0.28     10971.43   8663.53     12542   
32906088.00    757        1726       2483       2243      10274      12517      12517       1.14       0.29     10975.84   8659.11     12517   
33041504.00    769        1716       2485       2231      10284      12515      12515       1.15       0.29     10929.70   8705.26     12515   
33176920.00    749        1618       2367       2251      10382      12633      12633       1.14       0.28     11052.03   8582.92     12633   
33312336.00    754        1600       2354       2246      10400      12646      12646       1.15       0.27     11001.89   8633.06     12646   
33447752.00    756        1564       2320       2244      10436      12680      12680       1.14       0.27     11130.01   8504.94     12680   
33583168.00    789        1698       2487       2211      10302      12513      12513       1.14       0.29     10971.81   8663.15     12513   
33718584.00    819        1846       2665       2181      10154      12335      12335       1.14       0.30     10848.83   8786.13     12335   
33854000.00    849        1918       2767       2151      10082      12233      12233       1.14       0.31     10716.18   8918.78     12233   
33989416.00    822        1850       2672       2178      10150      12328      12328       1.15       0.30     10674.34   8960.61     12328   
34124832.00    794        1783       2577       2206      10217      12423      12423       1.16       0.29     10708.59   8926.36     12423   
34260248.00    755        1612       2367       2245      10388      12633      12633       1.16       0.27     10918.68   8716.27     12633   
34395664.00    744        1559       2303       2256      10441      12697      12697       1.16       0.27     10967.16   8667.79     12697   
34531080.00    733        1452       2185       2267      10548      12815      12815       1.15       0.26     11127.51   8507.45     12815   
34666496.00    721        1507       2228       2279      10493      12772      12772       1.15       0.26     11137.78   8497.17     12772   
34801912.00    759        1597       2356       2241      10403      12644      12644       1.14       0.27     11060.41   8574.54     12644   
34937328.00    774        1720       2494       2226      10280      12506      12506       1.15       0.29     10914.08   8720.88     12506   
35072744.00    757        1735       2492       2243      10265      12508      12508       1.15       0.29     10891.79   8743.17     12508   
35208160.00    775        1776       2551       2225      10224      12449      12449       1.14       0.29     10896.42   8738.54     12449   
35343576.00    754        1700       2454       2246      10300      12546      12546       1.14       0.28     10970.50   8664.45     12546   
35478992.00    733        1704       2437       2267      10296      12563      12563       1.15       0.28     10962.35   8672.60     12563   
35614408.00    745        1660       2405       2255      10340      12595      12595       1.15       0.28     10985.19   8649.77     12595   
35749824.00    715        1612       2327       2285      10388      12673      12673       1.15       0.27     11057.23   8577.73     12673   
35885240.00    745        1744       2489       2255      10256      12511      12511       1.15       0.28     10889.58   8745.37     12511   
36020656.00    751        1669       2420       2249      10331      12580      12580       1.14       0.28     11007.30   8627.65     12580   
36156072.00    787        1911       2698       2213      10089      12302      12302       1.15       0.30     10675.79   8959.16     12302   
36291488.00    776        1908       2684       2224      10092      12316      12316       1.15       0.30     10674.05   8960.90     12316   
36426904.00    749        1776       2525       2251      10224      12475      12475       1.15       0.29     10803.64   8831.31     12475   
36562320.00    725        1638       2363       2275      10362      12637      12637       1.15       0.27     10960.42   8674.53     12637   
36697736.00    722        1617       2339       2278      10383      12661      12661       1.15       0.27     11009.07   8625.88     12661   
36833152.00    723        1595       2318       2277      10405      12682      12682       1.15       0.27     11044.93   8590.03     12682   
36968568.00    747        1637       2384       2253      10363      12616      12616       1.14       0.28     11022.71   8612.25     12616   
37103984.00    782        1780       2562       2218      10220      12438      12438       1.15       0.29     10851.63   8783.33     12438   
37239400.00    781        1719       2500       2219      10281      12500      12500       1.15       0.29     10900.78   8734.18     12500   
37374816.00    738        1600       2338       2262      10400      12662      12662       1.15       0.27     11031.72   8603.23     12662   
37510232.00    784        1704       2488       2216      10296      12512      12512       1.15       0.28     10895.60   8739.36     12512   
37645648.00    759        1695       2454       2241      10305      12546      12546       1.15       0.28     10907.83   8727.13     12546   
37781064.00    759        1664       2423       2241      10336      12577      12577       1.15       0.28     10949.17   8685.78     12577   
37916480.00    756        1659       2415       2244      10341      12585      12585       1.15       0.28     10955.61   8679.34     12585   
38051896.00    777        1728       2505       2223      10272      12495      12495       1.15       0.29     10852.11   8782.84     12495   
38187312.00    738        1619       2357       2262      10381      12643      12643       1.15       0.27     10960.69   8674.26     12643   
38322728.00    716        1537       2253       2284      10463      12747      12747       1.15       0.26     11085.69   8549.27     12747   
38458144.00    736        1576       2312       2264      10424      12688      12688       1.15       0.27     11017.94   8617.01     12688   
38593560.00    761        1637       2398       2239      10363      12602      12602       1.15       0.27     10912.94   8722.01     12602   
38728976.00    787        1681       2468       2213      10319      12532      12532       1.16       0.28     10845.38   8789.58     12532   
38864392.00    764        1649       2413       2236      10351      12587      12587       1.15       0.28     10932.87   8702.09     12587   
38999808.00    784        1704       2488       2216      10296      12512      12512       1.16       0.28     10803.18   8831.78     12512   
39135224.00    769        1652       2421       2231      10348      12579      12579       1.15       0.28     10913.16   8721.79     12579   
39270640.00    759        1683       2442       2241      10317      12558      12558       1.15       0.28     10876.06   8758.89     12558   
39406056.00    774        1632       2406       2226      10368      12594      12594       1.15       0.28     10929.34   8705.61     12594   
39541472.00    771        1640       2411       2229      10360      12589      12589       1.14       0.28     11023.83   8611.13     12589   
39676888.00    778        1671       2449       2222      10329      12551      12551       1.15       0.28     10890.05   8744.91     12551   
39812304.00    750        1686       2436       2250      10314      12564      12564       1.15       0.28     10892.62   8742.34     12564   
39947720.00    706        1507       2213       2294      10493      12787      12787       1.14       0.26     11197.36   8437.60     12787   
40083136.00    759        1739       2498       2241      10261      12502      12502       1.15       0.29     10877.43   8757.52     12502   
40218552.00    707        1620       2327       2293      10380      12673      12673       1.15       0.27     10989.44   8645.52     12673   
40353968.00    687        1506       2193       2313      10494      12807      12807       1.15       0.26     11154.46   8480.49     12807   
40489384.00    728        1611       2339       2272      10389      12661      12661       1.14       0.27     11110.22   8524.74     12661   
40624800.00    728        1552       2280       2272      10448      12720      12720       1.15       0.27     11097.19   8537.76     12720   
40760216.00    741        1545       2286       2259      10455      12714      12714       1.15       0.27     11048.32   8586.63     12714   
40895632.00    747        1569       2316       2253      10431      12684      12684       1.15       0.27     11029.41   8605.54     12684   
41031048.00    723        1552       2275       2277      10448      12725      12725       1.14       0.27     11122.06   8512.90     12725   
41166464.00    735        1624       2359       2265      10376      12641      12641       1.15       0.27     10991.47   8643.48     12641   
41301880.00    727        1612       2339       2273      10388      12661      12661       1.15       0.27     11007.11   8627.85     12661   
41437296.00    722        1654       2376       2278      10346      12624      12624       1.16       0.27     10882.67   8752.29     12624   
41572712.00    710        1507       2217       2290      10493      12783      12783       1.16       0.26     10982.50   8652.46     12783   
41708128.00    689        1375       2064       2311      10625      12936      12936       1.16       0.24     11146.08   8488.88     12936   
41843544.00    711        1389       2100       2289      10611      12900      12900       1.16       0.25     11160.07   8474.89     12900   
41978960.00    699        1368       2067       2301      10632      12933      12933       1.16       0.24     11117.07   8517.89     12933   
42114376.00    683        1342       2025       2317      10658      12975      12975       1.16       0.24     11149.79   8485.17     12975   
42249792.00    706        1370       2076       2294      10630      12924      12924       1.16       0.24     11105.56   8529.40     12924   
42385208.00    680        1427       2107       2320      10573      12893      12893       1.17       0.24     11030.96   8604.00     12893   
42520624.00    650        1423       2073       2350      10577      12927      12927       1.16       0.24     11134.19   8500.76     12927   
42656040.00    668        1506       2174       2332      10494      12826      12826       1.17       0.25     10999.53   8635.43     12826   
42791456.00    658        1523       2181       2342      10477      12819      12819       1.17       0.25     10954.36   8680.60     12819   
42926872.00    626        1490       2116       2374      10510      12884      12884       1.17       0.25     11007.38   8627.57     12884   
43062288.00    615        1389       2004       2385      10611      12996      12996       1.16       0.24     11177.11   8457.84     12996   
43197704.00    657        1475       2132       2343      10525      12868      12868       1.16       0.25     11078.35   8556.61     12868   
43333120.00    644        1473       2117       2356      10527      12883      12883       1.16       0.25     11112.43   8522.53     12883   
43468536.00    664        1482       2146       2336      10518      12854      12854       1.16       0.25     11104.27   8530.69     12854   
43603952.00    675        1414       2089       2325      10586      12911      12911       1.15       0.25     11206.46   8428.49     12911   
43739368.00    701        1549       2250       2299      10451      12750      12750       1.15       0.26     11048.78   8586.17     12750   
43874784.00    713        1576       2289       2287      10424      12711      12711       1.17       0.26     10890.05   8744.91     12711   
44010200.00    709        1513       2222       2291      10487      12778      12778       1.17       0.25     10875.00   8759.95     12778   
44145616.00    672        1476       2148       2328      10524      12852      12852       1.17       0.25     11022.79   8612.16     12852   
44281032.00    720        1604       2324       2280      10396      12676      12676       1.17       0.26     10857.41   8777.55     12676   
44416448.00    701        1483       2184       2299      10517      12816      12816       1.16       0.25     11017.77   8617.18     12816   
44551864.00    692        1513       2205       2308      10487      12795      12795       1.16       0.26     11042.31   8592.64     12795   
44687280.00    715        1544       2259       2285      10456      12741      12741       1.16       0.26     11015.91   8619.05     12741   
44822696.00    706        1502       2208       2294      10498      12792      12792       1.16       0.26     11004.15   8630.80     12792   
44958112.00    716        1472       2188       2284      10528      12812      12812       1.16       0.25     11009.95   8625.01     12812   
45093528.00    727        1545       2272       2273      10455      12728      12728       1.15       0.26     11043.14   8591.81     12728   
45228944.00    717        1559       2276       2283      10441      12724      12724       1.15       0.27     11097.11   8537.85     12724   
45364360.00    739        1545       2284       2261      10455      12716      12716       1.14       0.27     11119.32   8515.64     12716   
45499776.00    757        1752       2509       2243      10248      12491      12491       1.14       0.29     10925.18   8709.78     12491   
45635192.00    732        1641       2373       2268      10359      12627      12627       1.15       0.27     11004.26   8630.70     12627   
45770608.00    725        1550       2275       2275      10450      12725      12725       1.14       0.27     11143.06   8491.89     12725   
45906024.00    748        1612       2360       2252      10388      12640      12640       1.14       0.28     11075.30   8559.66     12640   
46041440.00    764        1608       2372       2236      10392      12628      12628       1.14       0.28     11040.81   8594.15     12628   
46176856.00    746        1578       2324       2254      10422      12676      12676       1.14       0.27     11093.11   8541.85     12676   
46312272.00    787        1717       2504       2213      10283      12496      12496       1.15       0.29     10888.24   8746.71     12496   
46447688.00    783        1673       2456       2217      10327      12544      12544       1.15       0.28     10922.12   8712.83     12544   
46583104.00    772        1681       2453       2228      10319      12547      12547       1.14       0.28     10979.05   8655.91     12547   
46718520.00    748        1617       2365       2252      10383      12635      12635       1.14       0.28     11093.79   8541.16     12635   
46853936.00    789        1618       2407       2211      10382      12593      12593       1.15       0.28     10982.86   8652.10     12593   
46989352.00    769        1598       2367       2231      10402      12633      12633       1.14       0.28     11037.48   8597.48     12633   
47124768.00    758        1660       2418       2242      10340      12582      12582       1.14       0.28     11012.00   8622.96     12582   
47260184.00    783        1774       2557       2217      10226      12443      12443       1.15       0.29     10842.74   8792.22     12443   
47395600.00    762        1739       2501       2238      10261      12499      12499       1.16       0.28     10763.39   8871.57     12499   
47531016.00    769        1739       2508       2231      10261      12492      12492       1.17       0.28     10714.10   8920.85     12492   
47666432.00    765        1741       2506       2235      10259      12494      12494       1.17       0.28     10717.30   8917.66     12494   
47801848.00    791        1712       2503       2209      10288      12497      12497       1.16       0.28     10731.58   8903.37     12497   
47937264.00    733        1580       2313       2267      10420      12687      12687       1.17       0.26     10860.97   8773.99     12687   
48072680.00    730        1492       2222       2270      10508      12778      12778       1.17       0.26     10921.94   8713.02     12778   
48208096.00    672        1330       2002       2328      10670      12998      12998       1.16       0.24     11161.14   8473.81     12998   
48343512.00    697        1391       2088       2303      10609      12912      12912       1.17       0.24     11066.43   8568.53     12912   
48478928.00    696        1344       2040       2304      10656      12960      12960       1.16       0.24     11130.30   8504.65     12960   
48614344.00    665        1294       1959       2335      10706      13041      13041       1.16       0.23     11264.43   8370.52     13041   
48749760.00    653        1422       2075       2347      10578      12925      12925       1.15       0.25     11216.39   8418.56     12925   
48885176.00    720        1642       2362       2280      10358      12638      12638       1.15       0.27     10956.59   8678.36     12638   
49020592.00    741        1728       2469       2259      10272      12531      12531       1.17       0.28     10737.38   8897.58     12531   
49156008.00    708        1586       2294       2292      10414      12706      12706       1.17       0.26     10888.11   8746.84     12706   
49291424.00    705        1523       2228       2295      10477      12772      12772       1.17       0.26     10943.60   8691.36     12772   
49426840.00    688        1384       2072       2312      10616      12928      12928       1.17       0.24     11076.08   8558.87     12928   
49562256.00    685        1385       2070       2315      10615      12930      12930       1.16       0.24     11160.72   8474.24     12930   
49697672.00    708        1438       2146       2292      10562      12854      12854       1.16       0.25     11078.57   8556.39     12854   
49833088.00    693        1357       2050       2307      10643      12950      12950       1.17       0.24     11115.46   8519.50     12950   
49968504.00    683        1292       1975       2317      10708      13025      13025       1.16       0.23     11213.78   8421.17     13025   
50103920.00    673        1244       1917       2327      10756      13083      13083       1.16       0.23     11304.04   8330.91     13083   
50239336.00    649        1251       1900       2351      10749      13100      13100       1.15       0.23     11357.44   8277.52     13100   
50374752.00    695        1334       2029       2305      10666      12971      12971       1.15       0.24     11244.34   8390.61     12971   
50510168.00    694        1327       2021       2306      10673      12979      12979       1.15       0.24     11247.21   8387.74     12979   
50645584.00    685        1305       1990       2315      10695      13010      13010       1.16       0.24     11252.05   8382.90     13010   
50781000.00    677        1277       1954       2323      10723      13046      13046       1.15       0.24     11384.82   8250.13     13046   
50916416.00    688        1391       2079       2312      10609      12921      12921       1.15       0.25     11247.00   8387.96     12921   
51051832.00    706        1402       2108       2294      10598      12892      12892       1.16       0.25     11161.47   8473.49     12892   
51187248.00    707        1458       2165       2293      10542      12835      12835       1.16       0.25     11085.89   8549.06     12835   
51322664.00    707        1397       2104       2293      10603      12896      12896       1.15       0.25     11179.84   8455.12     12896   
51458080.00    695        1371       2066       2305      10629      12934      12934       1.15       0.25     11255.66   8379.30     12934   
51593496.00    705        1365       2070       2295      10635      12930      12930       1.15       0.25     11288.34   8346.61     12930   
51728912.00    693        1348       2041       2307      10652      12959      12959       1.15       0.24     11295.38   8339.57     12959   
51864328.00    669        1297       1966       2331      10703      13034      13034       1.15       0.24     11322.27   8312.69     13034   
51999744.00    675        1379       2054       2325      10621      12946      12946       1.14       0.25     11368.96   8266.00     12946   
52135160.00    723        1409       2132       2277      10591      12868      12868       1.14       0.26     11336.13   8298.83     12868   
52270576.00    755        1557       2312       2245      10443      12688      12688       1.13       0.27     11197.08   8437.88     12688   
52405992.00    761        1557       2318       2239      10443      12682      12682       1.14       0.27     11116.93   8518.02     12682   
52541408.00    752        1517       2269       2248      10483      12731      12731       1.14       0.27     11146.39   8488.56     12731   
52676824.00    737        1459       2196       2263      10541      12804      12804       1.14       0.26     11241.96   8392.99     12804   
52812240.00    757        1504       2261       2243      10496      12739      12739       1.15       0.27     11119.63   8515.32     12739   
52947656.00    744        1525       2269       2256      10475      12731      12731       1.15       0.27     11077.19   8557.76     12731   
53083072.00    716        1517       2233       2284      10483      12767      12767       1.14       0.26     11197.97   8436.99     12767   
53218488.00    756        1537       2293       2244      10463      12707      12707       1.14       0.27     11139.28   8495.68     12707   
53353904.00    784        1610       2394       2216      10390      12606      12606       1.14       0.28     11059.83   8575.12     12606   
53489320.00    788        1609       2397       2212      10391      12603      12603       1.14       0.28     11066.56   8568.40     12603   
53624736.00    763        1588       2351       2237      10412      12649      12649       1.14       0.28     11134.21   8500.75     12649   
53760152.00    798        1665       2463       2202      10335      12537      12537       1.13       0.29     11059.54   8575.42     12537   
53895568.00    834        1787       2621       2166      10213      12379      12379       1.15       0.30     10777.16   8857.79     12379   
54030984.00    790        1563       2353       2210      10437      12647      12647       1.14       0.27     11061.71   8573.24     12647   
54166400.00    774        1480       2254       2226      10520      12746      12746       1.14       0.27     11148.20   8486.75     12746   
