 Timestep    Gas_A      Gas_B     Gas_tot    Dense_A    Dense_B   Dense_tot   Lg_clust  DP_density GP_density Clust_area  Gas_area     MCS    
   0.00       1500      13500      15000        0          0          0          9         0.00       0.76       0.00     19634.96      0     
 41666.00     1500      13500      15000        0          0          0         172        0.00       0.76       0.00     19634.96      0     
 83332.00     1500      13500      15000        0          0          0         249        0.00       0.76       0.00     19634.96      0     
124998.00     1500      13500      15000        0          0          0         272        0.00       0.76       0.00     19634.96      0     
166664.00     1500      13500      15000        0          0          0         294        0.00       0.76       0.00     19634.96      0     
208330.00     1500      13500      15000        0          0          0         342        0.00       0.76       0.00     19634.96      0     
249996.00     1500      13500      15000        0          0          0         433        0.00       0.76       0.00     19634.96      0     
291662.00     1500      13500      15000        0          0          0         387        0.00       0.76       0.00     19634.96      0     
333328.00     1500      13500      15000        0          0          0         542        0.00       0.76       0.00     19634.96      0     
374994.00     1500      13500      15000        0          0          0         513        0.00       0.76       0.00     19634.96      0     
416660.00     1500      13500      15000        0          0          0         720        0.00       0.76       0.00     19634.96      0     
458326.00     1500      13500      15000        0          0          0         868        0.00       0.76       0.00     19634.96      0     
499992.00     1402      12529      13931        98        971        1069       1069       0.99       0.75     1081.18    18553.78     1069   
541658.00     1341      11930      13271       159        1570       1729       1729       0.97       0.74     1778.24    17856.71     1729   
583324.00     1407      12503      13910        93        997        1090       1090       0.97       0.75     1125.99    18508.96     1090   
624990.00     1500      13500      15000        0          0          0         809        0.00       0.76       0.00     19634.96      0     
666656.00     1393      12405      13798       107        1095       1202       1202       0.96       0.75     1257.01    18377.95     1202   
708322.00     1500      13500      15000        0          0          0         758        0.00       0.76       0.00     19634.96      0     
749988.00     1500      13500      15000        0          0          0         891        0.00       0.76       0.00     19634.96      0     
791654.00     1500      13500      15000        0          0          0         919        0.00       0.76       0.00     19634.96      0     
833320.00     1500      13500      15000        0          0          0         928        0.00       0.76       0.00     19634.96      0     
874986.00     1500      13500      15000        0          0          0         932        0.00       0.76       0.00     19634.96      0     
916652.00     1397      12309      13706       103        1191       1294       1294       0.98       0.75     1317.87    18317.08     1294   
958318.00     1349      11845      13194       151        1655       1806       1806       0.98       0.74     1836.55    17798.41     1806   
999984.00     1407      12383      13790        93        1117       1210       1210       0.98       0.75     1230.67    18404.29     1210   
1041650.00    1411      12323      13734        89        1177       1266       1266       0.99       0.75     1284.22    18350.74     1266   
1083316.00    1392      12387      13779       108        1113       1221       1221       0.95       0.75     1278.99    18355.97     1221   
1124982.00    1500      13500      15000        0          0          0         497        0.00       0.76       0.00     19634.96      0     
1166648.00    1500      13500      15000        0          0          0         543        0.00       0.76       0.00     19634.96      0     
1208314.00    1500      13500      15000        0          0          0         785        0.00       0.76       0.00     19634.96      0     
1249980.00    1500      13500      15000        0          0          0         919        0.00       0.76       0.00     19634.96      0     
1291646.00    1406      12321      13727        94        1179       1273       1273       0.98       0.75     1303.22    18331.73     1273   
1333312.00    1500      13500      15000        0          0          0         766        0.00       0.76       0.00     19634.96      0     
1374978.00    1500      13500      15000        0          0          0         705        0.00       0.76       0.00     19634.96      0     
1416644.00    1500      13500      15000        0          0          0         854        0.00       0.76       0.00     19634.96      0     
1458310.00    1500      13500      15000        0          0          0         796        0.00       0.76       0.00     19634.96      0     
1499976.00    1500      13500      15000        0          0          0         675        0.00       0.76       0.00     19634.96      0     
1541642.00    1500      13500      15000        0          0          0         667        0.00       0.76       0.00     19634.96      0     
1583308.00    1500      13500      15000        0          0          0         627        0.00       0.76       0.00     19634.96      0     
1624974.00    1405      12568      13973        95        932        1027       1027       0.97       0.75     1062.55    18572.41     1027   
1666640.00    1407      12584      13991        93        916        1009       1009       0.99       0.75     1023.81    18611.14     1009   
1708306.00    1379      12256      13635       121        1244       1365       1365       0.99       0.75     1384.23    18250.73     1365   
1749972.00    1394      12516      13910       106        984        1090       1090       0.99       0.75     1095.51    18539.45     1090   
1791638.00    1377      12308      13685       123        1192       1315       1315       0.99       0.75     1322.97    18311.99     1315   
1833304.00    1396      12531      13927       104        969        1073       1073       1.00       0.75     1070.61    18564.35     1073   
1874970.00    1404      12562      13966        96        938        1034       1034       1.00       0.75     1037.41    18597.54     1034   
1916636.00    1500      13500      15000        0          0          0         913        0.00       0.76       0.00     19634.96      0     
1958302.00    1388      12376      13764       112        1124       1236       1236       1.03       0.75     1199.51    18435.45     1236   
1999968.00    1367      12157      13524       133        1343       1476       1476       1.01       0.74     1454.48    18180.48     1476   
2041634.00    1321      11648      12969       179        1852       2031       2031       1.00       0.74     2041.05    17593.91     2031   
2083300.00    1225      10540      11765       275        2960       3235       1944       0.98       0.72     3297.30    16337.66     1617   
2124966.00    1359      12067      13426       141        1433       1574       1574       1.02       0.74     1548.58    18086.38     1574   
2166632.00    1268      11109      12377       232        2391       2623       1612       1.00       0.73     2634.73    17000.22     1311   
2208298.00    1296      11261      12557       204        2239       2443       1327       0.98       0.73     2480.40    17154.55     1221   
2249964.00    1321      11615      12936       179        1885       2064       1055       0.99       0.74     2093.33    17541.62     1032   
2291630.00    1308      11486      12794       192        2014       2206       2206       0.98       0.74     2241.56    17393.39     2206   
2333296.00    1393      12515      13908       107        985        1092       1092       0.97       0.75     1124.16    18510.80     1092   
2374962.00    1396      12458      13854       104        1042       1146       1146       0.97       0.75     1184.36    18450.59     1146   
2416628.00    1340      11753      13093       160        1747       1907       1907       0.98       0.74     1944.65    17690.31     1907   
2458294.00    1329      11609      12938       171        1891       2062       2062       0.98       0.74     2095.29    17539.67     2062   
2499960.00    1276      11262      12538       224        2238       2462       2462       1.00       0.73     2468.54    17166.42     2462   
2541626.00    1298      11524      12822       202        1976       2178       2178       0.99       0.74     2200.22    17434.73     2178   
2583292.00    1301      11488      12789       199        2012       2211       2211       1.00       0.73     2220.72    17414.23     2211   
2624958.00    1274      11133      12407       226        2367       2593       2593       0.98       0.73     2641.28    16993.67     2593   
2666624.00    1383      12272      13655       117        1228       1345       1345       0.99       0.75     1352.93    18282.03     1345   
2708290.00    1307      11420      12727       193        2080       2273       2273       0.99       0.73     2292.57    17342.39     2273   
2749956.00    1396      12328      13724       104        1172       1276       1276       1.01       0.75     1262.07    18372.88     1276   
2791622.00    1291      11345      12636       209        2155       2364       1345       0.99       0.73     2391.80    17243.15     1182   
2833288.00    1374      12168      13542       126        1332       1458       1458       1.00       0.75     1458.12    18176.84     1458   
2874954.00    1394      12297      13691       106        1203       1309       1309       1.03       0.75     1276.24    18358.71     1309   
2916620.00    1386      12156      13542       114        1344       1458       1458       1.00       0.74     1456.68    18178.27     1458   
2958286.00    1391      12265      13656       109        1235       1344       1344       1.02       0.75     1319.19    18315.77     1344   
2999952.00    1386      12255      13641       114        1245       1359       1359       1.02       0.75     1329.61    18305.35     1359   
3041618.00    1298      11299      12597       202        2201       2403       1322       1.01       0.73     2389.32    17245.64     1201   
3083284.00    1396      12425      13821       104        1075       1179       1179       1.03       0.75     1148.11    18486.84     1179   
3124950.00    1398      12455      13853       102        1045       1147       1147       1.00       0.75     1147.88    18487.07     1147   
3166616.00    1401      12396      13797        99        1104       1203       1203       0.99       0.75     1218.80    18416.15     1203   
3208282.00    1500      13500      15000        0          0          0         988        0.00       0.76       0.00     19634.96      0     
3249948.00    1500      13500      15000        0          0          0         672        0.00       0.76       0.00     19634.96      0     
3291614.00    1500      13500      15000        0          0          0         980        0.00       0.76       0.00     19634.96      0     
3333280.00    1500      13500      15000        0          0          0         747        0.00       0.76       0.00     19634.96      0     
3374946.00    1417      12522      13939        83        978        1061       1061       1.01       0.75     1051.01    18583.94     1061   
3416612.00    1385      12101      13486       115        1399       1514       1514       0.98       0.75     1542.44    18092.51     1514   
3458278.00    1500      13500      15000        0          0          0         995        0.00       0.76       0.00     19634.96      0     
3499944.00    1360      12022      13382       140        1478       1618       1618       0.99       0.74     1639.11    17995.84     1618   
3541610.00    1400      12195      13595       100        1305       1405       1405       0.99       0.75     1424.38    18210.57     1405   
3583276.00    1404      12513      13917        96        987        1083       1083       0.98       0.75     1104.17    18530.79     1083   
3624942.00    1365      12120      13485       135        1380       1515       1515       0.99       0.74     1529.78    18105.17     1515   
3666608.00    1500      13500      15000        0          0          0         922        0.00       0.76       0.00     19634.96      0     
3708274.00    1248      10810      12058       252        2690       2942       1823       0.99       0.72     2975.99    16658.97     1471   
3749940.00    1398      12368      13766       102        1132       1234       1234       1.00       0.75     1239.42    18395.53     1234   
3791606.00    1412      12498      13910        88        1002       1090       1090       1.01       0.75     1079.42    18555.53     1090   
3833272.00    1301      11284      12585       199        2216       2415       1390       0.98       0.73     2453.81    17181.14     1207   
3874938.00    1320      11521      12841       180        1979       2159       1130       0.98       0.74     2196.15    17438.81     1079   
3916604.00    1500      13500      15000        0          0          0         963        0.00       0.76       0.00     19634.96      0     
3958270.00    1346      11989      13335       154        1511       1665       1665       0.97       0.74     1722.31    17912.65     1665   
3999936.00    1395      12440      13835       105        1060       1165       1165       0.97       0.75     1195.03    18439.92     1165   
4041602.00    1391      12520      13911       109        980        1089       1089       0.97       0.75     1123.41    18511.54     1089   
4083268.00    1500      13500      15000        0          0          0         828        0.00       0.76       0.00     19634.96      0     
4124934.00    1406      12512      13918        94        988        1082       1082       1.00       0.75     1077.14    18557.81     1082   
4166600.00    1500      13500      15000        0          0          0         735        0.00       0.76       0.00     19634.96      0     
4208266.00    1500      13500      15000        0          0          0         979        0.00       0.76       0.00     19634.96      0     
4249932.00    1260      11327      12587       240        2173       2413       1368       0.97       0.73     2495.19    17139.77     1206   
4291598.00    1335      11787      13122       165        1713       1878       1878       0.97       0.74     1931.48    17703.47     1878   
4333264.00    1297      11299      12596       203        2201       2404       1350       0.99       0.73     2433.76    17201.19     1202   
4374930.00    1274      11053      12327       226        2447       2673       1424       0.98       0.73     2728.61    16906.34     1336   
4416596.00    1257      10514      11771       243        2986       3229       1983       0.97       0.72     3316.64    16318.32     1614   
4458262.00    1500      13500      15000        0          0          0         993        0.00       0.76       0.00     19634.96      0     
4499928.00    1295      11166      12461       205        2334       2539       1517       0.97       0.73     2610.48    17024.48     1269   
4541594.00    1500      13500      15000        0          0          0         960        0.00       0.76       0.00     19634.96      0     
4583260.00    1306      11308      12614       194        2192       2386       1200       0.99       0.73     2422.02    17212.94     1193   
4624926.00    1282      11056      12338       218        2444       2662       1383       0.98       0.73     2724.26    16910.69     1331   
4666592.00    1374      12055      13429       126        1445       1571       1571       0.98       0.74     1598.76    18036.19     1571   
4708258.00    1421      12572      13993        79        928        1007       1007       0.99       0.75     1012.43    18622.53     1007   
4749924.00    1264      11052      12316       236        2448       2684       1414       0.98       0.73     2727.29    16907.67     1342   
4791590.00    1314      11255      12569       186        2245       2431       1219       0.98       0.73     2469.15    17165.81     1215   
4833256.00    1263      10776      12039       237        2724       2961       1609       0.97       0.73     3054.08    16580.88     1480   
4874922.00    1282      11131      12413       218        2369       2587       2587       0.99       0.73     2618.46    17016.50     2587   
4916588.00    1326      11593      12919       174        1907       2081       2081       1.01       0.74     2068.00    17566.95     2081   
4958254.00    1309      11443      12752       191        2057       2248       2248       0.99       0.73     2268.38    17366.57     2248   
4999920.00    1289      11389      12678       211        2111       2322       2322       1.00       0.73     2315.66    17319.30     2322   
5041586.00    1296      11301      12597       204        2199       2403       2403       1.01       0.73     2386.04    17248.91     2403   
5083252.00    1310      11511      12821       190        1989       2179       2179       0.99       0.74     2201.39    17433.57     2179   
5124918.00    1321      11585      12906       179        1915       2094       2094       0.99       0.74     2109.35    17525.60     2094   
5166584.00    1272      11226      12498       228        2274       2502       2502       0.98       0.73     2565.70    17069.25     2502   
5208250.00    1286      11219      12505       214        2281       2495       2495       0.98       0.73     2541.78    17093.17     2495   
5249916.00    1291      11425      12716       209        2075       2284       2284       0.98       0.73     2327.58    17307.38     2284   
5291582.00    1416      12566      13982        84        934        1018       1018       0.98       0.75     1038.53    18596.43     1018   
5333248.00    1500      13500      15000        0          0          0         966        0.00       0.76       0.00     19634.96      0     
5374914.00    1405      12415      13820        95        1085       1180       1180       0.97       0.75     1215.01    18419.95     1180   
5416580.00    1500      13500      15000        0          0          0         803        0.00       0.76       0.00     19634.96      0     
5458246.00    1500      13500      15000        0          0          0         974        0.00       0.76       0.00     19634.96      0     
5499912.00    1500      13500      15000        0          0          0         801        0.00       0.76       0.00     19634.96      0     
5541578.00    1500      13500      15000        0          0          0         845        0.00       0.76       0.00     19634.96      0     
5583244.00    1381      12276      13657       119        1224       1343       1343       0.97       0.75     1377.97    18256.99     1343   
5624910.00    1307      11442      12749       193        2058       2251       1246       0.97       0.74     2324.01    17310.94     1125   
5666576.00    1233      10723      11956       267        2777       3044       1683       0.97       0.73     3154.21    16480.74     1522   
5708242.00    1384      12264      13648       116        1236       1352       1352       0.97       0.75     1389.41    18245.55     1352   
5749908.00    1405      12418      13823        95        1082       1177       1177       0.96       0.75     1222.02    18412.94     1177   
5791574.00    1500      13500      15000        0          0          0         936        0.00       0.76       0.00     19634.96      0     
5833240.00    1500      13500      15000        0          0          0         773        0.00       0.76       0.00     19634.96      0     
5874906.00    1500      13500      15000        0          0          0         847        0.00       0.76       0.00     19634.96      0     
5916572.00    1500      13500      15000        0          0          0         932        0.00       0.76       0.00     19634.96      0     
5958238.00    1409      12422      13831        91        1078       1169       1169       0.97       0.75     1201.56    18433.39     1169   
5999904.00    1500      13500      15000        0          0          0         997        0.00       0.76       0.00     19634.96      0     
6041570.00    1500      13500      15000        0          0          0         917        0.00       0.76       0.00     19634.96      0     
6083236.00    1500      13500      15000        0          0          0         783        0.00       0.76       0.00     19634.96      0     
6124902.00    1500      13500      15000        0          0          0         892        0.00       0.76       0.00     19634.96      0     
6166568.00    1389      12530      13919       111        970        1081       1081       0.98       0.75     1098.81    18536.15     1081   
6208234.00    1344      11987      13331       156        1513       1669       1669       0.96       0.74     1738.93    17896.02     1669   
6249900.00    1389      12470      13859       111        1030       1141       1141       0.98       0.75     1166.89    18468.06     1141   
6291566.00    1500      13500      15000        0          0          0         734        0.00       0.76       0.00     19634.96      0     
6333232.00    1500      13500      15000        0          0          0         928        0.00       0.76       0.00     19634.96      0     
6374898.00    1392      12433      13825       108        1067       1175       1175       0.98       0.75     1200.88    18434.08     1175   
6416564.00    1399      12400      13799       101        1100       1201       1201       0.98       0.75     1224.45    18410.51     1201   
6458230.00    1365      12260      13625       135        1240       1375       1375       0.98       0.75     1400.09    18234.87     1375   
6499896.00    1398      12345      13743       102        1155       1257       1257       0.96       0.75     1310.20    18324.75     1257   
6541562.00    1500      13500      15000        0          0          0         808        0.00       0.76       0.00     19634.96      0     
6583228.00    1366      12161      13527       134        1339       1473       1473       1.00       0.74     1473.28    18161.68     1473   
6624894.00    1416      12556      13972        84        944        1028       1028       0.98       0.75     1050.52    18584.43     1028   
6666560.00    1374      12129      13503       126        1371       1497       1497       0.99       0.75     1517.39    18117.56     1497   
6708226.00    1364      12137      13501       136        1363       1499       1499       0.97       0.75     1543.10    18091.85     1499   
6749892.00    1408      12483      13891        92        1017       1109       1109       1.00       0.75     1110.12    18524.83     1109   
6791558.00    1401      12361      13762        99        1139       1238       1238       0.99       0.75     1252.90    18382.06     1238   
6833224.00    1367      11925      13292       133        1575       1708       1708       0.99       0.74     1719.72    17915.24     1708   
6874890.00    1393      12368      13761       107        1132       1239       1239       0.99       0.75     1250.02    18384.94     1239   
6916556.00    1404      12415      13819        96        1085       1181       1181       0.98       0.75     1199.82    18435.14     1181   
6958222.00    1405      12273      13678        95        1227       1322       1322       0.97       0.75     1356.48    18278.48     1322   
6999888.00    1500      13500      15000        0          0          0         884        0.00       0.76       0.00     19634.96      0     
7041554.00    1500      13500      15000        0          0          0         610        0.00       0.76       0.00     19634.96      0     
7083220.00    1500      13500      15000        0          0          0         824        0.00       0.76       0.00     19634.96      0     
7124886.00    1500      13500      15000        0          0          0         801        0.00       0.76       0.00     19634.96      0     
7166552.00    1384      12236      13620       116        1264       1380       1380       0.96       0.75     1431.15    18203.81     1380   
7208218.00    1500      13500      15000        0          0          0         978        0.00       0.76       0.00     19634.96      0     
7249884.00    1500      13500      15000        0          0          0         480        0.00       0.76       0.00     19634.96      0     
7291550.00    1500      13500      15000        0          0          0         720        0.00       0.76       0.00     19634.96      0     
7333216.00    1500      13500      15000        0          0          0         703        0.00       0.76       0.00     19634.96      0     
7374882.00    1500      13500      15000        0          0          0         651        0.00       0.76       0.00     19634.96      0     
7416548.00    1500      13500      15000        0          0          0         982        0.00       0.76       0.00     19634.96      0     
7458214.00    1500      13500      15000        0          0          0         845        0.00       0.76       0.00     19634.96      0     
7499880.00    1409      12546      13955        91        954        1045       1045       0.99       0.75     1055.38    18579.57     1045   
7541546.00    1399      12594      13993       101        906        1007       1007       0.97       0.75     1035.46    18599.49     1007   
7583212.00    1418      12468      13886        82        1032       1114       1114       0.99       0.75     1124.66    18510.29     1114   
7624878.00    1403      12401      13804        97        1099       1196       1196       1.00       0.75     1199.65    18435.30     1196   
7666544.00    1254      10785      12039       246        2715       2961       2961       0.96       0.73     3079.22    16555.74     2961   
7708210.00    1326      11365      12691       174        2135       2309       2309       0.97       0.74     2385.07    17249.89     2309   
7749876.00    1394      12437      13831       106        1063       1169       1169       0.98       0.75     1193.46    18441.49     1169   
7791542.00    1386      12350      13736       114        1150       1264       1264       0.93       0.75     1357.20    18277.75     1264   
7833208.00    1383      12209      13592       117        1291       1408       1408       1.00       0.75     1414.67    18220.28     1408   
7874874.00    1392      12177      13569       108        1323       1431       1431       0.99       0.75     1440.06    18194.90     1431   
7916540.00    1311      11473      12784       189        2027       2216       2216       0.98       0.74     2250.08    17384.88     2216   
7958206.00    1373      12144      13517       127        1356       1483       1483       1.01       0.74     1475.20    18159.75     1483   
7999872.00    1311      11445      12756       189        2055       2244       2244       0.99       0.73     2256.87    17378.08     2244   
8041538.00    1275      11276      12551       225        2224       2449       2449       0.99       0.73     2474.50    17160.45     2449   
8083204.00    1346      11740      13086       154        1760       1914       1914       0.99       0.74     1941.10    17693.86     1914   
8124870.00    1361      12014      13375       139        1486       1625       1625       0.99       0.74     1639.81    17995.14     1625   
8166536.00    1214      10370      11584       286        3130       3416       2357       0.98       0.72     3473.80    16161.15     1708   
8208202.00    1380      12184      13564       120        1316       1436       1436       1.00       0.75     1432.29    18202.67     1436   
8249868.00    1323      11441      12764       177        2059       2236       2236       0.99       0.74     2269.08    17365.87     2236   
8291534.00    1351      11899      13250       149        1601       1750       1750       1.01       0.74     1735.05    17899.91     1750   
8333200.00    1326      11576      12902       174        1924       2098       2098       0.99       0.74     2110.55    17524.40     2098   
8374866.00    1176       9928      11104       324        3572       3896       2638       0.99       0.71     3950.92    15684.03     1948   
8416532.00    1294      11234      12528       206        2266       2472       2472       0.98       0.73     2510.88    17124.07     2472   
8458198.00    1500      13500      15000        0          0          0         913        0.00       0.76       0.00     19634.96      0     
8499864.00    1414      12503      13917        86        997        1083       1083       1.00       0.75     1082.08    18552.87     1083   
8541530.00    1361      11799      13160       139        1701       1840       1840       1.00       0.74     1839.16    17795.79     1840   
8583196.00    1500      13500      15000        0          0          0         929        0.00       0.76       0.00     19634.96      0     
8624862.00    1380      12003      13383       120        1497       1617       1617       1.00       0.74     1619.76    18015.19     1617   
8666528.00    1379      12045      13424       121        1455       1576       1576       1.00       0.74     1581.86    18053.09     1576   
8708194.00    1351      11593      12944       149        1907       2056       2056       1.00       0.74     2057.52    17577.43     2056   
8749860.00    1398      12284      13682       102        1216       1318       1318       1.00       0.75     1321.65    18313.30     1318   
8791526.00    1370      11699      13069       130        1801       1931       1931       1.01       0.74     1918.44    17716.51     1931   
8833192.00    1286      10815      12101       214        2685       2899       1791       0.98       0.73     2951.16    16683.79     1449   
8874858.00    1500      13500      15000        0          0          0         998        0.00       0.76       0.00     19634.96      0     
8916524.00    1394      11939      13333       106        1561       1667       1667       0.95       0.75     1751.83    17883.13     1667   
8958190.00    1387      11944      13331       113        1556       1669       1669       0.96       0.75     1742.81    17892.15     1669   
8999856.00    1424      12291      13715        76        1209       1285       1285       0.98       0.75     1313.04    18321.92     1285   
9041522.00    1398      12027      13425       102        1473       1575       1575       0.98       0.74     1600.61    18034.35     1575   
9083188.00    1381      11769      13150       119        1731       1850       1850       0.98       0.74     1881.82    17753.14     1850   
9124854.00    1417      12513      13930        83        987        1070       1070       0.98       0.75     1086.74    18548.22     1070   
9166520.00    1500      13500      15000        0          0          0         854        0.00       0.76       0.00     19634.96      0     
9208186.00    1500      13500      15000        0          0          0         646        0.00       0.76       0.00     19634.96      0     
9249852.00    1500      13500      15000        0          0          0         562        0.00       0.76       0.00     19634.96      0     
9291518.00    1500      13500      15000        0          0          0         656        0.00       0.76       0.00     19634.96      0     
9333184.00    1364      11907      13271       136        1593       1729       1729       0.97       0.74     1781.76    17853.19     1729   
9374850.00    1500      13500      15000        0          0          0         797        0.00       0.76       0.00     19634.96      0     
9416516.00    1500      13500      15000        0          0          0         958        0.00       0.76       0.00     19634.96      0     
9458182.00    1500      13500      15000        0          0          0         729        0.00       0.76       0.00     19634.96      0     
9499848.00    1500      13500      15000        0          0          0         958        0.00       0.76       0.00     19634.96      0     
9541514.00    1443      12535      13978        57        965        1022       1022       0.98       0.75     1040.82    18594.13     1022   
9583180.00    1500      13500      15000        0          0          0         805        0.00       0.76       0.00     19634.96      0     
9624846.00    1398      12260      13658       102        1240       1342       1342       0.99       0.75     1352.24    18282.72     1342   
9666512.00    1408      12586      13994        92        914        1006       1006       0.99       0.75     1020.03    18614.92     1006   
9708178.00    1500      13500      15000        0          0          0         699        0.00       0.76       0.00     19634.96      0     
9749844.00    1500      13500      15000        0          0          0         615        0.00       0.76       0.00     19634.96      0     
9791510.00    1500      13500      15000        0          0          0         566        0.00       0.76       0.00     19634.96      0     
9833176.00    1500      13500      15000        0          0          0         735        0.00       0.76       0.00     19634.96      0     
9874842.00    1408      12491      13899        92        1009       1101       1101       1.00       0.75     1098.84    18536.11     1101   
9916508.00    1378      12262      13640       122        1238       1360       1360       0.99       0.75     1378.49    18256.47     1360   
9958174.00    1419      12555      13974        81        945        1026       1026       1.02       0.75     1002.24    18632.71     1026   
9999840.00    1359      11587      12946       141        1913       2054       1039       1.00       0.74     2052.56    17582.39     1027   
10041506.00    1289      11118      12407       211        2382       2593       1509       1.00       0.73     2590.40    17044.55     1296   
10083172.00    1405      12413      13818        95        1087       1182       1182       0.99       0.75     1196.41    18438.54     1182   
10124838.00    1500      13500      15000        0          0          0         726        0.00       0.76       0.00     19634.96      0     
10166504.00    1500      13500      15000        0          0          0         807        0.00       0.76       0.00     19634.96      0     
10208170.00    1500      13500      15000        0          0          0         864        0.00       0.76       0.00     19634.96      0     
10249836.00    1500      13500      15000        0          0          0         785        0.00       0.76       0.00     19634.96      0     
10291502.00    1500      13500      15000        0          0          0         582        0.00       0.76       0.00     19634.96      0     
10333168.00    1413      12578      13991        87        922        1009       1009       0.97       0.75     1041.75    18593.21     1009   
10374834.00    1500      13500      15000        0          0          0         576        0.00       0.76       0.00     19634.96      0     
10416500.00    1381      12128      13509       119        1372       1491       1491       0.97       0.75     1541.32    18093.63     1491   
10458166.00    1500      13500      15000        0          0          0         797        0.00       0.76       0.00     19634.96      0     
10499832.00    1411      12569      13980        89        931        1020       1020       0.97       0.75     1048.07    18586.88     1020   
10541498.00    1397      12440      13837       103        1060       1163       1163       0.98       0.75     1191.98    18442.97     1163   
10583164.00    1399      12349      13748       101        1151       1252       1252       0.98       0.75     1275.76    18359.19     1252   
10624830.00    1373      12353      13726       127        1147       1274       1274       0.99       0.75     1289.38    18345.57     1274   
10666496.00    1500      13500      15000        0          0          0         811        0.00       0.76       0.00     19634.96      0     
10708162.00    1410      12436      13846        90        1064       1154       1154       0.97       0.75     1190.90    18444.05     1154   
10749828.00    1374      12329      13703       126        1171       1297       1297       0.98       0.75     1318.92    18316.03     1297   
10791494.00    1402      12375      13777        98        1125       1223       1223       0.99       0.75     1239.13    18395.83     1223   
10833160.00    1291      11221      12512       209        2279       2488       1312       1.00       0.73     2484.84    17150.11     1244   
10874826.00    1419      12465      13884        81        1035       1116       1116       1.00       0.75     1121.51    18513.45     1116   
10916492.00    1198      10248      11446       302        3252       3554       1291       0.98       0.72     3633.71    16001.25     1184   
10958158.00    1277      11081      12358       223        2419       2642       1452       1.00       0.73     2636.85    16998.11     1321   
10999824.00    1390      12394      13784       110        1106       1216       1216       1.01       0.75     1203.06    18431.90     1216   
11041490.00    1500      13500      15000        0          0          0         914        0.00       0.76       0.00     19634.96      0     
11083156.00    1311      11352      12663       189        2148       2337       1184       0.99       0.73     2356.73    17278.23     1168   
11124822.00    1329      11516      12845       171        1984       2155       1082       1.00       0.73     2157.08    17477.87     1077   
11166488.00    1396      12322      13718       104        1178       1282       1282       0.99       0.75     1291.59    18343.36     1282   
11208154.00    1400      12315      13715       100        1185       1285       1285       1.02       0.75     1265.00    18369.96     1285   
11249820.00    1408      12430      13838        92        1070       1162       1162       1.01       0.75     1153.86    18481.10     1162   
11291486.00    1399      12423      13822       101        1077       1178       1178       1.01       0.75     1166.24    18468.72     1178   
11333152.00    1407      12591      13998        93        909        1002       1002       1.01       0.75      995.88    18639.08     1002   
11374818.00    1500      13500      15000        0          0          0         958        0.00       0.76       0.00     19634.96      0     
11416484.00    1415      12521      13936        85        979        1064       1064       1.01       0.75     1052.56    18582.39     1064   
11458150.00    1500      13500      15000        0          0          0         986        0.00       0.76       0.00     19634.96      0     
11499816.00    1500      13500      15000        0          0          0         951        0.00       0.76       0.00     19634.96      0     
11541482.00    1385      12226      13611       115        1274       1389       1389       1.00       0.75     1391.85    18243.11     1389   
11583148.00    1500      13500      15000        0          0          0         912        0.00       0.76       0.00     19634.96      0     
11624814.00    1500      13500      15000        0          0          0         502        0.00       0.76       0.00     19634.96      0     
11666480.00    1500      13500      15000        0          0          0         562        0.00       0.76       0.00     19634.96      0     
11708146.00    1418      12565      13983        82        935        1017       1017       0.95       0.75     1071.00    18563.95     1017   
11749812.00    1500      13500      15000        0          0          0         1000       0.00       0.76       0.00     19634.96      0     
11791478.00    1500      13500      15000        0          0          0         876        0.00       0.76       0.00     19634.96      0     
11833144.00    1500      13500      15000        0          0          0         777        0.00       0.76       0.00     19634.96      0     
11874810.00    1500      13500      15000        0          0          0         749        0.00       0.76       0.00     19634.96      0     
11916476.00    1500      13500      15000        0          0          0         809        0.00       0.76       0.00     19634.96      0     
11958142.00    1500      13500      15000        0          0          0         596        0.00       0.76       0.00     19634.96      0     
11999808.00    1500      13500      15000        0          0          0         673        0.00       0.76       0.00     19634.96      0     
12041474.00    1500      13500      15000        0          0          0         747        0.00       0.76       0.00     19634.96      0     
12083140.00    1500      13500      15000        0          0          0         867        0.00       0.76       0.00     19634.96      0     
12124806.00    1360      12094      13454       140        1406       1546       1546       0.99       0.74     1566.63    18068.32     1546   
12166472.00    1500      13500      15000        0          0          0         823        0.00       0.76       0.00     19634.96      0     
12208138.00    1346      11921      13267       154        1579       1733       1733       0.96       0.74     1796.44    17838.51     1733   
12249804.00    1500      13500      15000        0          0          0         879        0.00       0.76       0.00     19634.96      0     
12291470.00    1500      13500      15000        0          0          0         839        0.00       0.76       0.00     19634.96      0     
12333136.00    1293      11410      12703       207        2090       2297       1189       0.97       0.74     2370.82    17264.14     1148   
12374802.00    1500      13500      15000        0          0          0         692        0.00       0.76       0.00     19634.96      0     
12416468.00    1500      13500      15000        0          0          0         766        0.00       0.76       0.00     19634.96      0     
12458134.00    1406      12540      13946        94        960        1054       1054       0.96       0.75     1093.81    18541.15     1054   
12499800.00    1500      13500      15000        0          0          0         662        0.00       0.76       0.00     19634.96      0     
12541466.00    1500      13500      15000        0          0          0         866        0.00       0.76       0.00     19634.96      0     
12583132.00    1385      12415      13800       115        1085       1200       1200       1.00       0.75     1202.08    18432.87     1200   
12624798.00    1500      13500      15000        0          0          0         819        0.00       0.76       0.00     19634.96      0     
12666464.00    1405      12566      13971        95        934        1029       1029       0.99       0.75     1039.79    18595.16     1029   
12708130.00    1417      12538      13955        83        962        1045       1045       0.98       0.75     1064.85    18570.11     1045   
12749796.00    1500      13500      15000        0          0          0         990        0.00       0.76       0.00     19634.96      0     
12791462.00    1401      12553      13954        99        947        1046       1046       0.98       0.75     1067.81    18567.15     1046   
12833128.00    1500      13500      15000        0          0          0         751        0.00       0.76       0.00     19634.96      0     
12874794.00    1500      13500      15000        0          0          0         914        0.00       0.76       0.00     19634.96      0     
12916460.00    1330      11247      12577       170        2253       2423       1397       1.00       0.73     2428.57    17206.38     1211   
12958126.00    1412      12311      13723        88        1189       1277       1277       0.98       0.75     1299.92    18335.03     1277   
12999792.00    1336      11239      12575       164        2261       2425       1307       0.98       0.73     2475.34    17159.61     1212   
13041458.00    1400      12450      13850       100        1050       1150       1150       0.98       0.75     1174.14    18460.82     1150   
13083124.00    1399      12394      13793       101        1106       1207       1207       1.00       0.75     1205.60    18429.35     1207   
13124790.00    1383      12364      13747       117        1136       1253       1253       1.00       0.75     1253.72    18381.23     1253   
13166456.00    1387      12345      13732       113        1155       1268       1268       1.01       0.75     1259.34    18375.62     1268   
13208122.00    1398      12409      13807       102        1091       1193       1193       1.02       0.75     1175.35    18459.61     1193   
13249788.00    1391      12318      13709       109        1182       1291       1291       1.00       0.75     1290.44    18344.51     1291   
13291454.00    1392      12381      13773       108        1119       1227       1227       0.99       0.75     1233.92    18401.04     1227   
13333120.00    1500      13500      15000        0          0          0         829        0.00       0.76       0.00     19634.96      0     
13374786.00    1500      13500      15000        0          0          0         823        0.00       0.76       0.00     19634.96      0     
13416452.00    1357      11998      13355       143        1502       1645       1645       0.98       0.74     1687.13    17947.82     1645   
13458118.00    1500      13500      15000        0          0          0         614        0.00       0.76       0.00     19634.96      0     
13499784.00    1500      13500      15000        0          0          0         694        0.00       0.76       0.00     19634.96      0     
13541450.00    1397      12435      13832       103        1065       1168       1168       0.96       0.75     1213.51    18421.45     1168   
13583116.00    1500      13500      15000        0          0          0         646        0.00       0.76       0.00     19634.96      0     
13624782.00    1410      12518      13928        90        982        1072       1072       0.93       0.75     1148.63    18486.32     1072   
13666448.00    1404      12592      13996        96        908        1004       1004       0.98       0.75     1023.82    18611.13     1004   
13708114.00    1382      12349      13731       118        1151       1269       1269       0.99       0.75     1276.00    18358.96     1269   
13749780.00    1412      12554      13966        88        946        1034       1034       0.96       0.75     1072.29    18562.67     1034   
13791446.00    1424      12557      13981        76        943        1019       1019       0.98       0.75     1043.54    18591.42     1019   
13833112.00    1313      11614      12927       187        1886       2073       1055       0.98       0.74     2125.66    17509.29     1036   
13874778.00    1397      12356      13753       103        1144       1247       1247       1.01       0.75     1231.24    18403.71     1247   
13916444.00    1257      10791      12048       243        2709       2952       1770       0.99       0.72     2982.39    16652.57     1476   
13958110.00    1318      11469      12787       182        2031       2213       1145       1.00       0.73     2214.16    17420.79     1106   
13999776.00    1394      12506      13900       106        994        1100       1100       1.01       0.75     1089.58    18545.38     1100   
14041442.00    1393      12403      13796       107        1097       1204       1204       0.98       0.75     1226.53    18408.42     1204   
14083108.00    1335      11606      12941       165        1894       2059       1038       1.00       0.74     2059.36    17575.60     1029   
14124774.00    1500      13500      15000        0          0          0         998        0.00       0.76       0.00     19634.96      0     
14166440.00    1411      12343      13754        89        1157       1246       1246       1.00       0.75     1247.76    18387.19     1246   
14208106.00    1368      12032      13400       132        1468       1600       1600       0.99       0.74     1613.55    18021.40     1600   
14249772.00    1385      12121      13506       115        1379       1494       1494       0.99       0.75     1516.53    18118.42     1494   
14291438.00    1374      12037      13411       126        1463       1589       1589       0.98       0.74     1629.53    18005.43     1589   
14333104.00    1500      13500      15000        0          0          0         792        0.00       0.76       0.00     19634.96      0     
14374770.00    1500      13500      15000        0          0          0         891        0.00       0.76       0.00     19634.96      0     
14416436.00    1382      12315      13697       118        1185       1303       1303       0.99       0.75     1316.62    18318.33     1303   
14458102.00    1358      11821      13179       142        1679       1821       1821       0.98       0.74     1856.77    17778.19     1821   
14499768.00    1500      13500      15000        0          0          0         992        0.00       0.76       0.00     19634.96      0     
14541434.00    1365      11923      13288       135        1577       1712       1712       1.02       0.74     1681.32    17953.64     1712   
14583100.00    1332      11386      12718       168        2114       2282       2282       0.99       0.73     2300.10    17334.85     2282   
14624766.00    1387      12140      13527       113        1360       1473       1473       1.02       0.74     1443.41    18191.55     1473   
14666432.00    1405      12174      13579        95        1326       1421       1421       1.00       0.75     1416.53    18218.42     1421   
14708098.00    1428      12501      13929        72        999        1071       1071       1.02       0.75     1048.33    18586.62     1071   
14749764.00    1429      12495      13924        71        1005       1076       1076       1.02       0.75     1058.33    18576.62     1076   
14791430.00    1441      12449      13890        59        1051       1110       1110       1.00       0.75     1115.02    18519.93     1110   
14833096.00    1500      13500      15000        0          0          0         676        0.00       0.76       0.00     19634.96      0     
14874762.00    1266      10964      12230       234        2536       2770       1457       0.96       0.73     2878.49    16756.47     1385   
14916428.00    1500      13500      15000        0          0          0         764        0.00       0.76       0.00     19634.96      0     
14958094.00    1500      13500      15000        0          0          0         605        0.00       0.76       0.00     19634.96      0     
14999760.00    1385      12096      13481       115        1404       1519       1519       0.98       0.75     1556.84    18078.12     1519   
15041426.00    1421      12350      13771        79        1150       1229       1229       0.99       0.75     1245.50    18389.46     1229   
15083092.00    1500      13500      15000        0          0          0         916        0.00       0.76       0.00     19634.96      0     
15124758.00    1500      13500      15000        0          0          0         938        0.00       0.76       0.00     19634.96      0     
15166424.00    1422      12455      13877        78        1045       1123       1123       0.99       0.75     1138.37    18496.59     1123   
15208090.00    1405      12367      13772        95        1133       1228       1228       0.98       0.75     1258.54    18376.41     1228   
15249756.00    1352      11787      13139       148        1713       1861       1861       0.97       0.74     1913.39    17721.56     1861   
15291422.00    1376      11953      13329       124        1547       1671       1671       0.98       0.74     1709.76    17925.20     1671   
15333088.00    1391      12049      13440       109        1451       1560       1560       0.97       0.75     1605.87    18029.08     1560   
15374754.00    1353      11627      12980       147        1873       2020       2020       0.97       0.74     2087.97    17546.98     2020   
15416420.00    1387      11909      13296       113        1591       1704       1704       0.99       0.74     1728.26    17906.69     1704   
15458086.00    1394      12202      13596       106        1298       1404       1404       1.00       0.75     1397.87    18237.09     1404   
15499752.00    1383      12101      13484       117        1399       1516       1516       1.00       0.74     1513.88    18121.07     1516   
15541418.00    1374      11920      13294       126        1580       1706       1706       0.99       0.74     1723.42    17911.54     1706   
15583084.00    1387      11972      13359       113        1528       1641       1641       0.98       0.74     1666.68    17968.28     1641   
15624750.00    1423      12317      13740        77        1183       1260       1260       1.00       0.75     1255.81    18379.14     1260   
15666416.00    1288      10817      12105       212        2683       2895       1743       0.98       0.73     2955.10    16679.85     1447   
15708082.00    1402      12189      13591        98        1311       1409       1409       0.98       0.75     1434.00    18200.96     1409   
15749748.00    1408      12216      13624        92        1284       1376       1376       0.97       0.75     1418.26    18216.70     1376   
15791414.00    1367      11752      13119       133        1748       1881       1881       0.99       0.74     1903.26    17731.69     1881   
15833080.00    1390      12155      13545       110        1345       1455       1455       0.98       0.75     1481.60    18153.36     1455   
15874746.00    1421      12383      13804        79        1117       1196       1196       1.00       0.75     1201.02    18433.93     1196   
15916412.00    1411      12260      13671        89        1240       1329       1329       0.99       0.75     1340.34    18294.62     1329   
15958078.00    1418      12284      13702        82        1216       1298       1298       0.99       0.75     1316.17    18318.78     1298   
15999744.00    1342      11700      13042       158        1800       1958       1958       0.98       0.74     1995.63    17639.33     1958   
16041410.00    1500      13500      15000        0          0          0         660        0.00       0.76       0.00     19634.96      0     
16083076.00    1408      12145      13553        92        1355       1447       1447       0.97       0.75     1489.92    18145.04     1447   
16124742.00    1402      12057      13459        98        1443       1541       1541       0.99       0.74     1561.55    18073.40     1541   
16166408.00    1392      11938      13330       108        1562       1670       1670       0.97       0.74     1716.84    17918.12     1670   
16208074.00    1310      11034      12344       190        2466       2656       1586       0.97       0.73     2733.18    16901.78     1328   
16249740.00    1425      12521      13946        75        979        1054       1054       0.98       0.75     1077.35    18557.61     1054   
16291406.00    1500      13500      15000        0          0          0         798        0.00       0.76       0.00     19634.96      0     
16333072.00    1500      13500      15000        0          0          0         881        0.00       0.76       0.00     19634.96      0     
16374738.00    1500      13500      15000        0          0          0         719        0.00       0.76       0.00     19634.96      0     
16416404.00    1350      11970      13320       150        1530       1680       1680       0.97       0.74     1724.00    17910.95     1680   
16458070.00    1500      13500      15000        0          0          0         972        0.00       0.76       0.00     19634.96      0     
16499736.00    1500      13500      15000        0          0          0         644        0.00       0.76       0.00     19634.96      0     
16541402.00    1500      13500      15000        0          0          0         848        0.00       0.76       0.00     19634.96      0     
16583068.00    1500      13500      15000        0          0          0         799        0.00       0.76       0.00     19634.96      0     
16624734.00    1500      13500      15000        0          0          0         847        0.00       0.76       0.00     19634.96      0     
16666400.00    1500      13500      15000        0          0          0         954        0.00       0.76       0.00     19634.96      0     
