 Timestep    Gas_A      Gas_B     Gas_tot    Dense_A    Dense_B   Dense_tot   Lg_clust  DP_density GP_density Clust_area  Gas_area     MCS    
   0.00       6000       9000      15000        0          0          0          4         0.00       0.76       0.00     19634.96      0     
124999.00     6000       9000      15000        0          0          0         467        0.00       0.76       0.00     19634.96      0     
249998.00     6000       9000      15000        0          0          0         650        0.00       0.76       0.00     19634.96      0     
374997.00     4830       6701      11531       1170       2299       3469       1270       1.01       0.71     3439.30    16195.66     1156   
499996.00     4908       6875      11783       1092       2125       3217       1977       1.04       0.71     3100.24    16534.72     1608   
624995.00     4196       5461       9657       1804       3539       5343       3686       1.06       0.66     5041.15    14593.80     2671   
749994.00     3543       4150       7693       2457       4850       7307       5814       1.07       0.60     6836.22    12798.73     3653   
874993.00     2957       2984       5941       3043       6016       9059       4283       1.09       0.53     8348.64    11286.31     3019   
999992.00     2820       2668       5488       3180       6332       9512       4472       1.10       0.50     8655.35    10979.61     3170   
1124991.00    2646       2189       4835       3354       6811      10165       8029       1.11       0.46     9186.99    10447.96     5082   
1249990.00    2643       2065       4708       3357       6935      10292       8138       1.10       0.46     9354.31    10280.64     5146   
1374989.00    2611       1966       4577       3389       7034      10423       8324       1.10       0.45     9492.59    10142.36     5211   
1499988.00    2707       2096       4803       3293       6904      10197       8329       1.10       0.46     9298.63    10336.32     5098   
1624987.00    2745       2247       4992       3255       6753      10008       8239       1.09       0.48     9180.37    10454.58     5004   
1749986.00    2805       2295       5100       3195       6705       9900       8313       1.09       0.48     9045.45    10589.50     4950   
1874985.00    2858       2423       5281       3142       6577       9719       4619       1.09       0.49     8892.43    10742.52     3239   
1999984.00    2945       2526       5471       3055       6474       9529       3695       1.09       0.50     8748.04    10886.92     2382   
2124983.00    2928       2458       5386       3072       6542       9614       4381       1.09       0.50     8824.78    10810.17     3204   
2249982.00    2941       2513       5454       3059       6487       9546       4402       1.10       0.50     8698.19    10936.76     3182   
2374981.00    3054       2590       5644       2946       6410       9356       4332       1.10       0.51     8496.47    11138.48     3118   
2499980.00    3150       2716       5866       2850       6284       9134       8085       1.10       0.52     8291.52    11343.43     4567   
2624979.00    3446       3376       6822       2554       5624       8178       4158       1.11       0.56     7393.19    12241.77     4089   
2749978.00    3352       3242       6594       2648       5758       8406       4353       1.10       0.55     7635.87    11999.08     4203   
2874977.00    3363       3301       6664       2637       5699       8336       4232       1.10       0.55     7557.58    12077.38     4168   
2999976.00    3291       3175       6466       2709       5825       8534       4463       1.10       0.54     7769.44    11865.52     4267   
3124975.00    3293       3146       6439       2707       5854       8561       4505       1.10       0.54     7762.73    11872.23     4280   
3249974.00    3269       3014       6283       2731       5986       8717       4566       1.11       0.53     7862.12    11772.84     4358   
3374973.00    3283       3126       6409       2717       5874       8591       4492       1.12       0.54     7687.12    11947.83     4295   
3499972.00    3187       2990       6177       2813       6010       8823       4456       1.11       0.53     7975.63    11659.33     4411   
3624971.00    2859       2329       5188       3141       6671       9812       5355       1.10       0.48     8885.92    10749.04     4906   
3749970.00    2894       2427       5321       3106       6573       9679       5243       1.10       0.49     8785.74    10849.22     4839   
3874969.00    2898       2464       5362       3102       6536       9638       5308       1.10       0.49     8755.71    10879.25     4819   
3999968.00    2881       2610       5491       3119       6390       9509       9509       1.11       0.50     8553.11    11081.85     9509   
4124967.00    2926       2566       5492       3074       6434       9508       9508       1.12       0.49     8507.02    11127.93     9508   
4249966.00    2901       2550       5451       3099       6450       9549       9549       1.12       0.49     8527.26    11107.69     9549   
4374965.00    2777       2351       5128       3223       6649       9872       9872       1.12       0.47     8835.96    10799.00     9872   
4499964.00    2804       2365       5169       3196       6635       9831       9831       1.12       0.47     8738.98    10895.98     9831   
4624963.00    2709       2266       4975       3291       6734      10025      10025       1.12       0.47     8959.13    10675.83    10025   
4749962.00    2669       2226       4895       3331       6774      10105      10105       1.12       0.46     9050.05    10584.90    10105   
4874961.00    2611       2174       4785       3389       6826      10215      10215       1.12       0.46     9133.79    10501.17    10215   
4999960.00    2649       2129       4778       3351       6871      10222      10222       1.12       0.45     9097.57    10537.38    10222   
5124959.00    2656       2162       4818       3344       6838      10182      10182       1.12       0.46     9103.72    10531.24    10182   
5249958.00    2559       2059       4618       3441       6941      10382      10382       1.12       0.45     9284.43    10350.52    10382   
5374957.00    2642       2069       4711       3358       6931      10289      10289       1.12       0.45     9184.89    10450.07    10289   
5499956.00    2653       2173       4826       3347       6827      10174      10174       1.12       0.46     9107.68    10527.27    10174   
5624955.00    2647       2203       4850       3353       6797      10150      10150       1.12       0.46     9089.14    10545.81    10150   
5749954.00    2719       2270       4989       3281       6730      10011      10011       1.12       0.47     8932.75    10702.20    10011   
5874953.00    2740       2299       5039       3260       6701       9961       9961       1.11       0.47     8934.75    10700.20     9961   
5999952.00    2746       2343       5089       3254       6657       9911       9911       1.12       0.47     8858.36    10776.59     9911   
6124951.00    2696       2243       4939       3304       6757      10061      10061       1.12       0.46     8995.49    10639.47    10061   
6249950.00    2756       2338       5094       3244       6662       9906       9906       1.13       0.47     8793.35    10841.61     9906   
6374949.00    2694       2212       4906       3306       6788      10094      10094       1.13       0.46     8971.55    10663.40    10094   
6499948.00    2662       2089       4751       3338       6911      10249      10249       1.12       0.45     9130.63    10504.33    10249   
6624947.00    2641       1988       4629       3359       7012      10371      10371       1.12       0.45     9243.62    10391.34    10371   
6749946.00    2642       1916       4558       3358       7084      10442      10442       1.13       0.44     9277.08    10357.88    10442   
6874945.00    2589       1801       4390       3411       7199      10610      10610       1.13       0.43     9421.96    10212.99    10610   
6999944.00    2588       1825       4413       3412       7175      10587      10587       1.12       0.43     9472.52    10162.43    10587   
7124943.00    2696       2079       4775       3304       6921      10225      10225       1.12       0.45     9127.07    10507.88    10225   
7249942.00    2697       2168       4865       3303       6832      10135      10135       1.11       0.46     9131.29    10503.67    10135   
7374941.00    2703       2272       4975       3297       6728      10025      10025       1.11       0.47     9068.23    10566.73    10025   
7499940.00    2699       2299       4998       3301       6701      10002      10002       1.11       0.47     8992.42    10642.53    10002   
7624939.00    2714       2239       4953       3286       6761      10047      10047       1.11       0.47     9050.48    10584.47    10047   
7749938.00    2838       2388       5226       3162       6612       9774       9774       1.11       0.48     8773.53    10861.43     9774   
7874937.00    2761       2306       5067       3239       6694       9933       9933       1.11       0.48     8983.48    10651.47     9933   
7999936.00    2939       2779       5718       3061       6221       9282       9282       1.11       0.51     8330.45    11304.50     9282   
8124935.00    2921       2751       5672       3079       6249       9328       9328       1.12       0.50     8323.73    11311.23     9328   
8249934.00    2860       2562       5422       3140       6438       9578       9578       1.12       0.49     8546.53    11088.43     9578   
8374933.00    2799       2483       5282       3201       6517       9718       9718       1.11       0.48     8736.31    10898.64     9718   
8499932.00    2850       2539       5389       3150       6461       9611       9611       1.11       0.49     8624.32    11010.63     9611   
8624931.00    2812       2503       5315       3188       6497       9685       9685       1.12       0.49     8681.87    10953.09     9685   
8749930.00    2801       2483       5284       3199       6517       9716       9716       1.13       0.48     8628.28    11006.67     9716   
8874929.00    2772       2353       5125       3228       6647       9875       9875       1.13       0.47     8744.10    10890.85     9875   
8999928.00    2713       2304       5017       3287       6696       9983       9983       1.13       0.46     8801.36    10833.59     9983   
9124927.00    2719       2234       4953       3281       6766      10047      10047       1.14       0.46     8816.53    10818.43    10047   
9249926.00    2626       2094       4720       3374       6906      10280      10280       1.13       0.45     9121.44    10513.52    10280   
9374925.00    2699       2099       4798       3301       6901      10202      10202       1.13       0.45     9053.18    10581.77    10202   
9499924.00    2640       2128       4768       3360       6872      10232      10232       1.13       0.45     9064.65    10570.30    10232   
9624923.00    2638       2103       4741       3362       6897      10259      10259       1.14       0.45     9008.47    10626.48    10259   
9749922.00    2629       2068       4697       3371       6932      10303      10303       1.14       0.44     9049.75    10585.20    10303   
9874921.00    2615       2070       4685       3385       6930      10315      10315       1.13       0.45     9130.13    10504.83    10315   
9999920.00    2613       2160       4773       3387       6840      10227      10227       1.13       0.45     9032.27    10602.68    10227   
10124919.00    2613       2113       4726       3387       6887      10274      10274       1.13       0.45     9080.41    10554.54    10274   
10249918.00    2563       2067       4630       3437       6933      10370      10370       1.12       0.45     9244.12    10390.83    10370   
10374917.00    2607       2169       4776       3393       6831      10224      10224       1.11       0.46     9172.79    10462.17    10224   
10499916.00    2779       2425       5204       3221       6575       9796       9796       1.12       0.48     8734.74    10900.21     9796   
10624915.00    2630       2244       4874       3370       6756      10126      10126       1.12       0.46     9071.34    10563.62    10126   
10749914.00    2647       2263       4910       3353       6737      10090      10090       1.12       0.46     9022.31    10612.65    10090   
10874913.00    2639       2172       4811       3361       6828      10189      10189       1.12       0.46     9105.65    10529.30    10189   
10999912.00    2609       2083       4692       3391       6917      10308      10308       1.12       0.45     9208.52    10426.44    10308   
11124911.00    2635       2089       4724       3365       6911      10276      10276       1.12       0.45     9161.85    10473.11    10276   
11249910.00    2694       2229       4923       3306       6771      10077      10077       1.12       0.46     8971.76    10663.20    10077   
11374909.00    2789       2328       5117       3211       6672       9883       9883       1.12       0.47     8818.02    10816.93     9883   
11499908.00    2773       2331       5104       3227       6669       9896       9896       1.13       0.47     8771.48    10863.47     9896   
11624907.00    2754       2282       5036       3246       6718       9964       9964       1.13       0.47     8850.71    10784.24     9964   
11749906.00    2908       2540       5448       3092       6460       9552       9552       1.13       0.49     8447.93    11187.02     9552   
11874905.00    2801       2384       5185       3199       6616       9815       9815       1.13       0.47     8704.26    10930.69     9815   
11999904.00    2818       2355       5173       3182       6645       9827       9827       1.14       0.47     8645.60    10989.36     9827   
12124903.00    2844       2415       5259       3156       6585       9741       9741       1.14       0.47     8549.62    11085.34     9741   
12249902.00    2835       2423       5258       3165       6577       9742       9742       1.14       0.47     8556.99    11077.97     9742   
12374901.00    2846       2379       5225       3154       6621       9775       9775       1.14       0.47     8571.16    11063.79     9775   
12499900.00    2910       2476       5386       3090       6524       9614       9614       1.14       0.48     8399.86    11235.10     9614   
12624899.00    2866       2399       5265       3134       6601       9735       9735       1.14       0.48     8552.81    11082.15     9735   
12749898.00    2850       2362       5212       3150       6638       9788       9788       1.15       0.47     8533.99    11100.97     9788   
12874897.00    2763       2179       4942       3237       6821      10058      10058       1.14       0.46     8825.33    10809.62    10058   
12999896.00    2720       2002       4722       3280       6998      10278      10278       1.14       0.44     9009.08    10625.87    10278   
13124895.00    2689       1966       4655       3311       7034      10345      10345       1.14       0.44     9089.34    10545.61    10345   
13249894.00    2672       1967       4639       3328       7033      10361      10361       1.13       0.44     9169.63    10465.33    10361   
13374893.00    2744       2087       4831       3256       6913      10169      10169       1.13       0.45     9004.08    10630.88    10169   
13499892.00    2784       2176       4960       3216       6824      10040      10040       1.13       0.46     8884.36    10750.59    10040   
13624891.00    2767       2206       4973       3233       6794      10027      10027       1.13       0.46     8849.54    10785.41    10027   
13749890.00    2855       2229       5084       3145       6771       9916       9916       1.14       0.46     8700.77    10934.18     9916   
13874889.00    2805       2154       4959       3195       6846      10041      10041       1.14       0.46     8810.80    10824.15    10041   
13999888.00    2814       2238       5052       3186       6762       9948       9948       1.13       0.47     8770.65    10864.31     9948   
14124887.00    2685       2015       4700       3315       6985      10300      10300       1.13       0.45     9108.25    10526.70    10300   
14249886.00    2579       1850       4429       3421       7150      10571      10571       1.13       0.43     9361.22    10273.73    10571   
14374885.00    2598       1912       4510       3402       7088      10490      10490       1.13       0.43     9261.54    10373.41    10490   
14499884.00    2666       2015       4681       3334       6985      10319      10319       1.13       0.44     9102.47    10532.49    10319   
14624883.00    2601       1874       4475       3399       7126      10525      10525       1.13       0.43     9344.27    10290.68    10525   
14749882.00    2654       1916       4570       3346       7084      10430      10430       1.12       0.44     9272.40    10362.56    10430   
14874881.00    2659       1953       4612       3341       7047      10388      10388       1.13       0.44     9224.04    10410.92    10388   
14999880.00    2633       1911       4544       3367       7089      10456      10456       1.12       0.44     9332.56    10302.40    10456   
15124879.00    2673       1947       4620       3327       7053      10380      10380       1.12       0.45     9281.30    10353.65    10380   
15249878.00    2832       2191       5023       3168       6809       9977       9977       1.12       0.47     8872.18    10762.78     9977   
15374877.00    2906       2293       5199       3094       6707       9801       9801       1.13       0.48     8692.58    10942.38     9801   
15499876.00    2878       2297       5175       3122       6703       9825       9825       1.13       0.47     8691.57    10943.39     9825   
15624875.00    2903       2330       5233       3097       6670       9767       9767       1.13       0.48     8663.36    10971.60     9767   
15749874.00    2908       2322       5230       3092       6678       9770       9770       1.12       0.48     8696.04    10938.92     9770   
15874873.00    2921       2293       5214       3079       6707       9786       9786       1.12       0.48     8715.14    10919.81     9786   
15999872.00    2914       2207       5121       3086       6793       9879       9879       1.12       0.47     8784.78    10850.18     9879   
16124871.00    2959       2320       5279       3041       6680       9721       9721       1.13       0.48     8639.44    10995.52     9721   
16249870.00    3017       2477       5494       2983       6523       9506       9506       1.13       0.49     8415.51    11219.45     9506   
16374869.00    3014       2442       5456       2986       6558       9544       9544       1.13       0.49     8465.61    11169.34     9544   
16499868.00    3019       2395       5414       2981       6605       9586       9586       1.12       0.49     8525.86    11109.09     9586   
16624867.00    3056       2424       5480       2944       6576       9520       9520       1.13       0.49     8443.46    11191.50     9520   
16749866.00    2997       2446       5443       3003       6554       9557       9557       1.13       0.49     8461.64    11173.32     9557   
16874865.00    2959       2335       5294       3041       6665       9706       9706       1.13       0.48     8593.97    11040.98     9706   
16999864.00    2964       2291       5255       3036       6709       9745       9745       1.14       0.47     8553.65    11081.30     9745   
17124863.00    2966       2245       5211       3034       6755       9789       9789       1.14       0.47     8613.87    11021.08     9789   
17249862.00    2946       2179       5125       3054       6821       9875       9875       1.14       0.47     8675.98    10958.97     9875   
17374861.00    2902       2071       4973       3098       6929      10027      10027       1.13       0.46     8883.70    10751.26    10027   
17499860.00    3004       2237       5241       2996       6763       9759       9759       1.12       0.48     8674.82    10960.13     9759   
17624859.00    2937       2171       5108       3063       6829       9892       9892       1.12       0.47     8844.66    10790.29     9892   
17749858.00    3024       2321       5345       2976       6679       9655       9655       1.13       0.48     8560.43    11074.52     9655   
17874857.00    3058       2421       5479       2942       6579       9521       9521       1.13       0.49     8408.70    11226.26     9521   
17999856.00    3090       2387       5477       2910       6613       9523       9523       1.13       0.49     8424.98    11209.97     9523   
18124855.00    3083       2423       5506       2917       6577       9494       9494       1.14       0.49     8361.35    11273.60     9494   
18249854.00    3010       2271       5281       2990       6729       9719       9719       1.13       0.48     8566.59    11068.37     9719   
18374853.00    2944       2136       5080       3056       6864       9920       9920       1.14       0.46     8704.71    10930.24     9920   
18499852.00    2927       2151       5078       3073       6849       9922       9922       1.13       0.47     8742.25    10892.71     9922   
18624851.00    3030       2250       5280       2970       6750       9720       9720       1.13       0.48     8585.17    11049.79     9720   
18749850.00    2934       2165       5099       3066       6835       9901       9901       1.12       0.47     8821.79    10813.17     9901   
18874849.00    2948       2207       5155       3052       6793       9845       9845       1.12       0.47     8768.93    10866.03     9845   
18999848.00    2976       2286       5262       3024       6714       9738       9738       1.13       0.48     8645.34    10989.62     9738   
19124847.00    2995       2335       5330       3005       6665       9670       9670       1.13       0.48     8527.04    11107.91     9670   
19249846.00    3005       2297       5302       2995       6703       9698       9698       1.13       0.48     8550.33    11084.63     9698   
19374845.00    3039       2331       5370       2961       6669       9630       9630       1.14       0.48     8480.43    11154.52     9630   
19499844.00    3004       2336       5340       2996       6664       9660       9660       1.13       0.48     8518.49    11116.47     9660   
19624843.00    3043       2369       5412       2957       6631       9588       9588       1.14       0.48     8424.77    11210.18     9588   
19749842.00    3012       2306       5318       2988       6694       9682       9682       1.13       0.48     8573.14    11061.81     9682   
19874841.00    3015       2417       5432       2985       6583       9568       9568       1.13       0.49     8467.23    11167.73     9568   
19999840.00    2991       2381       5372       3009       6619       9628       9628       1.13       0.48     8500.57    11134.38     9628   
20124839.00    2980       2351       5331       3020       6649       9669       9669       1.13       0.48     8549.45    11085.51     9669   
20249838.00    2984       2343       5327       3016       6657       9673       9673       1.12       0.48     8619.83    11015.12     9673   
20374837.00    2984       2476       5460       3016       6524       9540       9540       1.13       0.49     8470.42    11164.54     9540   
20499836.00    3013       2486       5499       2987       6514       9501       9501       1.13       0.49     8411.07    11223.88     9501   
20624835.00    3041       2494       5535       2959       6506       9465       9465       1.13       0.49     8405.03    11229.92     9465   
20749834.00    3028       2506       5534       2972       6494       9466       9466       1.12       0.49     8426.23    11208.73     9466   
20874833.00    3037       2476       5513       2963       6524       9487       9487       1.12       0.49     8475.00    11159.95     9487   
20999832.00    3046       2511       5557       2954       6489       9443       9443       1.12       0.50     8432.84    11202.11     9443   
21124831.00    3020       2530       5550       2980       6470       9450       9450       1.13       0.49     8372.29    11262.67     9450   
21249830.00    3005       2528       5533       2995       6472       9467       9467       1.13       0.49     8359.86    11275.09     9467   
21374829.00    2977       2491       5468       3023       6509       9532       9532       1.14       0.48     8357.16    11277.80     9532   
21499828.00    2920       2363       5283       3080       6637       9717       9717       1.14       0.47     8511.38    11123.58     9717   
21624827.00    2875       2319       5194       3125       6681       9806       9806       1.14       0.47     8568.61    11066.34     9806   
21749826.00    2781       2156       4937       3219       6844      10063      10063       1.15       0.45     8763.65    10871.31    10063   
21874825.00    2689       1978       4667       3311       7022      10333      10333       1.15       0.44     9005.88    10629.07    10333   
21999824.00    2690       1891       4581       3310       7109      10419      10419       1.14       0.43     9100.29    10534.66    10419   
22124823.00    2716       1869       4585       3284       7131      10415      10415       1.14       0.44     9132.17    10502.79    10415   
22249822.00    2712       1873       4585       3288       7127      10415      10415       1.13       0.44     9230.26    10404.69    10415   
22374821.00    2731       1928       4659       3269       7072      10341      10341       1.13       0.45     9190.98    10443.98    10341   
22499820.00    2822       2008       4830       3178       6992      10170      10170       1.13       0.45     8985.91    10649.05    10170   
22624819.00    2741       1929       4670       3259       7071      10330      10330       1.13       0.45     9172.66    10462.29    10330   
22749818.00    2853       2126       4979       3147       6874      10021      10021       1.13       0.46     8904.67    10730.29    10021   
22874817.00    2839       2053       4892       3161       6947      10108      10108       1.13       0.46     8955.45    10679.50    10108   
22999816.00    2824       2011       4835       3176       6989      10165      10165       1.13       0.46     9026.55    10608.41    10165   
23124815.00    2863       2063       4926       3137       6937      10074      10074       1.12       0.46     8964.07    10670.88    10074   
23249814.00    2799       2008       4807       3201       6992      10193      10193       1.13       0.45     9032.19    10602.77    10193   
23374813.00    2889       2074       4963       3111       6926      10037      10037       1.14       0.46     8838.33    10796.63    10037   
23499812.00    2868       2070       4938       3132       6930      10062      10062       1.13       0.46     8875.68    10759.27    10062   
23624811.00    2878       2041       4919       3122       6959      10081      10081       1.14       0.46     8875.31    10759.64    10081   
23749810.00    2851       2026       4877       3149       6974      10123      10123       1.13       0.46     8966.39    10668.56    10123   
23874809.00    2948       2136       5084       3052       6864       9916       9916       1.13       0.47     8772.53    10862.43     9916   
23999808.00    2922       2128       5050       3078       6872       9950       9950       1.14       0.46     8746.17    10888.78     9950   
24124807.00    2935       2162       5097       3065       6838       9903       9903       1.14       0.47     8709.29    10925.66     9903   
24249806.00    2918       2177       5095       3082       6823       9905       9905       1.14       0.46     8661.55    10973.41     9905   
24374805.00    2876       2144       5020       3124       6856       9980       9980       1.15       0.46     8712.12    10922.84     9980   
24499804.00    2852       2005       4857       3148       6995      10143      10143       1.14       0.45     8866.19    10768.76    10143   
24624803.00    2812       2023       4835       3188       6977      10165      10165       1.13       0.45     8969.19    10665.76    10165   
24749802.00    2833       1961       4794       3167       7039      10206      10206       1.13       0.45     9049.83    10585.13    10206   
24874801.00    2928       2152       5080       3072       6848       9920       9920       1.13       0.47     8777.95    10857.01     9920   
24999800.00    2920       2161       5081       3080       6839       9919       9919       1.12       0.47     8821.44    10813.52     9919   
25124799.00    2872       2038       4910       3128       6962      10090      10090       1.12       0.46     9047.90    10587.05    10090   
25249798.00    2898       2135       5033       3102       6865       9967       9967       1.11       0.47     8947.46    10687.50     9967   
25374797.00    2981       2201       5182       3019       6799       9818       9818       1.10       0.48     8913.04    10721.91     9818   
25499796.00    3046       2329       5375       2954       6671       9625       9625       1.11       0.49     8657.48    10977.47     9625   
25624795.00    3066       2344       5410       2934       6656       9590       9590       1.12       0.49     8555.68    11079.27     9590   
25749794.00    3089       2370       5459       2911       6630       9541       9541       1.13       0.49     8473.71    11161.25     9541   
25874793.00    3101       2365       5466       2899       6635       9534       9534       1.13       0.49     8433.14    11201.81     9534   
25999792.00    3185       2497       5682       2815       6503       9318       9318       1.13       0.50     8247.63    11387.32     9318   
26124791.00    3085       2449       5534       2915       6551       9466       9466       1.13       0.49     8383.84    11251.11     9466   
26249790.00    3104       2413       5517       2896       6587       9483       9483       1.14       0.49     8345.46    11289.50     9483   
26374789.00    3005       2255       5260       2995       6745       9740       9740       1.13       0.48     8649.17    10985.78     9740   
26499788.00    2941       2174       5115       3059       6826       9885       9885       1.12       0.47     8828.67    10806.29     9885   
26624787.00    2987       2218       5205       3013       6782       9795       9795       1.13       0.47     8649.13    10985.83     9795   
26749786.00    2981       2152       5133       3019       6848       9867       9867       1.14       0.47     8690.66    10944.29     9867   
26874785.00    2981       2133       5114       3019       6867       9886       9886       1.13       0.47     8730.12    10904.83     9886   
26999784.00    3033       2236       5269       2967       6764       9731       9731       1.14       0.48     8566.28    11068.67     9731   
27124783.00    3052       2284       5336       2948       6716       9664       9664       1.13       0.48     8529.22    11105.74     9664   
27249782.00    3063       2288       5351       2937       6712       9649       9649       1.13       0.48     8529.65    11105.30     9649   
27374781.00    3039       2246       5285       2961       6754       9715       9715       1.13       0.48     8572.79    11062.17     9715   
27499780.00    2927       2095       5022       3073       6905       9978       9978       1.13       0.46     8793.85    10841.10     9978   
27624779.00    2947       2118       5065       3053       6882       9935       9935       1.13       0.47     8783.58    10851.38     9935   
27749778.00    3004       2237       5241       2996       6763       9759       9759       1.13       0.48     8613.97    11020.99     9759   
27874777.00    3017       2194       5211       2983       6806       9789       9789       1.13       0.47     8634.68    11000.28     9789   
27999776.00    3091       2273       5364       2909       6727       9636       9636       1.14       0.48     8480.86    11154.10     9636   
28124775.00    3046       2291       5337       2954       6709       9663       9663       1.13       0.48     8555.96    11079.00     9663   
28249774.00    3027       2216       5243       2973       6784       9757       9757       1.12       0.48     8731.01    10903.95     9757   
28374773.00    3064       2256       5320       2936       6744       9680       9680       1.11       0.49     8693.31    10941.65     9680   
28499772.00    3134       2417       5551       2866       6583       9449       9449       1.11       0.50     8494.59    11140.36     9449   
28624771.00    3167       2548       5715       2833       6452       9285       9285       1.11       0.51     8392.18    11242.77     9285   
28749770.00    3174       2578       5752       2826       6422       9248       9248       1.11       0.51     8316.88    11318.07     9248   
28874769.00    3123       2491       5614       2877       6509       9386       9386       1.12       0.50     8417.19    11217.77     9386   
28999768.00    3049       2341       5390       2951       6659       9610       9610       1.11       0.49     8660.24    10974.72     9610   
29124767.00    3088       2474       5562       2912       6526       9438       9438       1.11       0.50     8527.73    11107.23     9438   
29249766.00    3133       2399       5532       2867       6601       9468       9468       1.11       0.50     8534.93    11100.03     9468   
29374765.00    3063       2312       5375       2937       6688       9625       9625       1.11       0.49     8685.47    10949.48     9625   
29499764.00    3064       2279       5343       2936       6721       9657       9657       1.11       0.49     8665.10    10969.85     9657   
29624763.00    2970       2172       5142       3030       6828       9858       9858       1.11       0.48     8862.40    10772.55     9858   
29749762.00    2977       2200       5177       3023       6800       9823       9823       1.12       0.48     8783.60    10851.36     9823   
29874761.00    3057       2234       5291       2943       6766       9709       9709       1.13       0.48     8592.76    11042.19     9709   
29999760.00    3011       2138       5149       2989       6862       9851       9851       1.13       0.47     8752.10    10882.86     9851   
30124759.00    3032       2140       5172       2968       6860       9828       9828       1.12       0.48     8812.98    10821.97     9828   
30249758.00    3000       2200       5200       3000       6800       9800       9800       1.11       0.48     8835.07    10799.89     9800   
30374757.00    3148       2399       5547       2852       6601       9453       9453       1.11       0.50     8531.07    11103.88     9453   
30499756.00    3176       2566       5742       2824       6434       9258       9258       1.11       0.51     8321.25    11313.70     9258   
30624755.00    3089       2497       5586       2911       6503       9414       9414       1.12       0.50     8408.52    11226.44     9414   
30749754.00    3085       2411       5496       2915       6589       9504       9504       1.12       0.49     8511.49    11123.46     9504   
30874753.00    3118       2466       5584       2882       6534       9416       9416       1.11       0.50     8448.25    11186.70     9416   
30999752.00    3110       2395       5505       2890       6605       9495       9495       1.12       0.49     8512.39    11122.57     9495   
31124751.00    3011       2337       5348       2989       6663       9652       9652       1.11       0.49     8667.70    10967.26     9652   
31249750.00    3026       2346       5372       2974       6654       9628       9628       1.12       0.49     8606.52    11028.44     9628   
31374749.00    2955       2236       5191       3045       6764       9809       9809       1.12       0.48     8759.79    10875.17     9809   
31499748.00    2987       2305       5292       3013       6695       9708       9708       1.13       0.48     8624.55    11010.41     9708   
31624747.00    3026       2287       5313       2974       6713       9687       9687       1.11       0.49     8694.66    10940.30     9687   
31749746.00    2987       2380       5367       3013       6620       9633       9633       1.11       0.49     8685.19    10949.76     9633   
31874745.00    2957       2263       5220       3043       6737       9780       6996       1.11       0.48     8832.62    10802.34     4890   
31999744.00    3085       2396       5481       2915       6604       9519       6782       1.11       0.49     8541.18    11093.77     4759   
32124743.00    3076       2381       5457       2924       6619       9543       6918       1.11       0.49     8597.40    11037.55     4771   
32249742.00    3019       2335       5354       2981       6665       9646       6923       1.10       0.49     8740.69    10894.27     4823   
32374741.00    3052       2454       5506       2948       6546       9494       9494       1.11       0.50     8578.70    11056.26     9494   
32499740.00    2969       2429       5398       3031       6571       9602       9602       1.11       0.49     8649.72    10985.24     9602   
32624739.00    2838       2205       5043       3162       6795       9957       9957       1.12       0.47     8925.68    10709.27     9957   
32749738.00    2840       2167       5007       3160       6833       9993       9993       1.12       0.47     8957.05    10677.90     9993   
32874737.00    2863       2174       5037       3137       6826       9963       9963       1.11       0.47     8983.19    10651.77     9963   
32999736.00    2843       2204       5047       3157       6796       9953       9953       1.11       0.47     8953.40    10681.56     9953   
33124735.00    2844       2221       5065       3156       6779       9935       9935       1.13       0.47     8819.93    10815.02     9935   
33249734.00    2842       2189       5031       3158       6811       9969       9969       1.12       0.47     8881.64    10753.31     9969   
33374733.00    2779       2064       4843       3221       6936      10157      10157       1.12       0.46     9078.07    10556.88    10157   
33499732.00    2769       2001       4770       3231       6999      10230      10230       1.12       0.45     9139.64    10495.32    10230   
33624731.00    2756       2008       4764       3244       6992      10236      10236       1.11       0.46     9183.50    10451.45    10236   
33749730.00    2813       2023       4836       3187       6977      10164      10164       1.11       0.46     9116.42    10518.54    10164   
33874729.00    2722       2068       4790       3278       6932      10210      10210       1.11       0.46     9225.04    10409.91    10210   
33999728.00    2793       2197       4990       3207       6803      10010      10010       1.11       0.47     9002.03    10632.93    10010   
34124727.00    2688       2224       4912       3312       6776      10088      10088       1.11       0.47     9108.66    10526.30    10088   
34249726.00    2774       2363       5137       3226       6637       9863       9863       1.11       0.48     8848.64    10786.31     9863   
34374725.00    2868       2440       5308       3132       6560       9692       9692       1.11       0.49     8699.03    10935.93     9692   
34499724.00    2888       2545       5433       3112       6455       9567       9567       1.12       0.49     8535.62    11099.33     9567   
34624723.00    2855       2466       5321       3145       6534       9679       9679       1.13       0.48     8556.69    11078.27     9679   
34749722.00    2789       2376       5165       3211       6624       9835       9835       1.13       0.47     8729.42    10905.53     9835   
34874721.00    2738       2285       5023       3262       6715       9977       9977       1.13       0.46     8815.07    10819.88     9977   
34999720.00    2719       2150       4869       3281       6850      10131      10131       1.13       0.46     8942.83    10692.13    10131   
35124719.00    2702       2198       4900       3298       6802      10100      10100       1.13       0.46     8948.65    10686.30    10100   
35249718.00    2723       2207       4930       3277       6793      10070      10070       1.13       0.46     8913.68    10721.27    10070   
35374717.00    2844       2373       5217       3156       6627       9783       9783       1.13       0.47     8629.44    11005.51     9783   
35499716.00    2816       2344       5160       3184       6656       9840       9840       1.14       0.47     8659.90    10975.06     9840   
35624715.00    2815       2292       5107       3185       6708       9893       9893       1.13       0.47     8737.71    10897.24     9893   
35749714.00    2809       2221       5030       3191       6779       9970       9970       1.12       0.47     8866.28    10768.68     9970   
35874713.00    2865       2395       5260       3135       6605       9740       9740       1.13       0.48     8636.48    10998.47     9740   
35999712.00    2839       2294       5133       3161       6706       9867       9867       1.13       0.47     8735.33    10899.63     9867   
36124711.00    2734       2118       4852       3266       6882      10148      10148       1.13       0.46     9015.82    10619.14    10148   
36249710.00    2694       2114       4808       3306       6886      10192      10192       1.12       0.46     9132.26    10502.70    10192   
36374709.00    2726       2074       4800       3274       6926      10200      10200       1.12       0.45     9080.28    10554.68    10200   
36499708.00    2677       2050       4727       3323       6950      10273      10273       1.13       0.45     9125.62    10509.33    10273   
36624707.00    2762       2068       4830       3238       6932      10170      10170       1.12       0.46     9091.98    10542.98    10170   
36749706.00    2844       2187       5031       3156       6813       9969       9969       1.13       0.46     8808.93    10826.02     9969   
36874705.00    2769       2186       4955       3231       6814      10045      10045       1.12       0.46     8929.51    10705.45    10045   
36999704.00    2880       2290       5170       3120       6710       9830       9830       1.12       0.48     8775.19    10859.76     9830   
37124703.00    2861       2371       5232       3139       6629       9768       9768       1.12       0.48     8742.65    10892.30     9768   
37249702.00    2793       2272       5065       3207       6728       9935       9935       1.12       0.47     8904.82    10730.14     9935   
37374701.00    2863       2561       5424       3137       6439       9576       9576       1.12       0.49     8527.13    11107.82     9576   
37499700.00    2870       2517       5387       3130       6483       9613       9613       1.12       0.49     8566.52    11068.44     9613   
37624699.00    2789       2332       5121       3211       6668       9879       9879       1.12       0.47     8788.70    10846.26     9879   
37749698.00    2681       2172       4853       3319       6828      10147      10147       1.12       0.46     9052.21    10582.75    10147   
37874697.00    2764       2177       4941       3236       6823      10059      10059       1.12       0.46     8963.87    10671.08    10059   
37999696.00    2646       2121       4767       3354       6879      10233      10233       1.12       0.45     9129.15    10505.80    10233   
38124695.00    2720       2252       4972       3280       6748      10028      10028       1.12       0.47     8944.56    10690.40    10028   
38249694.00    2586       2041       4627       3414       6959      10373      10373       1.12       0.45     9243.91    10391.04    10373   
38374693.00    2570       2026       4596       3430       6974      10404      10404       1.12       0.44     9276.87    10358.09    10404   
38499692.00    2568       2063       4631       3432       6937      10369      10369       1.12       0.45     9254.34    10380.62    10369   
38624691.00    2633       2392       5025       3367       6608       9975       9975       1.13       0.47     8833.70    10801.26     9975   
38749690.00    2633       2300       4933       3367       6700      10067      10067       1.14       0.46     8863.90    10771.06    10067   
38874689.00    2625       2305       4930       3375       6695      10070      10070       1.13       0.46     8911.27    10723.69    10070   
38999688.00    2570       2242       4812       3430       6758      10188      10188       1.14       0.45     8958.10    10676.86    10188   
39124687.00    2562       2112       4674       3438       6888      10326      10326       1.14       0.44     9073.74    10561.21    10326   
39249686.00    2550       2084       4634       3450       6916      10366      10366       1.14       0.44     9065.00    10569.96    10366   
39374685.00    2501       2033       4534       3499       6967      10466      10466       1.13       0.44     9239.87    10395.09    10466   
39499684.00    2576       2172       4748       3424       6828      10252      10252       1.13       0.45     9048.10    10586.85    10252   
39624683.00    2570       2181       4751       3430       6819      10249      10249       1.13       0.45     9054.47    10580.48    10249   
39749682.00    2620       2199       4819       3380       6801      10181      10181       1.13       0.45     8995.29    10639.66    10181   
39874681.00    2632       2401       5033       3368       6599       9967       9967       1.14       0.46     8754.99    10879.97     9967   
39999680.00    2587       2259       4846       3413       6741      10154      10154       1.13       0.45     8950.75    10684.20    10154   
40124679.00    2621       2314       4935       3379       6686      10065      10065       1.13       0.46     8872.02    10762.94    10065   
40249678.00    2641       2342       4983       3359       6658      10017      10017       1.14       0.46     8792.62    10842.34    10017   
40374677.00    2540       2175       4715       3460       6825      10285      10285       1.14       0.45     9061.33    10573.63    10285   
40499676.00    2574       2225       4799       3426       6775      10201      10201       1.14       0.45     8947.92    10687.03    10201   
40624675.00    2488       2066       4554       3512       6934      10446      10446       1.14       0.43     9145.46    10489.49    10446   
40749674.00    2501       2007       4508       3499       6993      10492      10492       1.14       0.43     9176.66    10458.30    10492   
40874673.00    2573       2140       4713       3427       6860      10287      10287       1.13       0.45     9072.78    10562.17    10287   
40999672.00    2621       2218       4839       3379       6782      10161      10161       1.13       0.45     8976.13    10658.83    10161   
41124671.00    2630       2196       4826       3370       6804      10174      10174       1.13       0.46     9040.10    10594.85    10174   
41249670.00    2635       2197       4832       3365       6803      10168      10168       1.13       0.45     9010.15    10624.81    10168   
41374669.00    2609       2275       4884       3391       6725      10116      10116       1.13       0.46     8968.06    10666.90    10116   
41499668.00    2671       2215       4886       3329       6785      10114      10114       1.13       0.46     8966.62    10668.33    10114   
41624667.00    2576       2183       4759       3424       6817      10241      10241       1.13       0.45     9056.14    10578.81    10241   
41749666.00    2554       2106       4660       3446       6894      10340      10340       1.13       0.45     9187.94    10447.02    10340   
41874665.00    2532       2083       4615       3468       6917      10385      10385       1.12       0.44     9247.58    10387.38    10385   
41999664.00    2561       2118       4679       3439       6882      10321      10321       1.12       0.45     9222.87    10412.09    10321   
42124663.00    2520       2071       4591       3480       6929      10409      10409       1.12       0.44     9312.60    10322.35    10409   
42249662.00    2471       1970       4441       3529       7030      10559      10559       1.11       0.44     9520.16    10114.80    10559   
42374661.00    2617       2325       4942       3383       6675      10058      10058       1.11       0.47     9067.32    10567.64    10058   
42499660.00    2580       2356       4936       3420       6644      10064      10064       1.11       0.47     9058.27    10576.69    10064   
42624659.00    2595       2323       4918       3405       6677      10082      10082       1.11       0.47     9060.00    10574.95    10082   
42749658.00    2567       2336       4903       3433       6664      10097      10097       1.12       0.46     9009.73    10625.23    10097   
42874657.00    2637       2309       4946       3363       6691      10054      10054       1.13       0.46     8892.95    10742.01    10054   
42999656.00    2694       2356       5050       3306       6644       9950       9950       1.13       0.47     8813.85    10821.10     9950   
43124655.00    2630       2205       4835       3370       6795      10165      10165       1.13       0.45     9003.99    10630.97    10165   
43249654.00    2605       2162       4767       3395       6838      10233      10233       1.12       0.45     9097.46    10537.50    10233   
43374653.00    2536       2141       4677       3464       6859      10323      10323       1.12       0.45     9177.02    10457.93    10323   
43499652.00    2526       2115       4641       3474       6885      10359      10359       1.13       0.45     9206.89    10428.07    10359   
43624651.00    2634       2201       4835       3366       6799      10165      10165       1.13       0.46     9024.72    10610.24    10165   
43749650.00    2695       2311       5006       3305       6689       9994       9994       1.14       0.46     8800.90    10834.05     9994   
43874649.00    2664       2295       4959       3336       6705      10041      10041       1.14       0.46     8817.71    10817.25    10041   
43999648.00    2638       2222       4860       3362       6778      10140      10140       1.14       0.45     8890.92    10744.03    10140   
44124647.00    2625       2288       4913       3375       6712      10087      10087       1.14       0.46     8839.19    10795.76    10087   
44249646.00    2635       2268       4903       3365       6732      10097      10097       1.14       0.46     8886.00    10748.96    10097   
44374645.00    2502       2088       4590       3498       6912      10410      10410       1.14       0.44     9124.51    10510.45    10410   
44499644.00    2533       2070       4603       3467       6930      10397      10397       1.14       0.44     9090.16    10544.80    10397   
44624643.00    2530       2011       4541       3470       6989      10459      10459       1.13       0.44     9237.70    10397.25    10459   
44749642.00    2558       2063       4621       3442       6937      10379      10379       1.15       0.44     9057.77    10577.19    10379   
44874641.00    2568       2054       4622       3432       6946      10378      10378       1.14       0.44     9079.84    10555.11    10378   
44999640.00    2533       2021       4554       3467       6979      10446      10446       1.14       0.44     9192.77    10442.19    10446   
45124639.00    2484       1982       4466       3516       7018      10534      10534       1.14       0.43     9269.87    10365.09    10534   
45249638.00    2448       1876       4324       3552       7124      10676      10676       1.14       0.42     9369.96    10264.99    10676   
45374637.00    2396       1769       4165       3604       7231      10835      10835       1.14       0.41     9516.88    10118.07    10835   
45499636.00    2510       1938       4448       3490       7062      10552      10552       1.13       0.43     9327.73    10307.23    10552   
45624635.00    2501       1955       4456       3499       7045      10544      10544       1.14       0.43     9281.99    10352.97    10544   
45749634.00    2457       1890       4347       3543       7110      10653      10653       1.14       0.42     9383.38    10251.57    10653   
45874633.00    2464       1904       4368       3536       7096      10632      10632       1.13       0.43     9368.80    10266.16    10632   
45999632.00    2471       1892       4363       3529       7108      10637      10637       1.13       0.43     9402.74    10232.22    10637   
46124631.00    2477       2001       4478       3523       6999      10522      10522       1.13       0.43     9270.63    10364.32    10522   
46249630.00    2527       1969       4496       3473       7031      10504      10504       1.14       0.43     9248.14    10386.81    10504   
46374629.00    2502       1916       4418       3498       7084      10582      10582       1.14       0.43     9317.99    10316.97    10582   
46499628.00    2548       2007       4555       3452       6993      10445      10445       1.14       0.44     9173.02    10461.94    10445   
46624627.00    2534       1908       4442       3466       7092      10558      10558       1.13       0.43     9331.77    10303.18    10558   
46749626.00    2535       1941       4476       3465       7059      10524      10524       1.13       0.43     9278.57    10356.39    10524   
46874625.00    2610       2054       4664       3390       6946      10336      10336       1.13       0.44     9124.34    10510.61    10336   
46999624.00    2535       1934       4469       3465       7066      10531      10531       1.13       0.43     9308.01    10326.95    10531   
47124623.00    2588       1986       4574       3412       7014      10426      10426       1.13       0.44     9266.39    10368.56    10426   
47249622.00    2690       2184       4874       3310       6816      10126      10126       1.13       0.46     8973.63    10661.33    10126   
47374621.00    2669       2188       4857       3331       6812      10143      10143       1.13       0.46     8992.73    10642.22    10143   
47499620.00    2726       2285       5011       3274       6715       9989       9989       1.13       0.47     8860.43    10774.53     9989   
47624619.00    2662       2248       4910       3338       6752      10090      10090       1.13       0.46     8918.08    10716.87    10090   
47749618.00    2749       2252       5001       3251       6748       9999       9999       1.13       0.46     8818.10    10816.85     9999   
47874617.00    2792       2306       5098       3208       6694       9902       9902       1.13       0.47     8744.37    10890.58     9902   
47999616.00    2789       2279       5068       3211       6721       9932       9932       1.13       0.47     8784.43    10850.52     9932   
48124615.00    2710       2274       4984       3290       6726      10016      10016       1.13       0.46     8851.95    10783.00    10016   
48249614.00    2724       2276       5000       3276       6724      10000      10000       1.14       0.46     8774.58    10860.38    10000   
48374613.00    2716       2266       4982       3284       6734      10018      10018       1.14       0.46     8814.39    10820.56    10018   
48499612.00    2665       2127       4792       3335       6873      10208      10208       1.13       0.45     9007.36    10627.60    10208   
48624611.00    2669       2173       4842       3331       6827      10158      10158       1.13       0.46     9028.50    10606.45    10158   
48749610.00    2641       2086       4727       3359       6914      10273      10273       1.12       0.45     9179.50    10455.45    10273   
48874609.00    2581       1995       4576       3419       7005      10424      10424       1.12       0.44     9305.29    10329.66    10424   
48999608.00    2587       1993       4580       3413       7007      10420      10420       1.12       0.44     9293.70    10341.26    10420   
49124607.00    2636       2082       4718       3364       6918      10282      10282       1.13       0.45     9122.31    10512.65    10282   
49249606.00    2664       2120       4784       3336       6880      10216      10216       1.14       0.45     8963.31    10671.64    10216   
49374605.00    2669       2179       4848       3331       6821      10152      10152       1.14       0.45     8889.59    10745.36    10152   
49499604.00    2672       2187       4859       3328       6813      10141      10141       1.15       0.45     8845.22    10789.73    10141   
49624603.00    2629       2114       4743       3371       6886      10257      10257       1.15       0.44     8951.91    10683.05    10257   
49749602.00    2666       2208       4874       3334       6792      10126      10126       1.14       0.45     8864.98    10769.98    10126   
49874601.00    2611       2054       4665       3389       6946      10335      10335       1.13       0.44     9133.65    10501.30    10335   
49999600.00    2581       2052       4633       3419       6948      10367      10367       1.13       0.44     9147.22    10487.74    10367   
