 Timestep    Gas_A      Gas_B     Gas_tot    Dense_A    Dense_B   Dense_tot   Lg_clust  DP_density GP_density Clust_area  Gas_area     MCS    
   0.00      13500       1500      15000        0          0          0          6         0.00       0.76       0.00     19634.96      0     
104166.00    13500       1500      15000        0          0          0          39        0.00       0.76       0.00     19634.96      0     
208332.00    13500       1500      15000        0          0          0          38        0.00       0.76       0.00     19634.96      0     
312498.00    13500       1500      15000        0          0          0          44        0.00       0.76       0.00     19634.96      0     
416664.00    13500       1500      15000        0          0          0          30        0.00       0.76       0.00     19634.96      0     
520830.00    13500       1500      15000        0          0          0          31        0.00       0.76       0.00     19634.96      0     
624996.00    13500       1500      15000        0          0          0          30        0.00       0.76       0.00     19634.96      0     
729162.00    13500       1500      15000        0          0          0          39        0.00       0.76       0.00     19634.96      0     
833328.00    13500       1500      15000        0          0          0          45        0.00       0.76       0.00     19634.96      0     
937494.00    13500       1500      15000        0          0          0          38        0.00       0.76       0.00     19634.96      0     
1041660.00   13500       1500      15000        0          0          0          56        0.00       0.76       0.00     19634.96      0     
1145826.00   13500       1500      15000        0          0          0          35        0.00       0.76       0.00     19634.96      0     
1249992.00   13500       1500      15000        0          0          0          36        0.00       0.76       0.00     19634.96      0     
1354158.00   13500       1500      15000        0          0          0          26        0.00       0.76       0.00     19634.96      0     
1458324.00   13500       1500      15000        0          0          0          31        0.00       0.76       0.00     19634.96      0     
1562490.00   13500       1500      15000        0          0          0          39        0.00       0.76       0.00     19634.96      0     
1666656.00   13500       1500      15000        0          0          0          31        0.00       0.76       0.00     19634.96      0     
1770822.00   13500       1500      15000        0          0          0          34        0.00       0.76       0.00     19634.96      0     
1874988.00   13500       1500      15000        0          0          0          44        0.00       0.76       0.00     19634.96      0     
1979154.00   13500       1500      15000        0          0          0          91        0.00       0.76       0.00     19634.96      0     
2083320.00   13500       1500      15000        0          0          0          70        0.00       0.76       0.00     19634.96      0     
2187486.00   13500       1500      15000        0          0          0          50        0.00       0.76       0.00     19634.96      0     
2291652.00   13500       1500      15000        0          0          0          72        0.00       0.76       0.00     19634.96      0     
2395818.00   13500       1500      15000        0          0          0          30        0.00       0.76       0.00     19634.96      0     
2499984.00   13500       1500      15000        0          0          0          38        0.00       0.76       0.00     19634.96      0     
2604150.00   13500       1500      15000        0          0          0          43        0.00       0.76       0.00     19634.96      0     
2708316.00   13500       1500      15000        0          0          0          49        0.00       0.76       0.00     19634.96      0     
2812482.00   13500       1500      15000        0          0          0          42        0.00       0.76       0.00     19634.96      0     
2916648.00   13500       1500      15000        0          0          0          48        0.00       0.76       0.00     19634.96      0     
3020814.00   13500       1500      15000        0          0          0          40        0.00       0.76       0.00     19634.96      0     
3124980.00   13500       1500      15000        0          0          0          36        0.00       0.76       0.00     19634.96      0     
3229146.00   13500       1500      15000        0          0          0          26        0.00       0.76       0.00     19634.96      0     
3333312.00   13500       1500      15000        0          0          0          43        0.00       0.76       0.00     19634.96      0     
3437478.00   13500       1500      15000        0          0          0          39        0.00       0.76       0.00     19634.96      0     
3541644.00   13500       1500      15000        0          0          0          41        0.00       0.76       0.00     19634.96      0     
3645810.00   13500       1500      15000        0          0          0          45        0.00       0.76       0.00     19634.96      0     
3749976.00   13500       1500      15000        0          0          0          34        0.00       0.76       0.00     19634.96      0     
3854142.00   13500       1500      15000        0          0          0          36        0.00       0.76       0.00     19634.96      0     
3958308.00   13500       1500      15000        0          0          0          33        0.00       0.76       0.00     19634.96      0     
4062474.00   13500       1500      15000        0          0          0          46        0.00       0.76       0.00     19634.96      0     
4166640.00   13500       1500      15000        0          0          0          50        0.00       0.76       0.00     19634.96      0     
4270806.00   13500       1500      15000        0          0          0          48        0.00       0.76       0.00     19634.96      0     
4374972.00   13500       1500      15000        0          0          0          49        0.00       0.76       0.00     19634.96      0     
4479138.00   13500       1500      15000        0          0          0          73        0.00       0.76       0.00     19634.96      0     
4583304.00   13500       1500      15000        0          0          0          40        0.00       0.76       0.00     19634.96      0     
4687470.00   13500       1500      15000        0          0          0          29        0.00       0.76       0.00     19634.96      0     
4791636.00   13500       1500      15000        0          0          0          46        0.00       0.76       0.00     19634.96      0     
4895802.00   13500       1500      15000        0          0          0          46        0.00       0.76       0.00     19634.96      0     
4999968.00   13500       1500      15000        0          0          0          53        0.00       0.76       0.00     19634.96      0     
5104134.00   13500       1500      15000        0          0          0          61        0.00       0.76       0.00     19634.96      0     
5208300.00   13500       1500      15000        0          0          0          61        0.00       0.76       0.00     19634.96      0     
5312466.00   13500       1500      15000        0          0          0          35        0.00       0.76       0.00     19634.96      0     
5416632.00   13500       1500      15000        0          0          0          32        0.00       0.76       0.00     19634.96      0     
5520798.00   13500       1500      15000        0          0          0          47        0.00       0.76       0.00     19634.96      0     
5624964.00   13500       1500      15000        0          0          0          34        0.00       0.76       0.00     19634.96      0     
5729130.00   13500       1500      15000        0          0          0          43        0.00       0.76       0.00     19634.96      0     
5833296.00   13500       1500      15000        0          0          0          37        0.00       0.76       0.00     19634.96      0     
5937462.00   13500       1500      15000        0          0          0          50        0.00       0.76       0.00     19634.96      0     
6041628.00   13500       1500      15000        0          0          0          33        0.00       0.76       0.00     19634.96      0     
6145794.00   13500       1500      15000        0          0          0          31        0.00       0.76       0.00     19634.96      0     
6249960.00   13500       1500      15000        0          0          0          24        0.00       0.76       0.00     19634.96      0     
6354126.00   13500       1500      15000        0          0          0          66        0.00       0.76       0.00     19634.96      0     
6458292.00   13500       1500      15000        0          0          0          36        0.00       0.76       0.00     19634.96      0     
6562458.00   13500       1500      15000        0          0          0          40        0.00       0.76       0.00     19634.96      0     
6666624.00   13500       1500      15000        0          0          0          50        0.00       0.76       0.00     19634.96      0     
6770790.00   13500       1500      15000        0          0          0          27        0.00       0.76       0.00     19634.96      0     
6874956.00   13500       1500      15000        0          0          0          45        0.00       0.76       0.00     19634.96      0     
6979122.00   13500       1500      15000        0          0          0          32        0.00       0.76       0.00     19634.96      0     
7083288.00   13500       1500      15000        0          0          0          38        0.00       0.76       0.00     19634.96      0     
7187454.00   13500       1500      15000        0          0          0          34        0.00       0.76       0.00     19634.96      0     
7291620.00   13500       1500      15000        0          0          0          28        0.00       0.76       0.00     19634.96      0     
7395786.00   13500       1500      15000        0          0          0          80        0.00       0.76       0.00     19634.96      0     
7499952.00   13500       1500      15000        0          0          0          41        0.00       0.76       0.00     19634.96      0     
7604118.00   13500       1500      15000        0          0          0          78        0.00       0.76       0.00     19634.96      0     
7708284.00   13500       1500      15000        0          0          0          70        0.00       0.76       0.00     19634.96      0     
7812450.00   13500       1500      15000        0          0          0          52        0.00       0.76       0.00     19634.96      0     
7916616.00   13500       1500      15000        0          0          0          38        0.00       0.76       0.00     19634.96      0     
8020782.00   13500       1500      15000        0          0          0          38        0.00       0.76       0.00     19634.96      0     
8124948.00   13500       1500      15000        0          0          0          40        0.00       0.76       0.00     19634.96      0     
8229114.00   13500       1500      15000        0          0          0          93        0.00       0.76       0.00     19634.96      0     
8333280.00   13500       1500      15000        0          0          0          47        0.00       0.76       0.00     19634.96      0     
8437446.00   13500       1500      15000        0          0          0          39        0.00       0.76       0.00     19634.96      0     
8541612.00   13500       1500      15000        0          0          0          34        0.00       0.76       0.00     19634.96      0     
8645778.00   13500       1500      15000        0          0          0          47        0.00       0.76       0.00     19634.96      0     
8749944.00   13500       1500      15000        0          0          0          41        0.00       0.76       0.00     19634.96      0     
8854110.00   13500       1500      15000        0          0          0          27        0.00       0.76       0.00     19634.96      0     
8958276.00   13500       1500      15000        0          0          0          46        0.00       0.76       0.00     19634.96      0     
9062442.00   13500       1500      15000        0          0          0          27        0.00       0.76       0.00     19634.96      0     
9166608.00   13500       1500      15000        0          0          0          41        0.00       0.76       0.00     19634.96      0     
9270774.00   13500       1500      15000        0          0          0          19        0.00       0.76       0.00     19634.96      0     
9374940.00   13500       1500      15000        0          0          0          36        0.00       0.76       0.00     19634.96      0     
9479106.00   13500       1500      15000        0          0          0          42        0.00       0.76       0.00     19634.96      0     
9583272.00   13500       1500      15000        0          0          0          33        0.00       0.76       0.00     19634.96      0     
9687438.00   13500       1500      15000        0          0          0          47        0.00       0.76       0.00     19634.96      0     
9791604.00   13500       1500      15000        0          0          0          53        0.00       0.76       0.00     19634.96      0     
9895770.00   13500       1500      15000        0          0          0          23        0.00       0.76       0.00     19634.96      0     
9999936.00   13500       1500      15000        0          0          0          37        0.00       0.76       0.00     19634.96      0     
10104102.00   13500       1500      15000        0          0          0          25        0.00       0.76       0.00     19634.96      0     
10208268.00   13500       1500      15000        0          0          0          30        0.00       0.76       0.00     19634.96      0     
10312434.00   13500       1500      15000        0          0          0          30        0.00       0.76       0.00     19634.96      0     
10416600.00   13500       1500      15000        0          0          0          27        0.00       0.76       0.00     19634.96      0     
10520766.00   13500       1500      15000        0          0          0          34        0.00       0.76       0.00     19634.96      0     
10624932.00   13500       1500      15000        0          0          0          44        0.00       0.76       0.00     19634.96      0     
10729098.00   13500       1500      15000        0          0          0          43        0.00       0.76       0.00     19634.96      0     
10833264.00   13500       1500      15000        0          0          0          42        0.00       0.76       0.00     19634.96      0     
10937430.00   13500       1500      15000        0          0          0          51        0.00       0.76       0.00     19634.96      0     
11041596.00   13500       1500      15000        0          0          0          45        0.00       0.76       0.00     19634.96      0     
11145762.00   13500       1500      15000        0          0          0          43        0.00       0.76       0.00     19634.96      0     
11249928.00   13500       1500      15000        0          0          0          37        0.00       0.76       0.00     19634.96      0     
11354094.00   13500       1500      15000        0          0          0          42        0.00       0.76       0.00     19634.96      0     
11458260.00   13500       1500      15000        0          0          0          53        0.00       0.76       0.00     19634.96      0     
11562426.00   13500       1500      15000        0          0          0          41        0.00       0.76       0.00     19634.96      0     
11666592.00   13500       1500      15000        0          0          0          39        0.00       0.76       0.00     19634.96      0     
11770758.00   13500       1500      15000        0          0          0          28        0.00       0.76       0.00     19634.96      0     
11874924.00   13500       1500      15000        0          0          0          29        0.00       0.76       0.00     19634.96      0     
11979090.00   13500       1500      15000        0          0          0          25        0.00       0.76       0.00     19634.96      0     
12083256.00   13500       1500      15000        0          0          0          36        0.00       0.76       0.00     19634.96      0     
12187422.00   13500       1500      15000        0          0          0          39        0.00       0.76       0.00     19634.96      0     
12291588.00   13500       1500      15000        0          0          0          52        0.00       0.76       0.00     19634.96      0     
12395754.00   13500       1500      15000        0          0          0          36        0.00       0.76       0.00     19634.96      0     
12499920.00   13500       1500      15000        0          0          0          28        0.00       0.76       0.00     19634.96      0     
12604086.00   13500       1500      15000        0          0          0          35        0.00       0.76       0.00     19634.96      0     
12708252.00   13500       1500      15000        0          0          0          48        0.00       0.76       0.00     19634.96      0     
12812418.00   13500       1500      15000        0          0          0          62        0.00       0.76       0.00     19634.96      0     
12916584.00   13500       1500      15000        0          0          0          31        0.00       0.76       0.00     19634.96      0     
13020750.00   13500       1500      15000        0          0          0          31        0.00       0.76       0.00     19634.96      0     
13124916.00   13500       1500      15000        0          0          0          35        0.00       0.76       0.00     19634.96      0     
13229082.00   13500       1500      15000        0          0          0          28        0.00       0.76       0.00     19634.96      0     
13333248.00   13500       1500      15000        0          0          0          61        0.00       0.76       0.00     19634.96      0     
13437414.00   13500       1500      15000        0          0          0          38        0.00       0.76       0.00     19634.96      0     
13541580.00   13500       1500      15000        0          0          0          38        0.00       0.76       0.00     19634.96      0     
13645746.00   13500       1500      15000        0          0          0          45        0.00       0.76       0.00     19634.96      0     
13749912.00   13500       1500      15000        0          0          0          31        0.00       0.76       0.00     19634.96      0     
13854078.00   13500       1500      15000        0          0          0          29        0.00       0.76       0.00     19634.96      0     
13958244.00   13500       1500      15000        0          0          0          31        0.00       0.76       0.00     19634.96      0     
14062410.00   13500       1500      15000        0          0          0          29        0.00       0.76       0.00     19634.96      0     
14166576.00   13500       1500      15000        0          0          0          28        0.00       0.76       0.00     19634.96      0     
14270742.00   13500       1500      15000        0          0          0          44        0.00       0.76       0.00     19634.96      0     
14374908.00   13500       1500      15000        0          0          0          41        0.00       0.76       0.00     19634.96      0     
14479074.00   13500       1500      15000        0          0          0          43        0.00       0.76       0.00     19634.96      0     
14583240.00   13500       1500      15000        0          0          0          45        0.00       0.76       0.00     19634.96      0     
14687406.00   13500       1500      15000        0          0          0          72        0.00       0.76       0.00     19634.96      0     
14791572.00   13500       1500      15000        0          0          0          32        0.00       0.76       0.00     19634.96      0     
14895738.00   13500       1500      15000        0          0          0          67        0.00       0.76       0.00     19634.96      0     
14999904.00   13500       1500      15000        0          0          0          58        0.00       0.76       0.00     19634.96      0     
15104070.00   13500       1500      15000        0          0          0          59        0.00       0.76       0.00     19634.96      0     
15208236.00   13500       1500      15000        0          0          0          26        0.00       0.76       0.00     19634.96      0     
15312402.00   13500       1500      15000        0          0          0          37        0.00       0.76       0.00     19634.96      0     
15416568.00   13500       1500      15000        0          0          0          36        0.00       0.76       0.00     19634.96      0     
15520734.00   13500       1500      15000        0          0          0          58        0.00       0.76       0.00     19634.96      0     
15624900.00   13500       1500      15000        0          0          0          37        0.00       0.76       0.00     19634.96      0     
15729066.00   13500       1500      15000        0          0          0          31        0.00       0.76       0.00     19634.96      0     
15833232.00   13500       1500      15000        0          0          0          36        0.00       0.76       0.00     19634.96      0     
15937398.00   13500       1500      15000        0          0          0          30        0.00       0.76       0.00     19634.96      0     
16041564.00   13500       1500      15000        0          0          0          45        0.00       0.76       0.00     19634.96      0     
16145730.00   13500       1500      15000        0          0          0          56        0.00       0.76       0.00     19634.96      0     
16249896.00   13500       1500      15000        0          0          0          60        0.00       0.76       0.00     19634.96      0     
16354062.00   13500       1500      15000        0          0          0          70        0.00       0.76       0.00     19634.96      0     
16458228.00   13500       1500      15000        0          0          0          32        0.00       0.76       0.00     19634.96      0     
16562394.00   13500       1500      15000        0          0          0          37        0.00       0.76       0.00     19634.96      0     
16666560.00   13500       1500      15000        0          0          0          55        0.00       0.76       0.00     19634.96      0     
16770726.00   13500       1500      15000        0          0          0          38        0.00       0.76       0.00     19634.96      0     
16874892.00   13500       1500      15000        0          0          0          48        0.00       0.76       0.00     19634.96      0     
16979058.00   13500       1500      15000        0          0          0          63        0.00       0.76       0.00     19634.96      0     
17083224.00   13500       1500      15000        0          0          0          32        0.00       0.76       0.00     19634.96      0     
17187390.00   13500       1500      15000        0          0          0          43        0.00       0.76       0.00     19634.96      0     
17291556.00   13500       1500      15000        0          0          0          42        0.00       0.76       0.00     19634.96      0     
17395722.00   13500       1500      15000        0          0          0          34        0.00       0.76       0.00     19634.96      0     
17499888.00   13500       1500      15000        0          0          0          51        0.00       0.76       0.00     19634.96      0     
17604054.00   13500       1500      15000        0          0          0          34        0.00       0.76       0.00     19634.96      0     
17708220.00   13500       1500      15000        0          0          0          34        0.00       0.76       0.00     19634.96      0     
17812386.00   13500       1500      15000        0          0          0          52        0.00       0.76       0.00     19634.96      0     
17916552.00   13500       1500      15000        0          0          0          59        0.00       0.76       0.00     19634.96      0     
18020718.00   13500       1500      15000        0          0          0          39        0.00       0.76       0.00     19634.96      0     
18124884.00   13500       1500      15000        0          0          0          36        0.00       0.76       0.00     19634.96      0     
18229050.00   13500       1500      15000        0          0          0          39        0.00       0.76       0.00     19634.96      0     
18333216.00   13500       1500      15000        0          0          0          26        0.00       0.76       0.00     19634.96      0     
18437382.00   13500       1500      15000        0          0          0          41        0.00       0.76       0.00     19634.96      0     
18541548.00   13500       1500      15000        0          0          0          48        0.00       0.76       0.00     19634.96      0     
18645714.00   13500       1500      15000        0          0          0          60        0.00       0.76       0.00     19634.96      0     
18749880.00   13500       1500      15000        0          0          0          37        0.00       0.76       0.00     19634.96      0     
18854046.00   13500       1500      15000        0          0          0          65        0.00       0.76       0.00     19634.96      0     
18958212.00   13500       1500      15000        0          0          0          59        0.00       0.76       0.00     19634.96      0     
19062378.00   13500       1500      15000        0          0          0          34        0.00       0.76       0.00     19634.96      0     
19166544.00   13500       1500      15000        0          0          0          29        0.00       0.76       0.00     19634.96      0     
19270710.00   13500       1500      15000        0          0          0          61        0.00       0.76       0.00     19634.96      0     
19374876.00   13500       1500      15000        0          0          0          45        0.00       0.76       0.00     19634.96      0     
19479042.00   13500       1500      15000        0          0          0          34        0.00       0.76       0.00     19634.96      0     
19583208.00   13500       1500      15000        0          0          0          28        0.00       0.76       0.00     19634.96      0     
19687374.00   13500       1500      15000        0          0          0          33        0.00       0.76       0.00     19634.96      0     
19791540.00   13500       1500      15000        0          0          0          38        0.00       0.76       0.00     19634.96      0     
19895706.00   13500       1500      15000        0          0          0          52        0.00       0.76       0.00     19634.96      0     
19999872.00   13500       1500      15000        0          0          0          27        0.00       0.76       0.00     19634.96      0     
20104038.00   13500       1500      15000        0          0          0          48        0.00       0.76       0.00     19634.96      0     
20208204.00   13500       1500      15000        0          0          0          35        0.00       0.76       0.00     19634.96      0     
20312370.00   13500       1500      15000        0          0          0          50        0.00       0.76       0.00     19634.96      0     
20416536.00   13500       1500      15000        0          0          0          53        0.00       0.76       0.00     19634.96      0     
20520702.00   13500       1500      15000        0          0          0          50        0.00       0.76       0.00     19634.96      0     
20624868.00   13500       1500      15000        0          0          0          51        0.00       0.76       0.00     19634.96      0     
20729034.00   13500       1500      15000        0          0          0          39        0.00       0.76       0.00     19634.96      0     
20833200.00   13500       1500      15000        0          0          0          43        0.00       0.76       0.00     19634.96      0     
20937366.00   13500       1500      15000        0          0          0          33        0.00       0.76       0.00     19634.96      0     
21041532.00   13500       1500      15000        0          0          0          46        0.00       0.76       0.00     19634.96      0     
21145698.00   13500       1500      15000        0          0          0          37        0.00       0.76       0.00     19634.96      0     
21249864.00   13500       1500      15000        0          0          0          50        0.00       0.76       0.00     19634.96      0     
21354030.00   13500       1500      15000        0          0          0          43        0.00       0.76       0.00     19634.96      0     
21458196.00   13500       1500      15000        0          0          0          41        0.00       0.76       0.00     19634.96      0     
21562362.00   13500       1500      15000        0          0          0          39        0.00       0.76       0.00     19634.96      0     
21666528.00   13500       1500      15000        0          0          0          28        0.00       0.76       0.00     19634.96      0     
21770694.00   13500       1500      15000        0          0          0          63        0.00       0.76       0.00     19634.96      0     
21874860.00   13500       1500      15000        0          0          0          39        0.00       0.76       0.00     19634.96      0     
21979026.00   13500       1500      15000        0          0          0          40        0.00       0.76       0.00     19634.96      0     
22083192.00   13500       1500      15000        0          0          0          44        0.00       0.76       0.00     19634.96      0     
22187358.00   13500       1500      15000        0          0          0          21        0.00       0.76       0.00     19634.96      0     
22291524.00   13500       1500      15000        0          0          0          23        0.00       0.76       0.00     19634.96      0     
22395690.00   13500       1500      15000        0          0          0          28        0.00       0.76       0.00     19634.96      0     
22499856.00   13500       1500      15000        0          0          0          41        0.00       0.76       0.00     19634.96      0     
22604022.00   13500       1500      15000        0          0          0          36        0.00       0.76       0.00     19634.96      0     
22708188.00   13500       1500      15000        0          0          0          21        0.00       0.76       0.00     19634.96      0     
22812354.00   13500       1500      15000        0          0          0          29        0.00       0.76       0.00     19634.96      0     
22916520.00   13500       1500      15000        0          0          0          56        0.00       0.76       0.00     19634.96      0     
23020686.00   13500       1500      15000        0          0          0          43        0.00       0.76       0.00     19634.96      0     
23124852.00   13500       1500      15000        0          0          0          29        0.00       0.76       0.00     19634.96      0     
23229018.00   13500       1500      15000        0          0          0          27        0.00       0.76       0.00     19634.96      0     
23333184.00   13500       1500      15000        0          0          0          43        0.00       0.76       0.00     19634.96      0     
23437350.00   13500       1500      15000        0          0          0          51        0.00       0.76       0.00     19634.96      0     
23541516.00   13500       1500      15000        0          0          0          30        0.00       0.76       0.00     19634.96      0     
23645682.00   13500       1500      15000        0          0          0          52        0.00       0.76       0.00     19634.96      0     
23749848.00   13500       1500      15000        0          0          0          48        0.00       0.76       0.00     19634.96      0     
23854014.00   13500       1500      15000        0          0          0          49        0.00       0.76       0.00     19634.96      0     
23958180.00   13500       1500      15000        0          0          0          49        0.00       0.76       0.00     19634.96      0     
24062346.00   13500       1500      15000        0          0          0          35        0.00       0.76       0.00     19634.96      0     
24166512.00   13500       1500      15000        0          0          0          35        0.00       0.76       0.00     19634.96      0     
24270678.00   13500       1500      15000        0          0          0          43        0.00       0.76       0.00     19634.96      0     
24374844.00   13500       1500      15000        0          0          0          46        0.00       0.76       0.00     19634.96      0     
24479010.00   13500       1500      15000        0          0          0         119        0.00       0.76       0.00     19634.96      0     
24583176.00   13500       1500      15000        0          0          0          32        0.00       0.76       0.00     19634.96      0     
24687342.00   13500       1500      15000        0          0          0          59        0.00       0.76       0.00     19634.96      0     
24791508.00   13500       1500      15000        0          0          0          49        0.00       0.76       0.00     19634.96      0     
24895674.00   13500       1500      15000        0          0          0          27        0.00       0.76       0.00     19634.96      0     
24999840.00   13500       1500      15000        0          0          0          39        0.00       0.76       0.00     19634.96      0     
25104006.00   13500       1500      15000        0          0          0          39        0.00       0.76       0.00     19634.96      0     
25208172.00   13500       1500      15000        0          0          0          31        0.00       0.76       0.00     19634.96      0     
25312338.00   13500       1500      15000        0          0          0          40        0.00       0.76       0.00     19634.96      0     
25416504.00   13500       1500      15000        0          0          0          47        0.00       0.76       0.00     19634.96      0     
25520670.00   13500       1500      15000        0          0          0          52        0.00       0.76       0.00     19634.96      0     
25624836.00   13500       1500      15000        0          0          0          62        0.00       0.76       0.00     19634.96      0     
25729002.00   13500       1500      15000        0          0          0          32        0.00       0.76       0.00     19634.96      0     
25833168.00   13500       1500      15000        0          0          0          48        0.00       0.76       0.00     19634.96      0     
25937334.00   13500       1500      15000        0          0          0          63        0.00       0.76       0.00     19634.96      0     
26041500.00   13500       1500      15000        0          0          0          56        0.00       0.76       0.00     19634.96      0     
26145666.00   13500       1500      15000        0          0          0          59        0.00       0.76       0.00     19634.96      0     
26249832.00   13500       1500      15000        0          0          0          36        0.00       0.76       0.00     19634.96      0     
26353998.00   13500       1500      15000        0          0          0          61        0.00       0.76       0.00     19634.96      0     
26458164.00   13500       1500      15000        0          0          0          31        0.00       0.76       0.00     19634.96      0     
26562330.00   13500       1500      15000        0          0          0          18        0.00       0.76       0.00     19634.96      0     
26666496.00   13500       1500      15000        0          0          0          30        0.00       0.76       0.00     19634.96      0     
26770662.00   13500       1500      15000        0          0          0          51        0.00       0.76       0.00     19634.96      0     
26874828.00   13500       1500      15000        0          0          0          31        0.00       0.76       0.00     19634.96      0     
26978994.00   13500       1500      15000        0          0          0          34        0.00       0.76       0.00     19634.96      0     
27083160.00   13500       1500      15000        0          0          0          51        0.00       0.76       0.00     19634.96      0     
27187326.00   13500       1500      15000        0          0          0          32        0.00       0.76       0.00     19634.96      0     
27291492.00   13500       1500      15000        0          0          0          37        0.00       0.76       0.00     19634.96      0     
27395658.00   13500       1500      15000        0          0          0          54        0.00       0.76       0.00     19634.96      0     
27499824.00   13500       1500      15000        0          0          0          41        0.00       0.76       0.00     19634.96      0     
27603990.00   13500       1500      15000        0          0          0          27        0.00       0.76       0.00     19634.96      0     
27708156.00   13500       1500      15000        0          0          0          39        0.00       0.76       0.00     19634.96      0     
27812322.00   13500       1500      15000        0          0          0          92        0.00       0.76       0.00     19634.96      0     
27916488.00   13500       1500      15000        0          0          0          23        0.00       0.76       0.00     19634.96      0     
28020654.00   13500       1500      15000        0          0          0          39        0.00       0.76       0.00     19634.96      0     
28124820.00   13500       1500      15000        0          0          0          64        0.00       0.76       0.00     19634.96      0     
28228986.00   13500       1500      15000        0          0          0          48        0.00       0.76       0.00     19634.96      0     
28333152.00   13500       1500      15000        0          0          0          32        0.00       0.76       0.00     19634.96      0     
28437318.00   13500       1500      15000        0          0          0          27        0.00       0.76       0.00     19634.96      0     
28541484.00   13500       1500      15000        0          0          0          34        0.00       0.76       0.00     19634.96      0     
28645650.00   13500       1500      15000        0          0          0          41        0.00       0.76       0.00     19634.96      0     
28749816.00   13500       1500      15000        0          0          0          39        0.00       0.76       0.00     19634.96      0     
28853982.00   13500       1500      15000        0          0          0          53        0.00       0.76       0.00     19634.96      0     
28958148.00   13500       1500      15000        0          0          0          49        0.00       0.76       0.00     19634.96      0     
29062314.00   13500       1500      15000        0          0          0          44        0.00       0.76       0.00     19634.96      0     
29166480.00   13500       1500      15000        0          0          0          47        0.00       0.76       0.00     19634.96      0     
29270646.00   13500       1500      15000        0          0          0          46        0.00       0.76       0.00     19634.96      0     
29374812.00   13500       1500      15000        0          0          0          37        0.00       0.76       0.00     19634.96      0     
29478978.00   13500       1500      15000        0          0          0          40        0.00       0.76       0.00     19634.96      0     
29583144.00   13500       1500      15000        0          0          0          30        0.00       0.76       0.00     19634.96      0     
29687310.00   13500       1500      15000        0          0          0          47        0.00       0.76       0.00     19634.96      0     
29791476.00   13500       1500      15000        0          0          0          58        0.00       0.76       0.00     19634.96      0     
29895642.00   13500       1500      15000        0          0          0         145        0.00       0.76       0.00     19634.96      0     
29999808.00   13500       1500      15000        0          0          0          46        0.00       0.76       0.00     19634.96      0     
30103974.00   13500       1500      15000        0          0          0          30        0.00       0.76       0.00     19634.96      0     
30208140.00   13500       1500      15000        0          0          0          55        0.00       0.76       0.00     19634.96      0     
30312306.00   13500       1500      15000        0          0          0          48        0.00       0.76       0.00     19634.96      0     
30416472.00   13500       1500      15000        0          0          0          83        0.00       0.76       0.00     19634.96      0     
30520638.00   13500       1500      15000        0          0          0          50        0.00       0.76       0.00     19634.96      0     
30624804.00   13500       1500      15000        0          0          0          32        0.00       0.76       0.00     19634.96      0     
30728970.00   13500       1500      15000        0          0          0          22        0.00       0.76       0.00     19634.96      0     
30833136.00   13500       1500      15000        0          0          0          25        0.00       0.76       0.00     19634.96      0     
30937302.00   13500       1500      15000        0          0          0          26        0.00       0.76       0.00     19634.96      0     
31041468.00   13500       1500      15000        0          0          0          33        0.00       0.76       0.00     19634.96      0     
31145634.00   13500       1500      15000        0          0          0          65        0.00       0.76       0.00     19634.96      0     
31249800.00   13500       1500      15000        0          0          0          39        0.00       0.76       0.00     19634.96      0     
31353966.00   13500       1500      15000        0          0          0          34        0.00       0.76       0.00     19634.96      0     
31458132.00   13500       1500      15000        0          0          0          37        0.00       0.76       0.00     19634.96      0     
31562298.00   13500       1500      15000        0          0          0          47        0.00       0.76       0.00     19634.96      0     
31666464.00   13500       1500      15000        0          0          0          47        0.00       0.76       0.00     19634.96      0     
31770630.00   13500       1500      15000        0          0          0          24        0.00       0.76       0.00     19634.96      0     
31874796.00   13500       1500      15000        0          0          0          34        0.00       0.76       0.00     19634.96      0     
31978962.00   13500       1500      15000        0          0          0          33        0.00       0.76       0.00     19634.96      0     
32083128.00   13500       1500      15000        0          0          0          27        0.00       0.76       0.00     19634.96      0     
32187294.00   13500       1500      15000        0          0          0          55        0.00       0.76       0.00     19634.96      0     
32291460.00   13500       1500      15000        0          0          0          44        0.00       0.76       0.00     19634.96      0     
32395626.00   13500       1500      15000        0          0          0          39        0.00       0.76       0.00     19634.96      0     
32499792.00   13500       1500      15000        0          0          0          44        0.00       0.76       0.00     19634.96      0     
32603958.00   13500       1500      15000        0          0          0          28        0.00       0.76       0.00     19634.96      0     
32708124.00   13500       1500      15000        0          0          0          73        0.00       0.76       0.00     19634.96      0     
32812290.00   13500       1500      15000        0          0          0          38        0.00       0.76       0.00     19634.96      0     
32916456.00   13500       1500      15000        0          0          0          34        0.00       0.76       0.00     19634.96      0     
33020622.00   13500       1500      15000        0          0          0          45        0.00       0.76       0.00     19634.96      0     
33124788.00   13500       1500      15000        0          0          0          64        0.00       0.76       0.00     19634.96      0     
33228954.00   13500       1500      15000        0          0          0          39        0.00       0.76       0.00     19634.96      0     
33333120.00   13500       1500      15000        0          0          0          55        0.00       0.76       0.00     19634.96      0     
33437286.00   13500       1500      15000        0          0          0          34        0.00       0.76       0.00     19634.96      0     
33541452.00   13500       1500      15000        0          0          0          57        0.00       0.76       0.00     19634.96      0     
33645618.00   13500       1500      15000        0          0          0          30        0.00       0.76       0.00     19634.96      0     
33749784.00   13500       1500      15000        0          0          0          36        0.00       0.76       0.00     19634.96      0     
33853950.00   13500       1500      15000        0          0          0          34        0.00       0.76       0.00     19634.96      0     
33958116.00   13500       1500      15000        0          0          0          36        0.00       0.76       0.00     19634.96      0     
34062282.00   13500       1500      15000        0          0          0          31        0.00       0.76       0.00     19634.96      0     
34166448.00   13500       1500      15000        0          0          0          21        0.00       0.76       0.00     19634.96      0     
34270614.00   13500       1500      15000        0          0          0          34        0.00       0.76       0.00     19634.96      0     
34374780.00   13500       1500      15000        0          0          0          33        0.00       0.76       0.00     19634.96      0     
34478946.00   13500       1500      15000        0          0          0          48        0.00       0.76       0.00     19634.96      0     
34583112.00   13500       1500      15000        0          0          0          31        0.00       0.76       0.00     19634.96      0     
34687278.00   13500       1500      15000        0          0          0          37        0.00       0.76       0.00     19634.96      0     
34791444.00   13500       1500      15000        0          0          0          48        0.00       0.76       0.00     19634.96      0     
34895610.00   13500       1500      15000        0          0          0          35        0.00       0.76       0.00     19634.96      0     
34999776.00   13500       1500      15000        0          0          0          35        0.00       0.76       0.00     19634.96      0     
35103942.00   13500       1500      15000        0          0          0          34        0.00       0.76       0.00     19634.96      0     
35208108.00   13500       1500      15000        0          0          0          74        0.00       0.76       0.00     19634.96      0     
35312274.00   13500       1500      15000        0          0          0          69        0.00       0.76       0.00     19634.96      0     
35416440.00   13500       1500      15000        0          0          0          48        0.00       0.76       0.00     19634.96      0     
35520606.00   13500       1500      15000        0          0          0          46        0.00       0.76       0.00     19634.96      0     
35624772.00   13500       1500      15000        0          0          0          46        0.00       0.76       0.00     19634.96      0     
35728938.00   13500       1500      15000        0          0          0          29        0.00       0.76       0.00     19634.96      0     
35833104.00   13500       1500      15000        0          0          0          38        0.00       0.76       0.00     19634.96      0     
35937270.00   13500       1500      15000        0          0          0          32        0.00       0.76       0.00     19634.96      0     
36041436.00   13500       1500      15000        0          0          0          51        0.00       0.76       0.00     19634.96      0     
36145602.00   13500       1500      15000        0          0          0          41        0.00       0.76       0.00     19634.96      0     
36249768.00   13500       1500      15000        0          0          0          46        0.00       0.76       0.00     19634.96      0     
36353934.00   13500       1500      15000        0          0          0          73        0.00       0.76       0.00     19634.96      0     
36458100.00   13500       1500      15000        0          0          0          27        0.00       0.76       0.00     19634.96      0     
36562266.00   13500       1500      15000        0          0          0          26        0.00       0.76       0.00     19634.96      0     
36666432.00   13500       1500      15000        0          0          0          44        0.00       0.76       0.00     19634.96      0     
36770598.00   13500       1500      15000        0          0          0          42        0.00       0.76       0.00     19634.96      0     
36874764.00   13500       1500      15000        0          0          0          57        0.00       0.76       0.00     19634.96      0     
36978930.00   13500       1500      15000        0          0          0          25        0.00       0.76       0.00     19634.96      0     
37083096.00   13500       1500      15000        0          0          0          32        0.00       0.76       0.00     19634.96      0     
37187262.00   13500       1500      15000        0          0          0          27        0.00       0.76       0.00     19634.96      0     
37291428.00   13500       1500      15000        0          0          0          62        0.00       0.76       0.00     19634.96      0     
37395594.00   13500       1500      15000        0          0          0          39        0.00       0.76       0.00     19634.96      0     
37499760.00   13500       1500      15000        0          0          0          39        0.00       0.76       0.00     19634.96      0     
37603926.00   13500       1500      15000        0          0          0          31        0.00       0.76       0.00     19634.96      0     
37708092.00   13500       1500      15000        0          0          0          30        0.00       0.76       0.00     19634.96      0     
37812258.00   13500       1500      15000        0          0          0          62        0.00       0.76       0.00     19634.96      0     
37916424.00   13500       1500      15000        0          0          0          38        0.00       0.76       0.00     19634.96      0     
38020590.00   13500       1500      15000        0          0          0          40        0.00       0.76       0.00     19634.96      0     
38124756.00   13500       1500      15000        0          0          0          85        0.00       0.76       0.00     19634.96      0     
38228922.00   13500       1500      15000        0          0          0          44        0.00       0.76       0.00     19634.96      0     
38333088.00   13500       1500      15000        0          0          0          47        0.00       0.76       0.00     19634.96      0     
38437254.00   13500       1500      15000        0          0          0          52        0.00       0.76       0.00     19634.96      0     
38541420.00   13500       1500      15000        0          0          0          33        0.00       0.76       0.00     19634.96      0     
38645586.00   13500       1500      15000        0          0          0          34        0.00       0.76       0.00     19634.96      0     
38749752.00   13500       1500      15000        0          0          0          29        0.00       0.76       0.00     19634.96      0     
38853918.00   13500       1500      15000        0          0          0          28        0.00       0.76       0.00     19634.96      0     
38958084.00   13500       1500      15000        0          0          0          30        0.00       0.76       0.00     19634.96      0     
39062250.00   13500       1500      15000        0          0          0          29        0.00       0.76       0.00     19634.96      0     
39166416.00   13500       1500      15000        0          0          0          43        0.00       0.76       0.00     19634.96      0     
39270582.00   13500       1500      15000        0          0          0          28        0.00       0.76       0.00     19634.96      0     
39374748.00   13500       1500      15000        0          0          0          22        0.00       0.76       0.00     19634.96      0     
39478914.00   13500       1500      15000        0          0          0          32        0.00       0.76       0.00     19634.96      0     
39583080.00   13500       1500      15000        0          0          0          27        0.00       0.76       0.00     19634.96      0     
39687246.00   13500       1500      15000        0          0          0          68        0.00       0.76       0.00     19634.96      0     
39791412.00   13500       1500      15000        0          0          0          44        0.00       0.76       0.00     19634.96      0     
39895578.00   13500       1500      15000        0          0          0          31        0.00       0.76       0.00     19634.96      0     
39999744.00   13500       1500      15000        0          0          0          41        0.00       0.76       0.00     19634.96      0     
40103910.00   13500       1500      15000        0          0          0          30        0.00       0.76       0.00     19634.96      0     
40208076.00   13500       1500      15000        0          0          0          57        0.00       0.76       0.00     19634.96      0     
40312242.00   13500       1500      15000        0          0          0          31        0.00       0.76       0.00     19634.96      0     
40416408.00   13500       1500      15000        0          0          0          39        0.00       0.76       0.00     19634.96      0     
40520574.00   13500       1500      15000        0          0          0          40        0.00       0.76       0.00     19634.96      0     
40624740.00   13500       1500      15000        0          0          0          47        0.00       0.76       0.00     19634.96      0     
40728906.00   13500       1500      15000        0          0          0          42        0.00       0.76       0.00     19634.96      0     
40833072.00   13500       1500      15000        0          0          0          41        0.00       0.76       0.00     19634.96      0     
40937238.00   13500       1500      15000        0          0          0          56        0.00       0.76       0.00     19634.96      0     
41041404.00   13500       1500      15000        0          0          0          36        0.00       0.76       0.00     19634.96      0     
41145570.00   13500       1500      15000        0          0          0          32        0.00       0.76       0.00     19634.96      0     
41249736.00   13500       1500      15000        0          0          0          33        0.00       0.76       0.00     19634.96      0     
41353902.00   13500       1500      15000        0          0          0          50        0.00       0.76       0.00     19634.96      0     
41458068.00   13500       1500      15000        0          0          0          52        0.00       0.76       0.00     19634.96      0     
41562234.00   13500       1500      15000        0          0          0          60        0.00       0.76       0.00     19634.96      0     
41666400.00   13500       1500      15000        0          0          0          37        0.00       0.76       0.00     19634.96      0     
