 Timestep    Gas_A      Gas_B     Gas_tot    Dense_A    Dense_B   Dense_tot   Lg_clust  DP_density GP_density Clust_area  Gas_area     MCS    
   0.00       6000       9000      15000        0          0          0          6         0.00       0.76       0.00     19634.96      0     
 93750.00     6000       9000      15000        0          0          0         586        0.00       0.76       0.00     19634.96      0     
187500.00     5527       8301      13828       473        699        1172       1172       0.99       0.75     1186.58    18448.38     1172   
281250.00     4339       6469      10808       1661       2531       4192       1631       1.00       0.70     4209.75    15425.20     1397   
375000.00     3215       4703       7918       2785       4297       7082       3894       1.03       0.62     6902.70    12732.26     2360   
468750.00     2739       3914       6653       3261       5086       8347       4542       1.05       0.57     7955.61    11679.34     2782   
562500.00     2470       3508       5978       3530       5492       9022       5182       1.08       0.53     8367.68    11267.27     3007   
656250.00     1940       2727       4667       4060       6273      10333       8079       1.08       0.46     9548.19    10086.77     5166   
750000.00     1760       2376       4136       4240       6624      10864       8333       1.09       0.43     9949.13    9685.83      5432   
843750.00     1509       1997       3506       4491       7003      11494       8823       1.10       0.38     10430.25   9204.71      5747   
937500.00     1457       1997       3454       4543       7003      11546       8794       1.09       0.38     10549.79   9085.16      5773   
1031250.00    1344       1841       3185       4656       7159      11815       9130       1.09       0.36     10798.12   8836.83      5907   
1125000.00    1349       1851       3200       4651       7149      11800       9127       1.10       0.36     10747.11   8887.84      5900   
1218750.00    1302       1687       2989       4698       7313      12011       9365       1.09       0.35     10986.53   8648.43      6005   
1312500.00    1355       1763       3118       4645       7237      11882      11882       1.09       0.36     10910.44   8724.52     11882   
1406250.00    1333       1739       3072       4667       7261      11928      11928       1.09       0.35     10934.10   8700.85     11928   
1500000.00    1342       1764       3106       4658       7236      11894      11894       1.10       0.35     10856.34   8778.61     11894   
1593750.00    1375       1835       3210       4625       7165      11790      11790       1.09       0.36     10786.78   8848.17     11790   
1687500.00    1263       1778       3041       4737       7222      11959      11959       1.09       0.35     11008.17   8626.79     11959   
1781250.00    1356       1800       3156       4644       7200      11844       9060       1.09       0.36     10825.57   8809.38      5922   
1875000.00    1320       1798       3118       4680       7202      11882       9020       1.09       0.36     10881.34   8753.61      5941   
1968750.00    1340       1729       3069       4660       7271      11931       9041       1.10       0.35     10891.83   8743.13      5965   
2062500.00    1383       1861       3244       4617       7139      11756       8947       1.10       0.36     10723.29   8911.66      5878   
2156250.00    1406       1897       3303       4594       7103      11697       9029       1.11       0.36     10572.06   9062.89      5848   
2250000.00    1348       1772       3120       4652       7228      11880       9205       1.11       0.35     10690.64   8944.32      5940   
2343750.00    1339       1815       3154       4661       7185      11846       9179       1.11       0.35     10698.45   8936.51      5923   
2437500.00    1307       1835       3142       4693       7165      11858       9186       1.11       0.35     10717.78   8917.17      5929   
2531250.00    1209       1712       2921       4791       7288      12079      12079       1.11       0.33     10906.07   8728.89     12079   
2625000.00    1230       1683       2913       4770       7317      12087      12087       1.11       0.33     10922.45   8712.51     12087   
2718750.00    1276       1738       3014       4724       7262      11986       9432       1.11       0.34     10765.01   8869.95      5993   
2812500.00    1147       1579       2726       4853       7421      12274       9650       1.11       0.32     11039.65   8595.30      6137   
2906250.00    1157       1555       2712       4843       7445      12288      12288       1.12       0.31     10990.53   8644.42     12288   
3000000.00    1172       1620       2792       4828       7380      12208      12208       1.11       0.32     10978.07   8656.88     12208   
3093750.00    1147       1595       2742       4853       7405      12258      12258       1.12       0.32     10969.99   8664.97     12258   
3187500.00    1127       1574       2701       4873       7426      12299       9966       1.12       0.31     10945.14   8689.81      6149   
3281250.00    1100       1581       2681       4900       7419      12319      12319       1.12       0.31     11017.31   8617.64     12319   
3375000.00    1057       1489       2546       4943       7511      12454      12454       1.12       0.30     11105.57   8529.39     12454   
3468750.00    1041       1457       2498       4959       7543      12502      10232       1.12       0.30     11201.76   8433.19      6251   
3562500.00    1089       1504       2593       4911       7496      12407      10097       1.11       0.31     11181.19   8453.77      6203   
3656250.00    1173       1672       2845       4827       7328      12155       9948       1.11       0.33     10986.52   8648.44      6077   
3750000.00    1205       1734       2939       4795       7266      12061       9894       1.10       0.34     10966.48   8668.48      6030   
3843750.00    1224       1756       2980       4776       7244      12020       9866       1.10       0.34     10919.54   8715.41      6010   
3937500.00    1262       1796       3058       4738       7204      11942       9877       1.11       0.34     10762.47   8872.48      5971   
4031250.00    1174       1625       2799       4826       7375      12201      12201       1.11       0.33     11032.88   8602.08     12201   
4125000.00    1145       1573       2718       4855       7427      12282      10329       1.11       0.32     11085.05   8549.91      6141   
4218750.00    1201       1634       2835       4799       7366      12165      10235       1.10       0.33     11105.62   8529.34      6082   
4312500.00    1286       1720       3006       4714       7280      11994       9940       1.09       0.35     10959.66   8675.30      5997   
4406250.00    1285       1755       3040       4715       7245      11960       9914       1.10       0.35     10894.76   8740.20      5980   
4500000.00    1338       1862       3200       4662       7138      11800       9724       1.11       0.36     10676.87   8958.09      5900   
4593750.00    1306       1747       3053       4694       7253      11947       9825       1.11       0.34     10752.92   8882.04      5973   
4687500.00    1266       1735       3001       4734       7265      11999       9882       1.11       0.34     10770.62   8864.34      5999   
4781250.00    1337       1821       3158       4663       7179      11842       9764       1.12       0.35     10575.57   9059.38      5921   
4875000.00    1272       1775       3047       4728       7225      11953       9838       1.12       0.34     10688.48   8946.47      5976   
4968750.00    1197       1690       2887       4803       7310      12113       9960       1.12       0.33     10825.52   8809.43      6056   
5062500.00    1223       1656       2879       4777       7344      12121      10010       1.11       0.33     10920.82   8714.14      6060   
5156250.00    1344       1938       3282       4656       7062      11718      11718       1.11       0.36     10553.50   9081.46     11718   
5250000.00    1381       1937       3318       4619       7063      11682       9790       1.11       0.36     10522.65   9112.30      5841   
5343750.00    1320       1790       3110       4680       7210      11890      10012       1.11       0.35     10691.44   8943.51      5945   
5437500.00    1211       1641       2852       4789       7359      12148      10202       1.11       0.33     10945.87   8689.09      6074   
5531250.00    1270       1771       3041       4730       7229      11959      10166       1.11       0.34     10788.90   8846.05      5979   
5625000.00    1388       1927       3315       4612       7073      11685       9967       1.10       0.37     10584.08   9050.88      5842   
5718750.00    1386       1967       3353       4614       7033      11647      10029       1.11       0.37     10487.61   9147.35      5823   
5812500.00    1361       1882       3243       4639       7118      11757      10148       1.12       0.35     10497.64   9137.31      5878   
5906250.00    1342       1825       3167       4658       7175      11833      10227       1.12       0.35     10541.86   9093.10      5916   
6000000.00    1259       1709       2968       4741       7291      12032      10450       1.13       0.33     10660.14   8974.81      6016   
6093750.00    1169       1615       2784       4831       7385      12216      10675       1.13       0.32     10811.34   8823.62      6108   
6187500.00    1158       1547       2705       4842       7453      12295      10821       1.13       0.31     10912.25   8722.70      6147   
6281250.00    1088       1547       2635       4912       7453      12365      10894       1.12       0.31     11014.82   8620.13      6182   
6375000.00    1110       1572       2682       4890       7428      12318      10833       1.12       0.31     10971.05   8663.91      6159   
6468750.00    1165       1636       2801       4835       7364      12199      10758       1.12       0.32     10857.13   8777.83      6099   
6562500.00    1193       1738       2931       4807       7262      12069      10701       1.12       0.33     10789.46   8845.49      6034   
6656250.00    1237       1740       2977       4763       7260      12023      10721       1.12       0.33     10721.41   8913.54      6011   
6750000.00    1237       1767       3004       4763       7233      11996      10680       1.12       0.34     10718.98   8915.98      5998   
6843750.00    1246       1741       2987       4754       7259      12013      12013       1.12       0.33     10705.97   8928.99     12013   
6937500.00    1237       1679       2916       4763       7321      12084      12084       1.12       0.33     10768.73   8866.23     12084   
7031250.00    1192       1590       2782       4808       7410      12218      12218       1.13       0.32     10850.82   8784.13     12218   
7125000.00    1582       2212       3794       4418       6788      11206      11206       1.13       0.39     9925.48    9709.47     11206   
7218750.00    1230       1613       2843       4770       7387      12157      12157       1.12       0.32     10851.37   8783.58     12157   
7312500.00    1584       2260       3844       4416       6740      11156      11156       1.12       0.40     9957.88    9677.08     11156   
7406250.00    1263       1780       3043       4737       7220      11957      11957       1.11       0.34     10752.17   8882.79     11957   
7500000.00    1610       2306       3916       4390       6694      11084      11084       1.12       0.40     9907.22    9727.74     11084   
7593750.00    1583       2288       3871       4417       6712      11129      11129       1.12       0.40     9897.70    9737.26     11129   
7687500.00    1539       2222       3761       4461       6778      11239      11239       1.12       0.39     10015.69   9619.26     11239   
7781250.00    1545       2234       3779       4455       6766      11221      11221       1.12       0.39     9999.08    9635.87     11221   
7875000.00    1542       2165       3707       4458       6835      11293      11293       1.12       0.39     10068.87   9566.09     11293   
7968750.00    1503       2146       3649       4497       6854      11351      11351       1.12       0.39     10158.09   9476.87     11351   
8062500.00    1462       2086       3548       4538       6914      11452      11452       1.11       0.38     10283.66   9351.30     11452   
8156250.00    1498       2083       3581       4502       6917      11419      11419       1.12       0.38     10204.86   9430.10     11419   
8250000.00    1458       2006       3464       4542       6994      11536      11536       1.12       0.37     10316.67   9318.28     11536   
8343750.00    1463       1919       3382       4537       7081      11618      11618       1.11       0.37     10455.92   9179.04     11618   
8437500.00    1518       1972       3490       4482       7028      11510      11510       1.12       0.37     10310.47   9324.48     11510   
8531250.00    1386       1831       3217       4614       7169      11783      11783       1.11       0.35     10568.65   9066.30     11783   
8625000.00    1298       1714       3012       4702       7286      11988      11988       1.11       0.34     10788.29   8846.66     11988   
8718750.00    1204       1607       2811       4796       7393      12189      12189       1.11       0.32     10944.41   8690.54     12189   
8812500.00    1248       1690       2938       4752       7310      12062      12062       1.12       0.33     10791.40   8843.55     12062   
8906250.00    1204       1585       2789       4796       7415      12211      12211       1.13       0.32     10848.77   8786.19     12211   
9000000.00    1244       1760       3004       4756       7240      11996      11996       1.12       0.34     10670.31   8964.65     11996   
9093750.00    1218       1717       2935       4782       7283      12065      12065       1.12       0.33     10770.79   8864.16     12065   
9187500.00    1228       1732       2960       4772       7268      12040      12040       1.11       0.34     10800.49   8834.46     12040   
9281250.00    1227       1688       2915       4773       7312      12085      12085       1.12       0.33     10826.75   8808.21     12085   
9375000.00    1282       1787       3069       4718       7213      11931      11931       1.12       0.34     10661.17   8973.79     11931   
9468750.00    1274       1698       2972       4726       7302      12028      12028       1.12       0.33     10744.36   8890.60     12028   
9562500.00    1291       1837       3128       4709       7163      11872      11872       1.12       0.35     10589.33   9045.63     11872   
9656250.00    1300       1860       3160       4700       7140      11840      11840       1.13       0.35     10493.72   9141.24     11840   
9750000.00    1260       1782       3042       4740       7218      11958      11958       1.12       0.34     10638.21   8996.74     11958   
9843750.00    1209       1743       2952       4791       7257      12048      12048       1.13       0.33     10671.10   8963.85     12048   
9937500.00    1219       1705       2924       4781       7295      12076      12076       1.12       0.33     10771.66   8863.29     12076   
10031250.00    1246       1669       2915       4754       7331      12085      12085       1.12       0.33     10774.32   8860.63     12085   
10125000.00    1231       1706       2937       4769       7294      12063      12063       1.13       0.33     10696.97   8937.99     12063   
10218750.00    1162       1653       2815       4838       7347      12185      12185       1.13       0.32     10830.80   8804.16     12185   
10312500.00    1208       1621       2829       4792       7379      12171      12171       1.13       0.32     10783.52   8851.43     12171   
10406250.00    1170       1647       2817       4830       7353      12183      12183       1.13       0.32     10784.60   8850.35     12183   
10500000.00    1204       1662       2866       4796       7338      12134      12134       1.13       0.32     10759.38   8875.57     12134   
10593750.00    1177       1692       2869       4823       7308      12131      12131       1.13       0.32     10694.91   8940.04     12131   
10687500.00    1247       1732       2979       4753       7268      12021      12021       1.14       0.33     10547.83   9087.12     12021   
10781250.00    1193       1662       2855       4807       7338      12145      12145       1.13       0.32     10713.79   8921.17     12145   
10875000.00    1158       1615       2773       4842       7385      12227      12227       1.13       0.31     10822.07   8812.89     12227   
10968750.00    1151       1598       2749       4849       7402      12251      12251       1.14       0.31     10739.71   8895.25     12251   
11062500.00    1055       1524       2579       4945       7476      12421      12421       1.14       0.30     10896.18   8738.77     12421   
11156250.00    1055       1584       2639       4945       7416      12361      12361       1.14       0.30     10854.58   8780.37     12361   
11250000.00    1104       1613       2717       4896       7387      12283      12283       1.13       0.31     10866.55   8768.40     12283   
11343750.00    1131       1623       2754       4869       7377      12246      12246       1.14       0.31     10776.91   8858.05     12246   
11437500.00    1186       1653       2839       4814       7347      12161      12161       1.14       0.32     10651.46   8983.50     12161   
11531250.00    1220       1763       2983       4780       7237      12017      12017       1.14       0.33     10537.77   9097.19     12017   
11625000.00    1206       1749       2955       4794       7251      12045      12045       1.13       0.33     10612.49   9022.47     12045   
11718750.00    1201       1684       2885       4799       7316      12115      12115       1.13       0.32     10718.26   8916.70     12115   
11812500.00    1171       1612       2783       4829       7388      12217      12217       1.13       0.32     10813.55   8821.41     12217   
11906250.00    1204       1659       2863       4796       7341      12137      12137       1.13       0.32     10718.93   8916.03     12137   
12000000.00    1165       1667       2832       4835       7333      12168      12168       1.14       0.31     10635.44   8999.51     12168   
12093750.00    1175       1606       2781       4825       7394      12219      12219       1.14       0.31     10671.64   8963.31     12219   
12187500.00    1067       1466       2533       4933       7534      12467      12467       1.14       0.29     10900.00   8734.96     12467   
12281250.00    1080       1450       2530       4920       7550      12470      12470       1.14       0.29     10951.79   8683.17     12470   
12375000.00    1044       1478       2522       4956       7522      12478      12478       1.14       0.29     10967.08   8667.88     12478   
12468750.00    1098       1518       2616       4902       7482      12384      12384       1.13       0.30     10933.57   8701.38     12384   
12562500.00    1103       1635       2738       4897       7365      12262      12262       1.13       0.31     10851.84   8783.11     12262   
12656250.00    1131       1647       2778       4869       7353      12222      12222       1.13       0.32     10827.23   8807.72     12222   
12750000.00    1143       1630       2773       4857       7370      12227      12227       1.13       0.31     10803.86   8831.09     12227   
12843750.00    1184       1685       2869       4816       7315      12131      12131       1.13       0.32     10726.09   8908.86     12131   
12937500.00    1217       1701       2918       4783       7299      12082      12082       1.14       0.32     10628.15   9006.80     12082   
13031250.00    1188       1698       2886       4812       7302      12114      12114       1.14       0.32     10619.79   9015.16     12114   
13125000.00    1228       1792       3020       4772       7208      11980      11980       1.13       0.33     10583.29   9051.67     11980   
13218750.00    1205       1753       2958       4795       7247      12042      12042       1.13       0.33     10669.45   8965.51     12042   
13312500.00    1205       1720       2925       4795       7280      12075      12075       1.13       0.33     10662.11   8972.85     12075   
13406250.00    1207       1728       2935       4793       7272      12065      12065       1.13       0.33     10641.00   8993.95     12065   
13500000.00    1176       1679       2855       4824       7321      12145      12145       1.13       0.32     10726.63   8908.33     12145   
13593750.00    1242       1804       3046       4758       7196      11954      11954       1.14       0.33     10531.22   9103.74     11954   
13687500.00    1206       1744       2950       4794       7256      12050      12050       1.13       0.33     10624.97   9009.99     12050   
13781250.00    1168       1684       2852       4832       7316      12148      12148       1.13       0.32     10730.46   8904.49     12148   
13875000.00    1209       1709       2918       4791       7291      12082      12082       1.13       0.33     10696.72   8938.23     12082   
13968750.00    1243       1690       2933       4757       7310      12067      12067       1.13       0.33     10681.20   8953.76     12067   
14062500.00    1231       1716       2947       4769       7284      12053      12053       1.13       0.33     10654.96   8980.00     12053   
14156250.00    1268       1727       2995       4732       7273      12005      12005       1.14       0.33     10574.95   9060.01     12005   
14250000.00    1270       1699       2969       4730       7301      12031      12031       1.13       0.33     10667.70   8967.25     12031   
14343750.00    1244       1677       2921       4756       7323      12079      12079       1.13       0.33     10659.42   8975.54     12079   
14437500.00    1277       1712       2989       4723       7288      12011      12011       1.13       0.33     10609.15   9025.80     12011   
14531250.00    1262       1664       2926       4738       7336      12074      12074       1.14       0.32     10604.73   9030.23     12074   
14625000.00    1143       1555       2698       4857       7445      12302      12302       1.14       0.31     10808.12   8826.83     12302   
14718750.00    1119       1531       2650       4881       7469      12350      12350       1.14       0.30     10875.70   8759.26     12350   
14812500.00    1029       1401       2430       4971       7599      12570      12570       1.13       0.29     11159.96   8475.00     12570   
14906250.00    1097       1514       2611       4903       7486      12389      12389       1.13       0.30     10959.84   8675.11     12389   
15000000.00    1096       1520       2616       4904       7480      12384      12384       1.13       0.30     10982.05   8652.90     12384   
15093750.00    1113       1457       2570       4887       7543      12430      12430       1.12       0.30     11072.67   8562.29     12430   
15187500.00    1201       1527       2728       4799       7473      12272      12272       1.13       0.31     10892.63   8742.32     12272   
15281250.00    1180       1528       2708       4820       7472      12292      12292       1.12       0.31     10972.55   8662.41     12292   
15375000.00    1245       1656       2901       4755       7344      12099      12099       1.12       0.33     10782.50   8852.46     12099   
15468750.00    1235       1631       2866       4765       7369      12134      12134       1.12       0.32     10804.35   8830.60     12134   
15562500.00    1177       1606       2783       4823       7394      12217      12217       1.12       0.32     10884.58   8750.37     12217   
15656250.00    1213       1754       2967       4787       7246      12033      12033       1.12       0.33     10730.31   8904.64     12033   
15750000.00    1277       1818       3095       4723       7182      11905      11905       1.13       0.34     10566.73   9068.22     11905   
15843750.00    1218       1696       2914       4782       7304      12086      12086       1.12       0.33     10776.01   8858.95     12086   
15937500.00    1270       1726       2996       4730       7274      12004      12004       1.13       0.33     10658.56   8976.40     12004   
16031250.00    1262       1735       2997       4738       7265      12003      12003       1.12       0.33     10686.60   8948.36     12003   
16125000.00    1274       1699       2973       4726       7301      12027      12027       1.12       0.34     10776.28   8858.67     12027   
16218750.00    1375       1827       3202       4625       7173      11798      11798       1.13       0.35     10451.86   9183.10     11798   
16312500.00    1316       1789       3105       4684       7211      11895      11895       1.13       0.34     10510.50   9124.46     11895   
16406250.00    1213       1647       2860       4787       7353      12140      12140       1.13       0.32     10768.67   8866.28     12140   
16500000.00    1248       1716       2964       4752       7284      12036      12036       1.12       0.33     10700.61   8934.34     12036   
16593750.00    1215       1616       2831       4785       7384      12169      12169       1.12       0.32     10854.67   8780.29     12169   
16687500.00    1248       1691       2939       4752       7309      12061      12061       1.11       0.33     10826.78   8808.18     12061   
16781250.00    1300       1745       3045       4700       7255      11955      11955       1.12       0.34     10707.12   8927.84     11955   
16875000.00    1257       1658       2915       4743       7342      12085      12085       1.11       0.33     10850.56   8784.40     12085   
16968750.00    1297       1776       3073       4703       7224      11927      11927       1.11       0.34     10716.95   8918.01     11927   
17062500.00    1321       1786       3107       4679       7214      11893      11893       1.13       0.34     10517.49   9117.46     11893   
17156250.00    1235       1711       2946       4765       7289      12054      12054       1.13       0.33     10665.36   8969.59     12054   
17250000.00    1179       1580       2759       4821       7420      12241      12241       1.13       0.31     10868.45   8766.50     12241   
17343750.00    1215       1586       2801       4785       7414      12199      12199       1.13       0.32     10828.88   8806.08     12199   
17437500.00    1255       1678       2933       4745       7322      12067      12067       1.13       0.33     10699.12   8935.83     12067   
17531250.00    1272       1690       2962       4728       7310      12038      12038       1.13       0.33     10641.22   8993.73     12038   
17625000.00    1131       1571       2702       4869       7429      12298      12298       1.13       0.31     10903.79   8731.16     12298   
17718750.00    1133       1495       2628       4867       7505      12372      12372       1.12       0.30     11001.65   8633.31     12372   
17812500.00    1155       1505       2660       4845       7495      12340      12340       1.13       0.31     10947.52   8687.44     12340   
17906250.00    1193       1571       2764       4807       7429      12236      12236       1.12       0.32     10900.72   8734.23     12236   
18000000.00    1221       1586       2807       4779       7414      12193      12193       1.12       0.32     10884.15   8750.80     12193   
18093750.00    1223       1594       2817       4777       7406      12183      12183       1.11       0.32     10954.69   8680.27     12183   
18187500.00    1217       1649       2866       4783       7351      12134      12134       1.12       0.33     10838.84   8796.11     12134   
18281250.00    1257       1614       2871       4743       7386      12129      12129       1.12       0.33     10825.10   8809.86     12129   
18375000.00    1247       1699       2946       4753       7301      12054      12054       1.12       0.33     10743.94   8891.01     12054   
18468750.00    1216       1693       2909       4784       7307      12091      12091       1.12       0.33     10817.20   8817.76     12091   
18562500.00    1214       1694       2908       4786       7306      12092      12092       1.12       0.33     10756.53   8878.43     12092   
18656250.00    1233       1654       2887       4767       7346      12113      12113       1.13       0.32     10736.14   8898.82     12113   
18750000.00    1136       1553       2689       4864       7447      12311      12311       1.13       0.31     10940.30   8694.66     12311   
18843750.00    1212       1594       2806       4788       7406      12194      12194       1.12       0.32     10901.42   8733.53     12194   
18937500.00    1212       1640       2852       4788       7360      12148      12148       1.13       0.32     10782.99   8851.96     12148   
19031250.00    1220       1666       2886       4780       7334      12114      12114       1.13       0.32     10713.70   8921.25     12114   
19125000.00    1194       1595       2789       4806       7405      12211      12211       1.12       0.32     10871.83   8763.12     12211   
19218750.00    1192       1606       2798       4808       7394      12202      12202       1.12       0.32     10857.94   8777.02     12202   
19312500.00    1214       1663       2877       4786       7337      12123      12123       1.12       0.32     10779.17   8855.78     12123   
19406250.00    1196       1704       2900       4804       7296      12100      12100       1.14       0.32     10656.84   8978.12     12100   
19500000.00    1116       1569       2685       4884       7431      12315      12315       1.14       0.30     10822.84   8812.11     12315   
19593750.00    1122       1553       2675       4878       7447      12325      12325       1.14       0.30     10824.42   8810.53     12325   
19687500.00    1116       1501       2617       4884       7499      12383      12383       1.13       0.30     10924.83   8710.13     12383   
19781250.00    1141       1518       2659       4859       7482      12341      12341       1.14       0.30     10838.43   8796.53     12341   
19875000.00    1139       1497       2636       4861       7503      12364      12364       1.14       0.30     10851.03   8783.92     12364   
19968750.00    1122       1505       2627       4878       7495      12373      12373       1.14       0.30     10840.52   8794.43     12373   
20062500.00    1122       1552       2674       4878       7448      12326      12326       1.14       0.30     10823.37   8811.58     12326   
20156250.00    1124       1504       2628       4876       7496      12372      12372       1.14       0.30     10850.48   8784.48     12372   
20250000.00    1114       1508       2622       4886       7492      12378      12378       1.14       0.30     10887.31   8747.65     12378   
20343750.00    1087       1462       2549       4913       7538      12451      12451       1.14       0.29     10965.45   8669.50     12451   
20437500.00    1144       1531       2675       4856       7469      12325      12325       1.13       0.31     10883.30   8751.65     12325   
20531250.00    1103       1496       2599       4897       7504      12401      12401       1.13       0.30     10944.54   8690.41     12401   
20625000.00    1087       1487       2574       4913       7513      12426      12426       1.13       0.30     11021.25   8613.71     12426   
20718750.00    1093       1503       2596       4907       7497      12404      12404       1.13       0.30     10990.38   8644.57     12404   
20812500.00    1101       1556       2657       4899       7444      12343      12343       1.13       0.31     10964.19   8670.76     12343   
20906250.00    1087       1550       2637       4913       7450      12363      12363       1.13       0.30     10954.69   8680.27     12363   
21000000.00    1149       1624       2773       4851       7376      12227      12227       1.13       0.31     10822.51   8812.45     12227   
21093750.00    1167       1681       2848       4833       7319      12152      12152       1.14       0.32     10688.81   8946.14     12152   
21187500.00    1167       1661       2828       4833       7339      12172      12172       1.13       0.32     10752.58   8882.38     12172   
21281250.00    1283       1797       3080       4717       7203      11920      11920       1.13       0.34     10508.17   9126.79     11920   
21375000.00    1235       1716       2951       4765       7284      12049      12049       1.13       0.33     10634.60   9000.36     12049   
21468750.00    1202       1676       2878       4798       7324      12122      12122       1.14       0.32     10630.81   9004.14     12122   
21562500.00    1221       1725       2946       4779       7275      12054      12054       1.14       0.33     10611.99   9022.97     12054   
21656250.00    1200       1657       2857       4800       7343      12143      12143       1.13       0.32     10765.00   8869.96     12143   
21750000.00    1208       1667       2875       4792       7333      12125      12125       1.13       0.32     10689.43   8945.52     12125   
21843750.00    1259       1743       3002       4741       7257      11998      11998       1.14       0.33     10532.11   9102.85     11998   
21937500.00    1240       1691       2931       4760       7309      12069      12069       1.14       0.33     10628.36   9006.60     12069   
22031250.00    1171       1639       2810       4829       7361      12190      12190       1.13       0.32     10743.82   8891.13     12190   
22125000.00    1133       1560       2693       4867       7440      12307      12307       1.13       0.31     10844.14   8790.82     12307   
22218750.00    1146       1588       2734       4854       7412      12266      12266       1.14       0.31     10775.77   8859.18     12266   
22312500.00    1123       1555       2678       4877       7445      12322      12322       1.15       0.30     10753.59   8881.36     12322   
22406250.00    1056       1464       2520       4944       7536      12480      12480       1.14       0.29     10915.60   8719.35     12480   
22500000.00    1026       1415       2441       4974       7585      12559      12559       1.14       0.28     10995.39   8639.56     12559   
22593750.00    976        1347       2323       5024       7653      12677      12677       1.13       0.27     11180.97   8453.98     12677   
22687500.00    1067       1415       2482       4933       7585      12518      12518       1.13       0.29     11039.81   8595.15     12518   
22781250.00    1103       1505       2608       4897       7495      12392      12392       1.13       0.30     10989.22   8645.73     12392   
22875000.00    1198       1659       2857       4802       7341      12143      12143       1.12       0.32     10814.29   8820.66     12143   
22968750.00    1169       1610       2779       4831       7390      12221      12221       1.13       0.32     10852.59   8782.37     12221   
23062500.00    1169       1586       2755       4831       7414      12245      12245       1.14       0.31     10775.61   8859.35     12245   
23156250.00    1060       1419       2479       4940       7581      12521      12521       1.13       0.29     11041.71   8593.25     12521   
23250000.00    1056       1509       2565       4944       7491      12435      12435       1.13       0.30     10963.63   8671.33     12435   
23343750.00    1070       1434       2504       4930       7566      12496      12496       1.13       0.29     11031.47   8603.49     12496   
23437500.00    989        1338       2327       5011       7662      12673      12673       1.13       0.28     11249.14   8385.81     12673   
23531250.00    1078       1532       2610       4922       7468      12390      12390       1.13       0.30     10944.17   8690.79     12390   
23625000.00    1024       1486       2510       4976       7514      12490      12490       1.12       0.29     11111.72   8523.24     12490   
23718750.00    1084       1556       2640       4916       7444      12360      12360       1.12       0.31     11017.98   8616.97     12360   
23812500.00    1180       1626       2806       4820       7374      12194      12194       1.12       0.32     10907.43   8727.52     12194   
23906250.00    1175       1639       2814       4825       7361      12186      12186       1.12       0.32     10878.09   8756.86     12186   
24000000.00    1199       1626       2825       4801       7374      12175      12175       1.12       0.32     10876.82   8758.13     12175   
24093750.00    1208       1602       2810       4792       7398      12190      12190       1.12       0.32     10857.65   8777.30     12190   
24187500.00    1253       1768       3021       4747       7232      11979      11979       1.13       0.34     10641.54   8993.42     11979   
24281250.00    1161       1607       2768       4839       7393      12232      12232       1.13       0.31     10843.98   8790.97     12232   
24375000.00    1240       1700       2940       4760       7300      12060      12060       1.13       0.33     10703.86   8931.10     12060   
24468750.00    1193       1618       2811       4807       7382      12189      12189       1.13       0.32     10823.64   8811.32     12189   
24562500.00    1180       1661       2841       4820       7339      12159      12159       1.12       0.32     10821.32   8813.64     12159   
24656250.00    1255       1717       2972       4745       7283      12028      12028       1.13       0.33     10679.39   8955.57     12028   
24750000.00    1263       1725       2988       4737       7275      12012      12012       1.13       0.33     10631.12   9003.83     12012   
24843750.00    1207       1647       2854       4793       7353      12146      12146       1.13       0.32     10704.70   8930.26     12146   
24937500.00    1153       1563       2716       4847       7437      12284      12284       1.13       0.31     10829.48   8805.48     12284   
25031250.00    1196       1611       2807       4804       7389      12193      12193       1.13       0.32     10776.29   8858.67     12193   
25125000.00    1203       1661       2864       4797       7339      12136      12136       1.14       0.32     10684.51   8950.45     12136   
25218750.00    1156       1648       2804       4844       7352      12196      12196       1.14       0.31     10682.91   8952.05     12196   
25312500.00    1146       1588       2734       4854       7412      12266      12266       1.14       0.31     10729.48   8905.48     12266   
25406250.00    1178       1603       2781       4822       7397      12219      12219       1.14       0.31     10735.73   8899.22     12219   
25500000.00    1243       1621       2864       4757       7379      12136      12136       1.13       0.32     10702.52   8932.44     12136   
25593750.00    1199       1629       2828       4801       7371      12172      12172       1.14       0.32     10692.51   8942.44     12172   
25687500.00    1170       1619       2789       4830       7381      12211      12211       1.14       0.31     10715.42   8919.53     12211   
25781250.00    1085       1504       2589       4915       7496      12411      12411       1.13       0.30     10945.93   8689.02     12411   
25875000.00    1078       1470       2548       4922       7530      12452      12452       1.13       0.30     11045.41   8589.55     12452   
25968750.00    1108       1567       2675       4892       7433      12325      12325       1.13       0.31     10922.24   8712.72     12325   
26062500.00    1175       1641       2816       4825       7359      12184      12184       1.13       0.32     10788.76   8846.20     12184   
26156250.00    1135       1628       2763       4865       7372      12237      12237       1.13       0.31     10836.89   8798.06     12237   
26250000.00    1180       1645       2825       4820       7355      12175      12175       1.13       0.32     10783.08   8851.88     12175   
26343750.00    1204       1615       2819       4796       7385      12181      12181       1.13       0.32     10734.89   8900.07     12181   
26437500.00    1174       1649       2823       4826       7351      12177      12177       1.13       0.32     10796.64   8838.31     12177   
26531250.00    1227       1693       2920       4773       7307      12080      12080       1.13       0.32     10647.86   8987.09     12080   
26625000.00    1209       1703       2912       4791       7297      12088      12088       1.14       0.32     10630.11   9004.85     12088   
26718750.00    1120       1537       2657       4880       7463      12343      12343       1.13       0.30     10894.41   8740.54     12343   
26812500.00    1100       1549       2649       4900       7451      12351      12351       1.14       0.30     10862.77   8772.18     12351   
26906250.00    1043       1418       2461       4957       7582      12539      12539       1.14       0.29     11015.41   8619.54     12539   
27000000.00    1060       1479       2539       4940       7521      12461      12461       1.13       0.29     10991.04   8643.92     12461   
27093750.00    1108       1532       2640       4892       7468      12360      12360       1.13       0.30     10909.65   8725.30     12360   
27187500.00    1142       1569       2711       4858       7431      12289      12289       1.14       0.31     10819.41   8815.54     12289   
27281250.00    1111       1610       2721       4889       7390      12279      12279       1.14       0.31     10795.56   8839.39     12279   
27375000.00    1081       1509       2590       4919       7491      12410      12410       1.13       0.30     10973.58   8661.37     12410   
27468750.00    1180       1648       2828       4820       7352      12172      12172       1.13       0.32     10753.70   8881.26     12172   
27562500.00    1107       1522       2629       4893       7478      12371      12371       1.14       0.30     10878.98   8755.97     12371   
27656250.00    1109       1552       2661       4891       7448      12339      12339       1.13       0.30     10891.59   8743.37     12339   
27750000.00    1153       1564       2717       4847       7436      12283      12283       1.14       0.31     10785.48   8849.47     12283   
27843750.00    1154       1558       2712       4846       7442      12288      12288       1.14       0.31     10760.27   8874.69     12288   
27937500.00    1126       1524       2650       4874       7476      12350      12350       1.15       0.30     10779.04   8855.92     12350   
28031250.00    1073       1525       2598       4927       7475      12402      12402       1.15       0.29     10750.89   8884.06     12402   
28125000.00    1050       1523       2573       4950       7477      12427      12427       1.15       0.29     10766.59   8868.37     12427   
28218750.00    1020       1470       2490       4980       7530      12510      12510       1.15       0.28     10857.02   8777.93     12510   
28312500.00    1060       1466       2526       4940       7534      12474      12474       1.15       0.29     10872.13   8762.82     12474   
28406250.00    1022       1419       2441       4978       7581      12559      12559       1.14       0.28     10978.89   8656.06     12559   
28500000.00    1065       1448       2513       4935       7552      12487      12487       1.14       0.29     10965.91   8669.04     12487   
28593750.00    1163       1594       2757       4837       7406      12243      12243       1.14       0.31     10736.63   8898.33     12243   
28687500.00    1116       1554       2670       4884       7446      12330      12330       1.14       0.30     10783.11   8851.85     12330   
28781250.00    1113       1548       2661       4887       7452      12339      12339       1.15       0.30     10766.66   8868.29     12339   
28875000.00    1116       1580       2696       4884       7420      12304      12304       1.15       0.30     10721.56   8913.40     12304   
28968750.00    1125       1538       2663       4875       7462      12337      12337       1.15       0.30     10761.19   8873.76     12337   
29062500.00    1173       1536       2709       4827       7464      12291      12291       1.15       0.30     10680.22   8954.74     12291   
29156250.00    1151       1511       2662       4849       7489      12338      12338       1.15       0.30     10737.00   8897.95     12338   
29250000.00    1116       1461       2577       4884       7539      12423      12423       1.15       0.29     10835.50   8799.45     12423   
29343750.00    1065       1390       2455       4935       7610      12545      12545       1.14       0.28     10966.95   8668.01     12545   
29437500.00    1106       1454       2560       4894       7546      12440      12440       1.14       0.29     10930.44   8704.52     12440   
29531250.00    1148       1510       2658       4852       7490      12342      12342       1.13       0.30     10882.44   8752.52     12342   
29625000.00    1152       1572       2724       4848       7428      12276      12276       1.13       0.31     10822.99   8811.97     12276   
29718750.00    1195       1624       2819       4805       7376      12181      12181       1.13       0.32     10761.73   8873.22     12181   
29812500.00    1234       1721       2955       4766       7279      12045      12045       1.14       0.33     10583.90   9051.05     12045   
29906250.00    1221       1795       3016       4779       7205      11984      11984       1.14       0.33     10510.37   9124.58     11984   
30000000.00    1172       1719       2891       4828       7281      12109      12109       1.14       0.32     10636.12   8998.83     12109   
30093750.00    1219       1668       2887       4781       7332      12113      12113       1.14       0.32     10671.45   8963.50     12113   
30187500.00    1163       1602       2765       4837       7398      12235      12235       1.14       0.31     10755.76   8879.20     12235   
30281250.00    1152       1521       2673       4848       7479      12327      12327       1.14       0.30     10819.73   8815.22     12327   
30375000.00    1090       1519       2609       4910       7481      12391      12391       1.14       0.30     10882.38   8752.58     12391   
30468750.00    1068       1433       2501       4932       7567      12499      12499       1.14       0.29     10980.54   8654.41     12499   
30562500.00    1054       1449       2503       4946       7551      12497      12497       1.14       0.29     10993.10   8641.86     12497   
30656250.00    1054       1484       2538       4946       7516      12462      12462       1.13       0.29     11016.01   8618.95     12462   
30750000.00    1118       1547       2665       4882       7453      12335      12335       1.13       0.30     10897.03   8737.92     12335   
30843750.00    1117       1525       2642       4883       7475      12358      12358       1.13       0.30     10925.60   8709.36     12358   
30937500.00    1093       1558       2651       4907       7442      12349      12349       1.13       0.30     10886.95   8748.01     12349   
31031250.00    1106       1551       2657       4894       7449      12343      12343       1.14       0.30     10848.05   8786.90     12343   
31125000.00    1129       1532       2661       4871       7468      12339      12339       1.14       0.30     10860.70   8774.26     12339   
31218750.00    1094       1487       2581       4906       7513      12419      12419       1.14       0.30     10897.88   8737.08     12419   
31312500.00    1072       1425       2497       4928       7575      12503      12503       1.13       0.29     11047.70   8587.25     12503   
31406250.00    1109       1518       2627       4891       7482      12373      12373       1.13       0.30     10956.81   8678.15     12373   
31500000.00    1142       1578       2720       4858       7422      12280      12280       1.13       0.31     10884.20   8750.76     12280   
31593750.00    1165       1578       2743       4835       7422      12257      12257       1.12       0.31     10916.55   8718.40     12257   
31687500.00    1254       1702       2956       4746       7298      12044      12044       1.14       0.33     10591.39   9043.57     12044   
31781250.00    1137       1647       2784       4863       7353      12216      12216       1.14       0.31     10685.40   8949.55     12216   
31875000.00    1151       1586       2737       4849       7414      12263      12263       1.15       0.31     10702.83   8932.13     12263   
31968750.00    1101       1539       2640       4899       7461      12360      12360       1.15       0.30     10782.57   8852.39     12360   
32062500.00    1119       1545       2664       4881       7455      12336      12336       1.14       0.30     10820.78   8814.18     12336   
32156250.00    1123       1554       2677       4877       7446      12323      12323       1.14       0.30     10796.42   8838.54     12323   
32250000.00    1098       1551       2649       4902       7449      12351      12351       1.14       0.30     10877.67   8757.28     12351   
32343750.00    1032       1491       2523       4968       7509      12477      12477       1.14       0.29     10969.74   8665.22     12477   
32437500.00    966        1408       2374       5034       7592      12626      12626       1.13       0.28     11158.95   8476.00     12626   
32531250.00    1061       1568       2629       4939       7432      12371      12371       1.12       0.30     11002.97   8631.98     12371   
32625000.00    1169       1672       2841       4831       7328      12159      12159       1.14       0.32     10707.83   8927.13     12159   
32718750.00    1150       1611       2761       4850       7389      12239      12239       1.14       0.31     10763.29   8871.67     12239   
32812500.00    1059       1512       2571       4941       7488      12429      12429       1.13       0.30     10951.65   8683.30     12429   
32906250.00    1063       1484       2547       4937       7516      12453      12453       1.14       0.29     10936.55   8698.41     12453   
33000000.00    1138       1538       2676       4862       7462      12324      12324       1.14       0.30     10810.34   8824.61     12324   
33093750.00    1047       1469       2516       4953       7531      12484      12484       1.13       0.29     11007.24   8627.71     12484   
33187500.00    1049       1507       2556       4951       7493      12444      12444       1.13       0.30     10970.57   8664.38     12444   
33281250.00    1018       1454       2472       4982       7546      12528      12528       1.13       0.29     11049.42   8585.54     12528   
33375000.00    1026       1444       2470       4974       7556      12530      12530       1.13       0.29     11058.24   8576.72     12530   
33468750.00    1089       1489       2578       4911       7511      12422      12422       1.13       0.30     11007.21   8627.75     12422   
33562500.00    1084       1516       2600       4916       7484      12400      12400       1.13       0.30     11000.58   8634.37     12400   
33656250.00    1103       1537       2640       4897       7463      12360      12360       1.13       0.31     10981.39   8653.56     12360   
33750000.00    1197       1716       2913       4803       7284      12087      12087       1.13       0.32     10661.98   8972.97     12087   
33843750.00    1172       1624       2796       4828       7376      12204      12204       1.14       0.31     10679.04   8955.91     12204   
33937500.00    1174       1628       2802       4826       7372      12198      12198       1.15       0.31     10637.36   8997.59     12198   
34031250.00    1140       1621       2761       4860       7379      12239      12239       1.15       0.31     10670.09   8964.87     12239   
34125000.00    1138       1548       2686       4862       7452      12314      12314       1.15       0.30     10736.65   8898.30     12314   
34218750.00    1127       1515       2642       4873       7485      12358      12358       1.14       0.30     10806.54   8828.42     12358   
34312500.00    1070       1472       2542       4930       7528      12458      12458       1.14       0.29     10914.45   8720.50     12458   
34406250.00    1071       1489       2560       4929       7511      12440      12440       1.14       0.29     10952.72   8682.24     12440   
34500000.00    1122       1537       2659       4878       7463      12341      12341       1.14       0.30     10851.00   8783.96     12341   
34593750.00    1145       1595       2740       4855       7405      12260      12260       1.14       0.31     10765.63   8869.32     12260   
34687500.00    1146       1579       2725       4854       7421      12275      12275       1.13       0.31     10868.59   8766.36     12275   
34781250.00    1155       1646       2801       4845       7354      12199      12199       1.13       0.32     10786.83   8848.12     12199   
34875000.00    1176       1639       2815       4824       7361      12185      12185       1.13       0.32     10768.33   8866.62     12185   
34968750.00    1205       1687       2892       4795       7313      12108      12108       1.13       0.32     10686.86   8948.09     12108   
35062500.00    1221       1635       2856       4779       7365      12144      12144       1.14       0.32     10668.01   8966.94     12144   
35156250.00    1180       1623       2803       4820       7377      12197      12197       1.14       0.31     10721.50   8913.46     12197   
35250000.00    1114       1592       2706       4886       7408      12294      12294       1.13       0.31     10832.72   8802.24     12294   
35343750.00    1111       1587       2698       4889       7413      12302      12302       1.13       0.31     10853.23   8781.72     12302   
35437500.00    1169       1591       2760       4831       7409      12240      12240       1.14       0.31     10713.93   8921.02     12240   
35531250.00    1142       1620       2762       4858       7380      12238      12238       1.15       0.31     10669.50   8965.45     12238   
35625000.00    1093       1546       2639       4907       7454      12361      12361       1.15       0.30     10756.59   8878.37     12361   
35718750.00    1053       1549       2602       4947       7451      12398      12398       1.15       0.29     10789.97   8844.99     12398   
35812500.00    995        1394       2389       5005       7606      12611      12611       1.15       0.28     10999.59   8635.37     12611   
35906250.00    996        1382       2378       5004       7618      12622      12622       1.14       0.28     11059.88   8575.08     12622   
36000000.00    1083       1549       2632       4917       7451      12368      12368       1.14       0.30     10834.58   8800.37     12368   
36093750.00    1104       1596       2700       4896       7404      12300      12300       1.14       0.30     10743.01   8891.94     12300   
36187500.00    1062       1502       2564       4938       7498      12436      12436       1.14       0.29     10865.42   8769.53     12436   
36281250.00    1033       1459       2492       4967       7541      12508      12508       1.14       0.29     10955.33   8679.62     12508   
36375000.00    998        1361       2359       5002       7639      12641      12641       1.13       0.28     11163.29   8471.67     12641   
36468750.00    1033       1421       2454       4967       7579      12546      12546       1.13       0.29     11120.12   8514.84     12546   
36562500.00    1005       1416       2421       4995       7584      12579      12579       1.13       0.28     11128.44   8506.52     12579   
36656250.00    1073       1420       2493       4927       7580      12507      12507       1.13       0.29     11041.88   8593.07     12507   
36750000.00    1126       1585       2711       4874       7415      12289      12289       1.13       0.31     10841.32   8793.64     12289   
36843750.00    1122       1630       2752       4878       7370      12248      12248       1.13       0.31     10810.63   8824.32     12248   
36937500.00    1155       1560       2715       4845       7440      12285      12285       1.13       0.31     10917.62   8717.34     12285   
37031250.00    1221       1657       2878       4779       7343      12122      12122       1.13       0.32     10720.81   8914.14     12122   
37125000.00    1135       1547       2682       4865       7453      12318      12318       1.13       0.31     10876.24   8758.71     12318   
37218750.00    1126       1565       2691       4874       7435      12309      12309       1.14       0.31     10819.16   8815.80     12309   
37312500.00    1107       1543       2650       4893       7457      12350      12350       1.13       0.30     10909.27   8725.69     12350   
37406250.00    1130       1518       2648       4870       7482      12352      12352       1.13       0.30     10907.65   8727.30     12352   
