 Timestep    Gas_A      Gas_B     Gas_tot    Dense_A    Dense_B   Dense_tot   Lg_clust  DP_density GP_density Clust_area  Gas_area     MCS    
   0.00       9000       6000      15000        0          0          0          6         0.00       0.76       0.00     19634.96      0     
 83333.00     9000       6000      15000        0          0          0         161        0.00       0.76       0.00     19634.96      0     
166666.00     9000       6000      15000        0          0          0         465        0.00       0.76       0.00     19634.96      0     
249999.00     9000       6000      15000        0          0          0         354        0.00       0.76       0.00     19634.96      0     
333332.00     9000       6000      15000        0          0          0         724        0.00       0.76       0.00     19634.96      0     
416665.00     9000       6000      15000        0          0          0         965        0.00       0.76       0.00     19634.96      0     
499998.00     8382       5533      13915       618        467        1085       1085       1.04       0.75     1039.36    18595.59     1085   
583331.00     8239       5399      13638       761        601        1362       1362       1.04       0.74     1308.69    18326.26     1362   
666664.00     7448       4874      12322       1552       1126       2678       1484       1.02       0.72     2620.39    17014.57     1339   
749997.00     7367       4763      12130       1633       1237       2870       1617       1.03       0.72     2786.69    16848.26     1435   
833330.00     6710       4204      10914       2290       1796       4086       1625       1.02       0.70     3997.98    15636.98     1362   
916663.00     6060       3706       9766       2940       2294       5234       1694       1.02       0.67     5141.85    14493.10     1308   
999996.00     8074       5194      13268       926        806        1732       1732       1.07       0.74     1617.12    18017.83     1732   
1083329.00    7336       4619      11955       1664       1381       3045       1803       1.05       0.71     2904.01    16730.95     1522   
1166662.00    6410       3885      10295       2590       2115       4705       1890       1.02       0.69     4634.86    15000.09     1568   
1249995.00    6509       3913      10422       2491       2087       4578       1850       1.02       0.69     4469.63    15165.33     1526   
1333328.00    6121       3630       9751       2879       2370       5249       2275       1.02       0.67     5158.62    14476.33     1749   
1416661.00    6645       4110      10755       2355       1890       4245       2480       1.04       0.69     4092.52    15542.43     2122   
1499994.00    5946       3538       9484       3054       2462       5516       2295       1.03       0.66     5334.61    14300.35     1838   
1583327.00    6115       3631       9746       2885       2369       5254       2157       1.04       0.67     5072.27    14562.68     1751   
1666660.00    6550       4014      10564       2450       1986       4436       1525       1.04       0.69     4256.16    15378.80     1478   
1749993.00    6285       3783      10068       2715       2217       4932       2353       1.04       0.68     4761.32    14873.64     1644   
1833326.00    6753       4212      10965       2247       1788       4035       2540       1.05       0.69     3830.01    15804.94     2017   
1916659.00    5815       3466       9281       3185       2534       5719       2465       1.04       0.66     5477.82    14157.14     1906   
1999992.00    5776       3423       9199       3224       2577       5801       3433       1.06       0.65     5498.16    14136.79     2900   
2083325.00    5447       3229       8676       3553       2771       6324       2562       1.05       0.64     6002.64    13632.31     2108   
2166658.00    6082       3664       9746       2918       2336       5254       2413       1.06       0.66     4951.48    14683.47     1751   
2249991.00    5991       3584       9575       3009       2416       5425       2514       1.05       0.66     5151.41    14483.54     1808   
2333324.00    6050       3677       9727       2950       2323       5273       2402       1.06       0.66     4966.55    14668.41     1757   
2416657.00    5457       3103       8560       3543       2897       6440       2460       1.07       0.63     6012.37    13622.58     1610   
2499990.00    5331       2957       8288       3669       3043       6712       3194       1.06       0.62     6325.71    13309.25     2237   
2583323.00    4649       2546       7195       4351       3454       7805       3668       1.05       0.59     7411.17    12223.79     1951   
2666656.00    5082       2879       7961       3918       3121       7039       2692       1.05       0.61     6686.25    12948.70     1759   
2749989.00    4751       2510       7261       4249       3490       7739       3625       1.05       0.59     7338.35    12296.60     2579   
2833322.00    5319       3002       8321       3681       2998       6679       3635       1.07       0.62     6268.27    13366.68     3339   
2916655.00    5185       2919       8104       3815       3081       6896       3750       1.05       0.62     6553.64    13081.31     3448   
2999988.00    5222       2970       8192       3778       3030       6808       3608       1.05       0.62     6481.89    13153.07     2269   
3083321.00    5148       2877       8025       3852       3123       6975       3721       1.05       0.62     6651.28    12983.68     2325   
3166654.00    5082       2812       7894       3918       3188       7106       3557       1.05       0.61     6742.77    12892.19     3553   
3249987.00    4865       2675       7540       4135       3325       7460       3730       1.05       0.60     7112.35    12522.60     3730   
3333320.00    5023       2713       7736       3977       3287       7264       3866       1.05       0.61     6920.13    12714.83     3632   
3416653.00    5024       2775       7799       3976       3225       7201       3698       1.05       0.61     6874.07    12760.89     3600   
3499986.00    5316       2978       8294       3684       3022       6706       3409       1.06       0.62     6356.03    13278.93     3353   
3583319.00    5255       2926       8181       3745       3074       6819       3547       1.05       0.62     6524.35    13110.61     3409   
3666652.00    5647       3209       8856       3353       2791       6144       3138       1.06       0.64     5823.52    13811.44     3072   
3749985.00    5662       3184       8846       3338       2816       6154       3192       1.06       0.64     5830.33    13804.63     3077   
3833318.00    5998       3446       9444       3002       2554       5556       3264       1.07       0.65     5207.27    14427.68     2778   
3916651.00    5213       2881       8094       3787       3119       6906       3530       1.06       0.62     6521.12    13113.84     3453   
3999984.00    5386       2961       8347       3614       3039       6653       3561       1.06       0.63     6283.31    13351.64     3326   
4083317.00    5167       2889       8056       3833       3111       6944       3483       1.05       0.62     6609.67    13025.28     3472   
4166650.00    5398       3027       8425       3602       2973       6575       3430       1.06       0.63     6215.12    13419.84     3287   
4249983.00    4962       2725       7687       4038       3275       7313       3842       1.05       0.61     6982.12    12652.83     3656   
4333316.00    5228       2888       8116       3772       3112       6884       3671       1.06       0.62     6499.68    13135.27     3442   
4416649.00    5218       2870       8088       3782       3130       6912       3659       1.07       0.61     6468.10    13166.85     3456   
4499982.00    4973       2713       7686       4027       3287       7314       3715       1.06       0.60     6927.70    12707.25     3657   
4583315.00    5267       2899       8166       3733       3101       6834       3547       1.06       0.62     6441.16    13193.80     3417   
4666648.00    5080       2711       7791       3920       3289       7209       3689       1.07       0.60     6743.60    12891.36     3604   
4749981.00    5027       2693       7720       3973       3307       7280       3877       1.07       0.60     6794.25    12840.71     3640   
4833314.00    5040       2793       7833       3960       3207       7167       3609       1.07       0.61     6715.20    12919.76     3583   
4916647.00    4889       2637       7526       4111       3363       7474       3880       1.07       0.60     6993.67    12641.29     3737   
4999980.00    4798       2486       7284       4202       3514       7716       3622       1.07       0.59     7201.83    12433.13     2572   
5083313.00    4514       2341       6855       4486       3659       8145       4355       1.06       0.57     7671.40    11963.56     4072   
5166646.00    5122       2796       7918       3878       3204       7082       3644       1.07       0.61     6613.30    13021.66     3541   
5249979.00    5054       2665       7719       3946       3335       7281       3694       1.07       0.60     6784.95    12850.01     3640   
5333312.00    5519       3064       8583       3481       2936       6417       3822       1.08       0.63     5922.01    13712.94     3208   
5416645.00    4812       2452       7264       4188       3548       7736       4000       1.06       0.59     7316.85    12318.10     3868   
5499978.00    4802       2604       7406       4198       3396       7594       4592       1.05       0.60     7254.34    12380.61     3797   
5583311.00    5229       2945       8174       3771       3055       6826       6826       1.05       0.62     6516.21    13118.75     6826   
5666644.00    5419       2988       8407       3581       3012       6593       6593       1.06       0.63     6200.10    13434.86     6593   
5749977.00    5089       2824       7913       3911       3176       7087       7087       1.05       0.61     6732.40    12902.56     7087   
5833310.00    5079       2765       7844       3921       3235       7156       7156       1.06       0.61     6738.44    12896.52     7156   
5916643.00    5463       3045       8508       3537       2955       6492       3961       1.06       0.63     6115.46    13519.49     3246   
5999976.00    5207       2881       8088       3793       3119       6912       4239       1.06       0.62     6517.98    13116.98     3456   
6083309.00    4945       2681       7626       4055       3319       7374       4471       1.05       0.60     7010.13    12624.83     3687   
6166642.00    5129       2794       7923       3871       3206       7077       4333       1.05       0.61     6720.47    12914.48     3538   
6249975.00    5060       2805       7865       3940       3195       7135       7135       1.05       0.61     6799.99    12834.97     7135   
6333308.00    5056       2780       7836       3944       3220       7164       7164       1.06       0.61     6784.47    12850.48     7164   
6416641.00    5086       2810       7896       3914       3190       7104       7104       1.06       0.61     6714.98    12919.98     7104   
6499974.00    5107       2838       7945       3893       3162       7055       7055       1.05       0.61     6703.73    12931.23     7055   
6583307.00    5197       2915       8112       3803       3085       6888       6888       1.05       0.62     6540.29    13094.67     6888   
6666640.00    5070       2815       7885       3930       3185       7115       7115       1.06       0.61     6742.97    12891.99     7115   
6749973.00    5114       2816       7930       3886       3184       7070       7070       1.07       0.61     6633.59    13001.36     7070   
6833306.00    4915       2704       7619       4085       3296       7381       7381       1.06       0.60     6979.50    12655.46     7381   
6916639.00    4768       2672       7440       4232       3328       7560       7560       1.05       0.60     7176.10    12458.86     7560   
6999972.00    4841       2647       7488       4159       3353       7512       7512       1.06       0.60     7108.36    12526.59     7512   
7083305.00    4603       2490       7093       4397       3510       7907       7907       1.06       0.58     7483.67    12151.29     7907   
7166638.00    4712       2494       7206       4288       3506       7794       7794       1.06       0.59     7362.31    12272.64     7794   
7249971.00    4733       2560       7293       4267       3440       7707       4941       1.06       0.59     7241.10    12393.86     3853   
7333304.00    4660       2413       7073       4340       3587       7927       7927       1.06       0.58     7453.77    12181.19     7927   
7416637.00    4678       2459       7137       4322       3541       7863       5177       1.06       0.58     7390.00    12244.96     2621   
7499970.00    4607       2395       7002       4393       3605       7998       7998       1.07       0.58     7495.45    12139.50     7998   
7583303.00    4810       2567       7377       4190       3433       7623       7623       1.07       0.59     7107.68    12527.27     7623   
7666636.00    4695       2505       7200       4305       3495       7800       7800       1.08       0.58     7253.32    12381.63     7800   
7749969.00    4571       2363       6934       4429       3637       8066       8066       1.07       0.57     7536.48    12098.47     8066   
7833302.00    4769       2528       7297       4231       3472       7703       5885       1.06       0.59     7247.33    12387.63     3851   
7916635.00    4793       2516       7309       4207       3484       7691       5977       1.07       0.59     7214.51    12420.44     3845   
7999968.00    4791       2572       7363       4209       3428       7637       5845       1.07       0.59     7160.30    12474.66     3818   
8083301.00    4828       2567       7395       4172       3433       7605       5848       1.06       0.59     7162.92    12472.03     3802   
8166634.00    4784       2575       7359       4216       3425       7641       6234       1.06       0.59     7197.70    12437.25     3820   
8249967.00    4777       2644       7421       4223       3356       7579       5759       1.06       0.59     7143.01    12491.94     3789   
8333300.00    4870       2679       7549       4130       3321       7451       7451       1.06       0.60     7016.33    12618.63     7451   
8416633.00    4623       2509       7132       4377       3491       7868       5712       1.06       0.58     7434.94    12200.01     3934   
8499966.00    4625       2422       7047       4375       3578       7953       6511       1.06       0.58     7495.20    12139.75     3976   
8583299.00    4565       2381       6946       4435       3619       8054       6445       1.05       0.58     7638.02    11996.94     4027   
8666632.00    4540       2300       6840       4460       3700       8160       8160       1.05       0.58     7756.29    11878.66     8160   
8749965.00    4490       2324       6814       4510       3676       8186       6714       1.05       0.57     7762.07    11872.88     4093   
8833298.00    4598       2415       7013       4402       3585       7987       5625       1.05       0.58     7599.19    12035.76     3993   
8916631.00    4651       2576       7227       4349       3424       7773       3963       1.06       0.59     7341.27    12293.69     2591   
8999964.00    4840       2673       7513       4160       3327       7487       5916       1.06       0.60     7043.17    12591.79     3743   
9083297.00    4668       2480       7148       4332       3520       7852       6080       1.06       0.59     7416.32    12218.64     3926   
9166630.00    4803       2643       7446       4197       3357       7554       5958       1.06       0.59     7103.28    12531.68     3777   
9249963.00    4594       2421       7015       4406       3579       7985       6259       1.06       0.58     7555.75    12079.21     3992   
9333296.00    4748       2624       7372       4252       3376       7628       6321       1.06       0.59     7203.03    12431.92     3814   
9416629.00    4645       2516       7161       4355       3484       7839       6534       1.06       0.59     7398.15    12236.81     3919   
9499962.00    4327       2275       6602       4673       3725       8398       6721       1.05       0.57     7977.99    11656.96     4199   
9583295.00    4563       2432       6995       4437       3568       8005       6376       1.07       0.58     7484.66    12150.30     4002   
9666628.00    4440       2350       6790       4560       3650       8210       6838       1.07       0.57     7678.05    11956.90     4105   
9749961.00    4458       2402       6860       4542       3598       8140       6500       1.07       0.57     7596.49    12038.47     4070   
9833294.00    4650       2580       7230       4350       3420       7770       6377       1.06       0.59     7303.76    12331.19     3885   
9916627.00    4892       2682       7574       4108       3318       7426       5997       1.07       0.60     6912.09    12722.87     3713   
9999960.00    4679       2528       7207       4321       3472       7793       6078       1.07       0.58     7297.00    12337.96     3896   
10083293.00    4821       2621       7442       4179       3379       7558       5871       1.07       0.59     7038.40    12596.56     3779   
10166626.00    4345       2274       6619       4655       3726       8381       8381       1.07       0.56     7858.01    11776.95     8381   
10249959.00    4542       2376       6918       4458       3624       8082       6200       1.09       0.57     7446.55    12188.41     4041   
10333292.00    4596       2375       6971       4404       3625       8029       6164       1.09       0.57     7373.01    12261.95     4014   
10416625.00    4698       2499       7197       4302       3501       7803       6023       1.09       0.58     7150.84    12484.12     3901   
10499958.00    4963       2774       7737       4037       3226       7263       5489       1.08       0.60     6750.78    12884.17     3631   
10583291.00    4539       2384       6923       4461       3616       8077       6357       1.07       0.57     7536.42    12098.54     4038   
10666624.00    4363       2237       6600       4637       3763       8400       8400       1.07       0.56     7876.93    11758.02     8400   
10749957.00    4388       2335       6723       4612       3665       8277       6494       1.07       0.57     7758.32    11876.64     4138   
10833290.00    4389       2310       6699       4611       3690       8301       6391       1.07       0.56     7770.85    11864.11     4150   
10916623.00    4415       2303       6718       4585       3697       8282       6344       1.07       0.56     7727.54    11907.41     4141   
10999956.00    4322       2245       6567       4678       3755       8433       6489       1.07       0.56     7882.52    11752.43     4216   
11083289.00    4236       2184       6420       4764       3816       8580       8580       1.06       0.56     8087.23    11547.73     8580   
11166622.00    4350       2184       6534       4650       3816       8466       6339       1.05       0.56     8056.78    11578.17     4233   
11249955.00    4519       2356       6875       4481       3644       8125       8125       1.06       0.57     7673.81    11961.15     8125   
11333288.00    4519       2342       6861       4481       3658       8139       8139       1.07       0.57     7641.90    11993.06     8139   
11416621.00    4337       2234       6571       4663       3766       8429       8429       1.06       0.56     7952.15    11682.80     8429   
11499954.00    4295       2142       6437       4705       3858       8563       8563       1.06       0.56     8110.02    11524.93     8563   
11583287.00    4294       2192       6486       4706       3808       8514       8514       1.07       0.56     7959.37    11675.59     8514   
11666620.00    4315       2229       6544       4685       3771       8456       8456       1.06       0.56     7949.26    11685.69     8456   
11749953.00    4474       2348       6822       4526       3652       8178       8178       1.06       0.57     7695.85    11939.11     8178   
11833286.00    4503       2327       6830       4497       3673       8170       8170       1.07       0.57     7664.85    11970.10     8170   
11916619.00    4870       2645       7515       4130       3355       7485       7485       1.06       0.60     7057.00    12577.96     7485   
11999952.00    4513       2367       6880       4487       3633       8120       8120       1.06       0.57     7662.09    11972.87     8120   
12083285.00    4581       2411       6992       4419       3589       8008       8008       1.06       0.58     7538.91    12096.05     8008   
12166618.00    4332       2232       6564       4668       3768       8436       8436       1.06       0.56     7932.23    11702.72     8436   
12249951.00    4339       2247       6586       4661       3753       8414       8414       1.08       0.56     7825.77    11809.18     8414   
12333284.00    4416       2281       6697       4584       3719       8303       8303       1.08       0.56     7702.98    11931.98     8303   
12416617.00    4334       2267       6601       4666       3733       8399       8399       1.07       0.56     7839.95    11795.01     8399   
12499950.00    4465       2350       6815       4535       3650       8185       8185       1.08       0.57     7606.03    12028.92     8185   
12583283.00    4376       2299       6675       4624       3701       8325       8325       1.06       0.57     7823.47    11811.48     8325   
12666616.00    4645       2517       7162       4355       3483       7838       7838       1.07       0.58     7346.17    12288.79     7838   
12749949.00    4474       2446       6920       4526       3554       8080       8080       1.06       0.58     7613.82    12021.13     8080   
12833282.00    4563       2438       7001       4437       3562       7999       7999       1.06       0.58     7512.82    12122.13     7999   
12916615.00    4532       2429       6961       4468       3571       8039       8039       1.06       0.58     7549.99    12084.96     8039   
12999948.00    4436       2333       6769       4564       3667       8231       8231       1.06       0.57     7738.40    11896.56     8231   
13083281.00    4585       2432       7017       4415       3568       7983       7983       1.07       0.58     7483.85    12151.10     7983   
13166614.00    4555       2398       6953       4445       3602       8047       8047       1.07       0.58     7543.73    12091.22     8047   
13249947.00    4666       2510       7176       4334       3490       7824       7824       1.07       0.58     7328.57    12306.38     7824   
13333280.00    4707       2490       7197       4293       3510       7803       7803       1.08       0.58     7216.40    12418.55     7803   
13416613.00    4606       2461       7067       4394       3539       7933       7933       1.08       0.58     7370.80    12264.15     7933   
13499946.00    4636       2521       7157       4364       3479       7843       7843       1.08       0.58     7257.99    12376.96     7843   
13583279.00    4568       2436       7004       4432       3564       7996       7996       1.08       0.57     7386.46    12248.50     7996   
13666612.00    4528       2423       6951       4472       3577       8049       8049       1.08       0.57     7421.77    12213.19     8049   
13749945.00    4270       2209       6479       4730       3791       8521       8521       1.08       0.55     7866.50    11768.46     8521   
13833278.00    4234       2168       6402       4766       3832       8598       8598       1.08       0.55     7927.17    11707.79     8598   
13916611.00    4304       2271       6575       4696       3729       8425       8425       1.08       0.55     7777.27    11857.69     8425   
13999944.00    4357       2287       6644       4643       3713       8356       8356       1.08       0.56     7760.74    11874.22     8356   
14083277.00    4431       2293       6724       4569       3707       8276       8276       1.07       0.56     7710.23    11924.72     8276   
14166610.00    4423       2259       6682       4577       3741       8318       8318       1.07       0.56     7752.21    11882.74     8318   
14249943.00    4353       2215       6568       4647       3785       8432       8432       1.07       0.56     7888.77    11746.19     8432   
14333276.00    4410       2275       6685       4590       3725       8315       8315       1.08       0.56     7714.88    11920.07     8315   
14416609.00    4436       2301       6737       4564       3699       8263       8263       1.09       0.56     7579.72    12055.24     8263   
14499942.00    4466       2341       6807       4534       3659       8193       8193       1.09       0.56     7489.89    12145.07     8193   
14583275.00    4379       2352       6731       4621       3648       8269       8269       1.10       0.56     7542.26    12092.69     8269   
14666608.00    4480       2375       6855       4520       3625       8145       8145       1.11       0.56     7367.98    12266.97     8145   
14749941.00    4289       2264       6553       4711       3736       8447       8447       1.10       0.55     7654.46    11980.50     8447   
14833274.00    4247       2260       6507       4753       3740       8493       8493       1.11       0.54     7667.48    11967.48     8493   
14916607.00    4282       2207       6489       4718       3793       8511       8511       1.11       0.54     7684.76    11950.20     8511   
14999940.00    4291       2182       6473       4709       3818       8527       8527       1.10       0.54     7752.26    11882.69     8527   
15083273.00    4178       2108       6286       4822       3892       8714       8714       1.09       0.54     7966.20    11668.76     8714   
15166606.00    4110       2114       6224       4890       3886       8776       8776       1.09       0.54     8018.72    11616.24     8776   
15249939.00    4093       2083       6176       4907       3917       8824       8824       1.09       0.53     8059.78    11575.17     8824   
15333272.00    4061       2089       6150       4939       3911       8850       8850       1.09       0.53     8129.06    11505.90     8850   
15416605.00    4047       2013       6060       4953       3987       8940       8940       1.09       0.53     8178.77    11456.18     8940   
15499938.00    4093       2077       6170       4907       3923       8830       8830       1.09       0.53     8088.40    11546.56     8830   
15583271.00    4149       2120       6269       4851       3880       8731       8731       1.09       0.54     7990.54    11644.42     8731   
15666604.00    4088       2076       6164       4912       3924       8836       8836       1.09       0.53     8076.67    11558.29     8836   
15749937.00    4002       2032       6034       4998       3968       8966       8966       1.09       0.53     8216.93    11418.03     8966   
15833270.00    3992       1958       5950       5008       4042       9050       9050       1.09       0.53     8313.59    11321.36     9050   
15916603.00    4122       2137       6259       4878       3863       8741       8741       1.09       0.54     8003.62    11631.34     8741   
15999936.00    4174       2135       6309       4826       3865       8691       8691       1.09       0.54     7943.17    11691.79     8691   
16083269.00    4131       2059       6190       4869       3941       8810       8810       1.10       0.53     8004.66    11630.29     8810   
16166602.00    4202       2111       6313       4798       3889       8687       8687       1.09       0.54     7943.14    11691.81     8687   
16249935.00    4311       2169       6480       4689       3831       8520       8520       1.09       0.55     7817.29    11817.67     8520   
16333268.00    4336       2193       6529       4664       3807       8471       8471       1.09       0.55     7773.50    11861.45     8471   
16416601.00    4288       2175       6463       4712       3825       8537       8537       1.09       0.55     7828.45    11806.50     8537   
16499934.00    4277       2168       6445       4723       3832       8555       8555       1.09       0.55     7860.92    11774.03     8555   
16583267.00    4541       2430       6971       4459       3570       8029       8029       1.09       0.57     7382.06    12252.90     8029   
16666600.00    4217       2177       6394       4783       3823       8606       8606       1.08       0.55     7954.31    11680.64     8606   
16749933.00    4514       2396       6910       4486       3604       8090       8090       1.09       0.57     7453.07    12181.88     8090   
16833266.00    4702       2562       7264       4298       3438       7736       7736       1.09       0.58     7097.35    12537.61     7736   
16916599.00    4706       2532       7238       4294       3468       7762       7762       1.09       0.58     7132.65    12502.30     7762   
16999932.00    4518       2437       6955       4482       3563       8045       8045       1.09       0.57     7400.15    12234.80     8045   
17083265.00    4554       2406       6960       4446       3594       8040       8040       1.09       0.57     7363.04    12271.92     8040   
17166598.00    4636       2457       7093       4364       3543       7907       7907       1.09       0.57     7249.41    12385.55     7907   
17249931.00    4530       2361       6891       4470       3639       8109       8109       1.08       0.57     7511.18    12123.77     8109   
17333264.00    4596       2422       7018       4404       3578       7982       7982       1.08       0.57     7408.79    12226.17     7982   
17416597.00    4514       2326       6840       4486       3674       8160       4278       1.07       0.57     7613.02    12021.94     4080   
17499930.00    4679       2469       7148       4321       3531       7852       7852       1.07       0.58     7335.49    12299.47     7852   
17583263.00    4800       2554       7354       4200       3446       7646       7646       1.07       0.59     7133.95    12501.00     7646   
17666596.00    4763       2522       7285       4237       3478       7715       7715       1.08       0.58     7133.86    12501.09     7715   
17749929.00    4570       2443       7013       4430       3557       7987       7987       1.08       0.57     7419.42    12215.54     7987   
17833262.00    4674       2481       7155       4326       3519       7845       7845       1.08       0.58     7276.15    12358.80     7845   
17916595.00    4790       2557       7347       4210       3443       7653       7653       1.08       0.59     7113.00    12521.96     7653   
17999928.00    5103       2817       7920       3897       3183       7080       4499       1.08       0.61     6551.75    13083.20     3540   
18083261.00    4579       2397       6976       4421       3603       8024       4781       1.06       0.58     7549.40    12085.56     4012   
18166594.00    4858       2593       7451       4142       3407       7549       4672       1.08       0.59     6994.52    12640.44     3774   
18249927.00    4676       2473       7149       4324       3527       7851       4837       1.07       0.58     7307.99    12326.97     3925   
18333260.00    4633       2392       7025       4367       3608       7975       7975       1.08       0.57     7389.96    12245.00     7975   
18416593.00    4756       2578       7334       4244       3422       7666       7666       1.08       0.58     7072.45    12562.50     7666   
18499926.00    4683       2473       7156       4317       3527       7844       4919       1.08       0.58     7237.88    12397.08     3922   
18583259.00    4492       2318       6810       4508       3682       8190       4989       1.07       0.57     7618.65    12016.31     4095   
18666592.00    4433       2284       6717       4567       3716       8283       5372       1.08       0.56     7669.82    11965.13     4141   
18749925.00    4616       2362       6978       4384       3638       8022       5075       1.09       0.57     7360.56    12274.40     4011   
18833258.00    4429       2214       6643       4571       3786       8357       8357       1.08       0.56     7756.66    11878.29     8357   
18916591.00    4674       2366       7040       4326       3634       7960       4954       1.08       0.57     7351.73    12283.23     3980   
18999924.00    4763       2431       7194       4237       3569       7806       4907       1.08       0.58     7206.03    12428.92     3903   
19083257.00    4812       2450       7262       4188       3550       7738       4908       1.09       0.58     7127.80    12507.16     3869   
19166590.00    4745       2497       7242       4255       3503       7758       4988       1.06       0.59     7287.25    12347.71     3879   
19249923.00    4816       2506       7322       4184       3494       7678       5083       1.06       0.59     7252.56    12382.40     3839   
19333256.00    4610       2396       7006       4390       3604       7994       5339       1.06       0.58     7574.30    12060.66     3997   
19416589.00    4991       2696       7687       4009       3304       7313       4820       1.06       0.60     6876.86    12758.09     3656   
19499922.00    5066       2706       7772       3934       3294       7228       4607       1.06       0.61     6789.69    12845.26     3614   
19583255.00    5299       2846       8145       3701       3154       6855       4392       1.07       0.62     6426.63    13208.32     3427   
19666588.00    4961       2609       7570       4039       3391       7430       4633       1.07       0.60     6972.53    12662.42     3715   
19749921.00    4995       2629       7624       4005       3371       7376       4667       1.07       0.60     6916.88    12718.08     3688   
19833254.00    4982       2651       7633       4018       3349       7367       4630       1.06       0.60     6930.24    12704.71     3683   
19916587.00    5083       2725       7808       3917       3275       7192       4561       1.06       0.61     6808.41    12826.54     3596   
19999920.00    5085       2741       7826       3915       3259       7174       4629       1.05       0.61     6817.63    12817.33     3587   
20083253.00    5297       2838       8135       3703       3162       6865       4401       1.07       0.62     6432.94    13202.02     3432   
20166586.00    5148       2796       7944       3852       3204       7056       4589       1.06       0.61     6659.27    12975.68     3528   
20249919.00    5338       2927       8265       3662       3073       6735       4260       1.06       0.62     6376.66    13258.30     3367   
20333252.00    5521       3057       8578       3479       2943       6422       4162       1.05       0.63     6102.85    13532.11     3211   
20416585.00    5460       3075       8535       3540       2925       6465       4090       1.05       0.63     6153.85    13481.10     3232   
20499918.00    5124       2871       7995       3876       3129       7005       4666       1.06       0.61     6627.75    13007.20     3502   
20583251.00    4847       2600       7447       4153       3400       7553       4963       1.05       0.60     7194.90    12440.05     3776   
20666584.00    4782       2492       7274       4218       3508       7726       5047       1.06       0.59     7280.82    12354.13     3863   
20749917.00    4553       2314       6867       4447       3686       8133       5515       1.06       0.57     7658.23    11976.72     4066   
20833250.00    4579       2372       6951       4421       3628       8049       5450       1.06       0.58     7593.66    12041.29     4024   
20916583.00    4494       2250       6744       4506       3750       8256       5850       1.06       0.57     7811.28    11823.68     4128   
20999916.00    4782       2541       7323       4218       3459       7677       5430       1.06       0.59     7249.78    12385.18     3838   
21083249.00    4906       2752       7658       4094       3248       7342       7342       1.06       0.60     6920.97    12713.98     7342   
21166582.00    4786       2653       7439       4214       3347       7561       5724       1.07       0.59     7082.00    12552.96     3780   
21249915.00    4759       2584       7343       4241       3416       7657       7657       1.07       0.59     7187.68    12447.27     7657   
21333248.00    4818       2661       7479       4182       3339       7521       7521       1.06       0.59     7063.90    12571.06     7521   
21416581.00    4688       2556       7244       4312       3444       7756       6007       1.06       0.59     7333.64    12301.31     3878   
21499914.00    5088       2912       8000       3912       3088       7000       7000       1.07       0.61     6562.24    13072.71     7000   
21583247.00    4598       2507       7105       4402       3493       7895       7895       1.06       0.58     7429.24    12205.72     7895   
21666580.00    4865       2656       7521       4135       3344       7479       7479       1.07       0.60     7010.93    12624.03     7479   
21749913.00    4599       2425       7024       4401       3575       7976       7976       1.06       0.58     7534.37    12100.59     7976   
21833246.00    4855       2636       7491       4145       3364       7509       7509       1.06       0.60     7088.58    12546.38     7509   
21916579.00    4892       2606       7498       4108       3394       7502       5746       1.05       0.60     7111.56    12523.40     3751   
21999912.00    5103       2732       7835       3897       3268       7165       5285       1.06       0.61     6743.82    12891.13     3582   
22083245.00    4726       2523       7249       4274       3477       7751       7751       1.06       0.59     7315.42    12319.54     7751   
22166578.00    4552       2392       6944       4448       3608       8056       8056       1.06       0.58     7627.65    12007.30     8056   
22249911.00    4644       2463       7107       4356       3537       7893       7893       1.07       0.58     7402.22    12232.74     7893   
22333244.00    4552       2422       6974       4448       3578       8026       8026       1.07       0.58     7511.10    12123.86     8026   
22416577.00    4535       2394       6929       4465       3606       8071       8071       1.07       0.57     7556.16    12078.80     8071   
22499910.00    4551       2489       7040       4449       3511       7960       7960       1.07       0.58     7454.06    12180.89     7960   
22583243.00    4558       2507       7065       4442       3493       7935       5327       1.07       0.58     7394.89    12240.07     3967   
22666576.00    4405       2342       6747       4595       3658       8253       8253       1.06       0.57     7754.77    11880.18     8253   
22749909.00    4539       2429       6968       4461       3571       8032       8032       1.07       0.57     7487.24    12147.72     8032   
22833242.00    4659       2524       7183       4341       3476       7817       7817       1.08       0.58     7265.47    12369.49     7817   
22916575.00    4643       2537       7180       4357       3463       7820       7820       1.08       0.58     7222.00    12412.96     7820   
22999908.00    4478       2369       6847       4522       3631       8153       8153       1.08       0.57     7568.53    12066.42     8153   
23083241.00    4519       2442       6961       4481       3558       8039       5183       1.08       0.57     7455.09    12179.86     4019   
23166574.00    4406       2288       6694       4594       3712       8306       8306       1.08       0.56     7677.90    11957.05     8306   
23249907.00    4334       2247       6581       4666       3753       8419       8419       1.08       0.56     7777.78    11857.17     8419   
23333240.00    4247       2230       6477       4753       3770       8523       5514       1.08       0.55     7890.98    11743.97     4261   
23416573.00    4336       2251       6587       4664       3749       8413       5280       1.08       0.56     7767.72    11867.23     4206   
23499906.00    4269       2159       6428       4731       3841       8572       8572       1.09       0.55     7897.59    11737.36     8572   
23583239.00    4260       2137       6397       4740       3863       8603       8603       1.08       0.55     7934.04    11700.91     8603   
23666572.00    4203       2055       6258       4797       3945       8742       8742       1.08       0.54     8063.29    11571.67     8742   
23749905.00    4348       2163       6511       4652       3837       8489       8489       1.09       0.55     7807.22    11827.74     8489   
23833238.00    4418       2214       6632       4582       3786       8368       8368       1.09       0.56     7692.18    11942.78     8368   
23916571.00    4491       2244       6735       4509       3756       8265       8265       1.08       0.56     7655.49    11979.47     8265   
23999904.00    4514       2255       6769       4486       3745       8231       8231       1.08       0.56     7624.14    12010.81     8231   
24083237.00    4534       2289       6823       4466       3711       8177       8177       1.08       0.57     7605.71    12029.24     8177   
24166570.00    4501       2287       6788       4499       3713       8212       8212       1.08       0.57     7632.79    12002.16     8212   
24249903.00    4421       2213       6634       4579       3787       8366       8366       1.08       0.56     7716.95    11918.01     8366   
24333236.00    4394       2169       6563       4606       3831       8437       8437       1.08       0.55     7801.76    11833.19     8437   
24416569.00    4354       2093       6447       4646       3907       8553       8553       1.08       0.55     7928.89    11706.07     8553   
24499902.00    4403       2116       6519       4597       3884       8481       8481       1.08       0.55     7843.29    11791.67     8481   
24583235.00    4501       2235       6736       4499       3765       8264       8264       1.08       0.56     7627.38    12007.58     8264   
24666568.00    4435       2145       6580       4565       3855       8420       8420       1.08       0.56     7818.93    11816.03     8420   
24749901.00    4390       2179       6569       4610       3821       8431       8431       1.08       0.56     7827.22    11807.74     8431   
24833234.00    4511       2224       6735       4489       3776       8265       8265       1.08       0.56     7649.62    11985.33     8265   
24916567.00    4547       2249       6796       4453       3751       8204       8204       1.08       0.56     7593.07    12041.88     8204   
24999900.00    4267       2051       6318       4733       3949       8682       8682       1.07       0.55     8099.74    11535.22     8682   
25083233.00    4375       2050       6425       4625       3950       8575       8575       1.07       0.55     7991.56    11643.40     8575   
25166566.00    4610       2249       6859       4390       3751       8141       8141       1.07       0.57     7615.54    12019.42     8141   
25249899.00    4654       2283       6937       4346       3717       8063       8063       1.06       0.58     7574.29    12060.66     8063   
25333232.00    4977       2517       7494       4023       3483       7506       7506       1.06       0.60     7074.59    12560.37     7506   
25416565.00    4945       2586       7531       4055       3414       7469       7469       1.06       0.60     7059.62    12575.34     7469   
25499898.00    5024       2656       7680       3976       3344       7320       7320       1.06       0.60     6917.71    12717.24     7320   
25583231.00    5267       2844       8111       3733       3156       6889       6889       1.06       0.62     6476.51    13158.44     6889   
25666564.00    5161       2754       7915       3839       3246       7085       5162       1.06       0.61     6674.84    12960.11     3542   
25749897.00    5195       2751       7946       3805       3249       7054       5022       1.07       0.61     6603.67    13031.29     3527   
25833230.00    5009       2633       7642       3991       3367       7358       7358       1.06       0.60     6922.02    12712.94     7358   
25916563.00    5182       2726       7908       3818       3274       7092       4746       1.07       0.61     6605.86    13029.10     3546   
25999896.00    5274       2782       8056       3726       3218       6944       6944       1.07       0.61     6487.55    13147.40     6944   
26083229.00    5056       2655       7711       3944       3345       7289       7289       1.07       0.60     6838.62    12796.33     7289   
26166562.00    5020       2669       7689       3980       3331       7311       7311       1.07       0.60     6830.45    12804.51     7311   
26249895.00    5432       2954       8386       3568       3046       6614       6614       1.07       0.62     6191.44    13443.52     6614   
26333228.00    5384       2927       8311       3616       3073       6689       6689       1.06       0.62     6306.20    13328.76     6689   
26416561.00    5478       2980       8458       3522       3020       6542       6542       1.06       0.63     6183.79    13451.16     6542   
26499894.00    5330       2825       8155       3670       3175       6845       6845       1.06       0.62     6451.70    13183.26     6845   
26583227.00    5124       2687       7811       3876       3313       7189       7189       1.06       0.61     6756.56    12878.40     7189   
26666560.00    5098       2674       7772       3902       3326       7228       7228       1.06       0.61     6802.07    12832.88     7228   
26749893.00    5452       2942       8394       3548       3058       6606       5252       1.06       0.63     6224.32    13410.63     3303   
26833226.00    5574       3012       8586       3426       2988       6414       6414       1.07       0.63     5999.03    13635.93     6414   
26916559.00    5536       2972       8508       3464       3028       6492       6492       1.06       0.63     6112.45    13522.51     6492   
26999892.00    5411       2907       8318       3589       3093       6682       6682       1.06       0.62     6318.55    13316.41     6682   
27083225.00    5492       2963       8455       3508       3037       6545       6545       1.05       0.63     6207.69    13427.27     6545   
27166558.00    5520       2998       8518       3480       3002       6482       4943       1.06       0.63     6092.36    13542.60     3241   
27249891.00    5489       2995       8484       3511       3005       6516       5316       1.06       0.63     6137.82    13497.13     3258   
27333224.00    5495       3018       8513       3505       2982       6487       4814       1.06       0.63     6092.22    13542.73     3243   
27416557.00    5497       3046       8543       3503       2954       6457       6457       1.07       0.63     6062.23    13572.73     6457   
27499890.00    5467       3103       8570       3533       2897       6430       6430       1.07       0.63     6027.38    13607.58     6430   
27583223.00    5290       2900       8190       3710       3100       6810       6810       1.07       0.62     6385.39    13249.56     6810   
27666556.00    5206       2865       8071       3794       3135       6929       6929       1.06       0.62     6531.72    13103.23     6929   
27749889.00    5126       2811       7937       3874       3189       7063       7063       1.06       0.61     6678.10    12956.85     7063   
27833222.00    5046       2729       7775       3954       3271       7225       7225       1.06       0.61     6840.82    12794.14     7225   
27916555.00    5842       3423       9265       3158       2577       5735       5735       1.07       0.65     5353.02    14281.94     5735   
27999888.00    5773       3333       9106       3227       2667       5894       5894       1.08       0.64     5478.86    14156.10     5894   
28083221.00    5180       2794       7974       3820       3206       7026       7026       1.05       0.62     6683.58    12951.37     7026   
28166554.00    4956       2673       7629       4044       3327       7371       7371       1.05       0.61     7025.55    12609.41     7371   
28249887.00    4861       2598       7459       4139       3402       7541       7541       1.05       0.60     7209.48    12425.47     7541   
28333220.00    5378       3029       8407       3622       2971       6593       6593       1.07       0.63     6185.98    13448.97     6593   
28416553.00    5294       2909       8203       3706       3091       6797       6797       1.07       0.62     6345.14    13289.82     6797   
28499886.00    4909       2594       7503       4091       3406       7497       7497       1.06       0.60     7058.41    12576.54     7497   
28583219.00    5229       2861       8090       3771       3139       6910       6910       1.07       0.61     6466.71    13168.25     6910   
28666552.00    5261       2935       8196       3739       3065       6804       6804       1.07       0.62     6383.82    13251.14     6804   
28749885.00    5095       2794       7889       3905       3206       7111       7111       1.06       0.61     6713.64    12921.32     7111   
28833218.00    5077       2799       7876       3923       3201       7124       7124       1.06       0.61     6738.49    12896.46     7124   
28916551.00    4974       2743       7717       4026       3257       7283       7283       1.06       0.60     6868.53    12766.42     7283   
28999884.00    5078       2760       7838       3922       3240       7162       7162       1.06       0.61     6756.67    12878.28     7162   
29083217.00    5195       2894       8089       3805       3106       6911       6911       1.07       0.61     6462.03    13172.92     6911   
29166550.00    5410       3006       8416       3590       2994       6584       6584       1.08       0.62     6100.31    13534.64     6584   
29249883.00    5401       2971       8372       3599       3029       6628       6628       1.08       0.62     6123.79    13511.16     6628   
29333216.00    5204       2787       7991       3796       3213       7009       7009       1.08       0.61     6469.44    13165.52     7009   
29416549.00    5248       2867       8115       3752       3133       6885       6885       1.09       0.61     6342.35    13292.61     6885   
29499882.00    5103       2744       7847       3897       3256       7153       7153       1.09       0.60     6590.05    13044.91     7153   
29583215.00    5196       2796       7992       3804       3204       7008       7008       1.09       0.60     6403.84    13231.12     7008   
29666548.00    5143       2740       7883       3857       3260       7117       7117       1.09       0.60     6552.27    13082.68     7117   
29749881.00    5165       2767       7932       3835       3233       7068       7068       1.08       0.60     6523.63    13111.33     7068   
29833214.00    5069       2691       7760       3931       3309       7240       7240       1.08       0.60     6703.94    12931.01     7240   
29916547.00    4989       2615       7604       4011       3385       7396       7396       1.08       0.60     6878.25    12756.70     7396   
29999880.00    4868       2594       7462       4132       3406       7538       7538       1.07       0.59     7027.07    12607.89     7538   
30083213.00    4974       2635       7609       4026       3365       7391       7391       1.07       0.60     6919.52    12715.43     7391   
30166546.00    5034       2690       7724       3966       3310       7276       7276       1.07       0.60     6797.56    12837.40     7276   
30249879.00    5106       2694       7800       3894       3306       7200       7200       1.07       0.61     6757.14    12877.81     7200   
30333212.00    5044       2609       7653       3956       3391       7347       7347       1.06       0.60     6900.81    12734.15     7347   
30416545.00    4916       2572       7488       4084       3428       7512       7512       1.07       0.59     7044.72    12590.24     7512   
30499878.00    4828       2497       7325       4172       3503       7675       7675       1.07       0.59     7174.09    12460.86     7675   
30583211.00    4984       2562       7546       4016       3438       7454       7454       1.08       0.59     6887.68    12747.27     7454   
30666544.00    4879       2511       7390       4121       3489       7610       7610       1.08       0.59     7034.66    12600.30     7610   
30749877.00    4723       2407       7130       4277       3593       7870       7870       1.08       0.58     7308.91    12326.04     7870   
30833210.00    4647       2375       7022       4353       3625       7978       7978       1.08       0.57     7391.67    12243.29     7978   
30916543.00    4665       2400       7065       4335       3600       7935       7935       1.08       0.57     7341.60    12293.35     7935   
30999876.00    4393       2254       6647       4607       3746       8353       8353       1.07       0.56     7810.80    11824.16     8353   
31083209.00    4284       2146       6430       4716       3854       8570       8570       1.07       0.55     8028.70    11606.26     8570   
31166542.00    4702       2391       7093       4298       3609       7907       7907       1.07       0.58     7396.58    12238.37     7907   
31249875.00    4791       2573       7364       4209       3427       7636       7636       1.07       0.59     7164.44    12470.52     7636   
31333208.00    4641       2423       7064       4359       3577       7936       7936       1.06       0.58     7467.72    12167.23     7936   
31416541.00    4592       2354       6946       4408       3646       8054       8054       1.06       0.58     7621.43    12013.52     8054   
31499874.00    4953       2658       7611       4047       3342       7389       7389       1.06       0.60     6971.77    12663.19     7389   
31583207.00    4960       2679       7639       4040       3321       7361       7361       1.05       0.60     6996.76    12638.19     7361   
31666540.00    4704       2489       7193       4296       3511       7807       7807       1.06       0.59     7371.70    12263.25     7807   
31749873.00    4695       2532       7227       4305       3468       7773       7773       1.07       0.59     7295.11    12339.85     7773   
31833206.00    4817       2598       7415       4183       3402       7585       7585       1.07       0.59     7058.86    12576.10     7585   
31916539.00    4601       2385       6986       4399       3615       8014       8014       1.07       0.58     7517.72    12117.23     8014   
31999872.00    4674       2442       7116       4326       3558       7884       7884       1.07       0.58     7394.63    12240.33     7884   
32083205.00    4816       2603       7419       4184       3397       7581       7581       1.07       0.59     7079.70    12555.26     7581   
32166538.00    4841       2593       7434       4159       3407       7566       7566       1.07       0.59     7052.16    12582.80     7566   
32249871.00    4811       2581       7392       4189       3419       7608       7608       1.07       0.59     7131.52    12503.44     7608   
32333204.00    4966       2658       7624       4034       3342       7376       7376       1.07       0.60     6887.35    12747.61     7376   
32416537.00    4718       2560       7278       4282       3440       7722       7722       1.07       0.59     7214.33    12420.63     7722   
32499870.00    4994       2836       7830       4006       3164       7170       7170       1.07       0.60     6684.26    12950.70     7170   
32583203.00    4609       2502       7111       4391       3498       7889       7889       1.07       0.58     7371.56    12263.39     7889   
32666536.00    4596       2485       7081       4404       3515       7919       7919       1.07       0.58     7415.82    12219.13     7919   
32749869.00    4399       2344       6743       4601       3656       8257       8257       1.07       0.57     7733.76    11901.19     8257   
32833202.00    4290       2174       6464       4710       3826       8536       8536       1.06       0.56     8047.28    11587.67     8536   
32916535.00    4320       2200       6520       4680       3800       8480       8480       1.06       0.56     7980.47    11654.49     8480   
32999868.00    4374       2252       6626       4626       3748       8374       8374       1.06       0.56     7906.41    11728.54     8374   
33083201.00    4807       2640       7447       4193       3360       7553       7553       1.06       0.60     7121.04    12513.91     7553   
33166534.00    4388       2290       6678       4612       3710       8322       7284       1.06       0.57     7883.87    11751.09     4161   
33249867.00    4504       2405       6909       4496       3595       8091       8091       1.06       0.58     7645.30    11989.65     8091   
33333200.00    4340       2268       6608       4660       3732       8392       8392       1.05       0.57     7955.19    11679.77     8392   
