 Timestep    Gas_A      Gas_B     Gas_tot    Dense_A    Dense_B   Dense_tot   Lg_clust  DP_density GP_density Clust_area  Gas_area     MCS    
   0.00       7500       7500      15000        0          0          0          6         0.00       0.76       0.00     19634.96      0     
 83333.00     7500       7500      15000        0          0          0         185        0.00       0.76       0.00     19634.96      0     
166666.00     7500       7500      15000        0          0          0         333        0.00       0.76       0.00     19634.96      0     
249999.00     7500       7500      15000        0          0          0         395        0.00       0.76       0.00     19634.96      0     
333332.00     7500       7500      15000        0          0          0         644        0.00       0.76       0.00     19634.96      0     
416665.00     7500       7500      15000        0          0          0         839        0.00       0.76       0.00     19634.96      0     
499998.00     7500       7500      15000        0          0          0         970        0.00       0.76       0.00     19634.96      0     
583331.00     7024       6943      13967       476        557        1033       1033       1.04       0.75      996.53    18638.42     1033   
666664.00     6859       6743      13602       641        757        1398       1398       1.03       0.74     1352.27    18282.69     1398   
749997.00     6981       6849      13830       519        651        1170       1170       1.06       0.75     1101.78    18533.17     1170   
833330.00     6950       6780      13730       550        720        1270       1270       1.06       0.74     1196.02    18438.94     1270   
916663.00     6487       6183      12670       1013       1317       2330       1298       1.03       0.73     2252.69    17382.26     1165   
999996.00     6850       6662      13512       650        838        1488       1488       1.06       0.74     1401.39    18233.56     1488   
1083329.00    6818       6606      13424       682        894        1576       1576       1.05       0.74     1501.61    18133.35     1576   
1166662.00    6787       6507      13294       713        993        1706       1706       1.04       0.74     1637.28    17997.67     1706   
1249995.00    6481       6013      12494       1019       1487       2506       1487       1.05       0.72     2388.32    17246.64     1253   
1333328.00    6314       5797      12111       1186       1703       2889       1852       1.04       0.72     2780.07    16854.89     1444   
1416661.00    6958       6713      13671       542        787        1329       1329       1.05       0.74     1268.67    18366.29     1329   
1499994.00    7023       6788      13811       477        712        1189       1189       1.05       0.75     1137.31    18497.65     1189   
1583327.00    6405       5905      12310       1095       1595       2690       1633       1.01       0.73     2666.84    16968.11     1345   
1666660.00    6983       6747      13730       517        753        1270       1270       1.01       0.75     1254.75    18380.21     1270   
1749993.00    6926       6617      13543       574        883        1457       1457       0.97       0.75     1500.42    18134.54     1457   
1833326.00    6440       6097      12537       1060       1403       2463       1460       0.98       0.73     2516.12    17118.83     1231   
1916659.00    7082       6891      13973       418        609        1027       1027       0.98       0.75     1045.86    18589.09     1027   
1999992.00    7500       7500      15000        0          0          0         461        0.00       0.76       0.00     19634.96      0     
2083325.00    7500       7500      15000        0          0          0         851        0.00       0.76       0.00     19634.96      0     
2166658.00    7500       7500      15000        0          0          0         949        0.00       0.76       0.00     19634.96      0     
2249991.00    7059       6868      13927       441        632        1073       1073       1.00       0.75     1071.24    18563.71     1073   
2333324.00    7500       7500      15000        0          0          0         849        0.00       0.76       0.00     19634.96      0     
2416657.00    6916       6780      13696       584        720        1304       1304       1.01       0.75     1290.46    18344.49     1304   
2499990.00    6347       5984      12331       1153       1516       2669       1360       1.01       0.73     2648.99    16985.96     1334   
2583323.00    6960       6795      13755       540        705        1245       1245       1.02       0.75     1224.04    18410.92     1245   
2666656.00    7500       7500      15000        0          0          0         986        0.00       0.76       0.00     19634.96      0     
2749989.00    6994       6850      13844       506        650        1156       1156       1.01       0.75     1148.84    18486.11     1156   
2833322.00    7066       6893      13959       434        607        1041       1041       0.99       0.75     1055.15    18579.81     1041   
2916655.00    7500       7500      15000        0          0          0         988        0.00       0.76       0.00     19634.96      0     
2999988.00    6532       6296      12828       968        1204       2172       1168       1.02       0.73     2124.31    17510.64     1086   
3083321.00    6989       6887      13876       511        613        1124       1124       1.03       0.75     1093.76    18541.20     1124   
3166654.00    6843       6668      13511       657        832        1489       1489       1.03       0.74     1443.48    18191.48     1489   
3249987.00    6395       5948      12343       1105       1552       2657       1388       1.01       0.73     2617.98    17016.97     1328   
3333320.00    6850       6630      13480       650        870        1520       1520       1.03       0.74     1472.27    18162.69     1520   
3416653.00    6773       6591      13364       727        909        1636       1636       1.01       0.74     1616.51    18018.44     1636   
3499986.00    6593       6355      12948       907        1145       2052       2052       1.02       0.73     2011.15    17623.81     2052   
3583319.00    6634       6342      12976       866        1158       2024       2024       1.03       0.73     1971.74    17663.21     2024   
3666652.00    6841       6629      13470       659        871        1530       1530       1.04       0.74     1475.64    18159.31     1530   
3749985.00    6633       6275      12908       867        1225       2092       2092       1.01       0.73     2061.57    17573.39     2092   
3833318.00    6728       6435      13163       772        1065       1837       1837       1.03       0.74     1784.58    17850.38     1837   
3916651.00    6318       5849      12167       1182       1651       2833       2833       1.01       0.72     2810.58    16824.38     2833   
3999984.00    7021       6783      13804       479        717        1196       1196       1.04       0.75     1145.32    18489.63     1196   
4083317.00    7000       6753      13753       500        747        1247       1247       1.03       0.75     1216.03    18418.93     1247   
4166650.00    6698       6334      13032       802        1166       1968       1968       1.02       0.74     1927.49    17707.46     1968   
4249983.00    6895       6624      13519       605        876        1481       1481       1.03       0.74     1442.92    18192.03     1481   
4333316.00    6696       6353      13049       804        1147       1951       1951       1.01       0.74     1932.03    17702.93     1951   
4416649.00    6955       6753      13708       545        747        1292       1292       1.02       0.75     1268.32    18366.63     1292   
4499982.00    6913       6789      13702       587        711        1298       1298       1.00       0.75     1293.77    18341.18     1298   
4583315.00    6552       6259      12811       948        1241       2189       1143       1.00       0.73     2186.40    17448.55     1094   
4666648.00    6881       6680      13561       619        820        1439       1439       1.00       0.74     1431.95    18203.00     1439   
4749981.00    6884       6686      13570       616        814        1430       1430       1.00       0.75     1430.52    18204.43     1430   
4833314.00    6367       5929      12296       1133       1571       2704       1464       0.99       0.73     2723.58    16911.37     1352   
4916647.00    6331       5930      12261       1169       1570       2739       1655       1.00       0.73     2742.60    16892.35     1369   
4999980.00    6512       6240      12752       988        1260       2248       1202       1.00       0.73     2240.66    17394.29     1124   
5083313.00    7014       6895      13909       486        605        1091       1091       1.03       0.75     1056.15    18578.81     1091   
5166646.00    5782       5204      10986       1718       2296       4014       1931       1.01       0.70     3989.04    15645.92     1338   
5249979.00    6930       6741      13671       570        759        1329       1329       1.04       0.74     1278.37    18356.59     1329   
5333312.00    6425       6048      12473       1075       1452       2527       1343       1.00       0.73     2516.36    17118.59     1263   
5416645.00    6871       6639      13510       629        861        1490       1490       1.02       0.74     1462.05    18172.90     1490   
5499978.00    6903       6691      13594       597        809        1406       1406       1.02       0.74     1372.08    18262.88     1406   
5583311.00    6882       6642      13524       618        858        1476       1476       1.02       0.74     1442.00    18192.95     1476   
5666644.00    6910       6663      13573       590        837        1427       1427       1.02       0.74     1399.23    18235.72     1427   
5749977.00    6982       6817      13799       518        683        1201       1201       1.02       0.75     1174.02    18460.94     1201   
5833310.00    6997       6895      13892       503        605        1108       1108       1.02       0.75     1085.39    18549.56     1108   
5916643.00    6081       5698      11779       1419       1802       3221       3221       1.00       0.72     3222.04    16412.91     3221   
5999976.00    6458       6118      12576       1042       1382       2424       2424       1.04       0.73     2337.52    17297.44     2424   
6083309.00    6299       5925      12224       1201       1575       2776       2776       1.03       0.72     2699.11    16935.84     2776   
6166642.00    6440       6071      12511       1060       1429       2489       2489       1.03       0.73     2409.43    17225.53     2489   
6249975.00    6800       6591      13391       700        909        1609       1609       1.03       0.74     1554.62    18080.33     1609   
6333308.00    6892       6655      13547       608        845        1453       1453       1.03       0.74     1414.37    18220.58     1453   
6416641.00    6927       6705      13632       573        795        1368       1368       1.05       0.74     1307.88    18327.07     1368   
6499974.00    6690       6413      13103       810        1087       1897       1897       1.02       0.74     1860.59    17774.36     1897   
6583307.00    5622       5132      10754       1878       2368       4246       2573       1.02       0.69     4146.32    15488.64     2123   
6666640.00    6034       5546      11580       1466       1954       3420       1749       1.03       0.71     3309.04    16325.91     1710   
6749973.00    6222       5701      11923       1278       1799       3077       1650       1.03       0.72     2978.42    16656.53     1538   
6833306.00    7003       6806      13809       497        694        1191       1191       1.06       0.75     1127.21    18507.75     1191   
6916639.00    6969       6778      13747       531        722        1253       1253       1.06       0.75     1182.77    18452.19     1253   
6999972.00    7072       6852      13924       428        648        1076       1076       1.06       0.75     1012.89    18622.06     1076   
7083305.00    6903       6716      13619       597        784        1381       1381       1.02       0.75     1359.42    18275.53     1381   
7166638.00    6827       6650      13477       673        850        1523       1523       1.03       0.74     1484.33    18150.63     1523   
7249971.00    6799       6587      13386       701        913        1614       1614       1.02       0.74     1589.42    18045.53     1614   
7333304.00    6255       5860      12115       1245       1640       2885       1844       1.02       0.72     2839.80    16795.16     1442   
7416637.00    6220       5817      12037       1280       1683       2963       1868       1.03       0.72     2879.77    16755.19     1481   
7499970.00    6846       6603      13449       654        897        1551       1551       1.05       0.74     1471.06    18163.89     1551   
7583303.00    6277       5822      12099       1223       1678       2901       1826       1.03       0.72     2803.62    16831.33     1450   
7666636.00    5837       5256      11093       1663       2244       3907       1746       1.02       0.70     3849.23    15785.73     1302   
7749969.00    7045       6846      13891       455        654        1109       1109       1.00       0.75     1106.21    18528.75     1109   
7833302.00    7068       6925      13993       432        575        1007       1007       0.98       0.75     1025.04    18609.92     1007   
7916635.00    7033       6923      13956       467        577        1044       1044       0.98       0.75     1062.19    18572.76     1044   
7999968.00    6813       6622      13435       687        878        1565       1565       1.03       0.74     1524.44    18110.52     1565   
8083301.00    6698       6439      13137       802        1061       1863       1863       1.04       0.74     1799.37    17835.58     1863   
8166634.00    6675       6401      13076       825        1099       1924       1924       1.02       0.74     1878.88    17756.07     1924   
8249967.00    6677       6370      13047       823        1130       1953       1953       1.02       0.74     1919.97    17714.99     1953   
8333300.00    6926       6763      13689       574        737        1311       1311       1.01       0.75     1303.52    18331.43     1311   
8416633.00    6922       6718      13640       578        782        1360       1360       1.01       0.75     1352.32    18282.63     1360   
8499966.00    6621       6377      12998       879        1123       2002       2002       1.01       0.74     1983.22    17651.74     2002   
8583299.00    6587       6339      12926       913        1161       2074       2074       1.00       0.74     2072.64    17562.31     2074   
8666632.00    6131       5763      11894       1369       1737       3106       3106       1.01       0.72     3064.79    16570.16     3106   
8749965.00    6381       6050      12431       1119       1450       2569       2569       1.03       0.72     2488.07    17146.88     2569   
8833298.00    6407       6142      12549       1093       1358       2451       2451       1.04       0.73     2351.16    17283.80     2451   
8916631.00    6326       5933      12259       1174       1567       2741       2741       1.05       0.72     2598.82    17036.14     2741   
8999964.00    6372       6105      12477       1128       1395       2523       2523       1.03       0.73     2440.02    17194.93     2523   
9083297.00    6508       6281      12789       992        1219       2211       2211       1.05       0.73     2100.13    17534.82     2211   
9166630.00    6545       6289      12834       955        1211       2166       2166       1.05       0.73     2054.82    17580.14     2166   
9249963.00    6438       6159      12597       1062       1341       2403       2403       1.05       0.73     2284.43    17350.52     2403   
9333296.00    6357       6085      12442       1143       1415       2558       2558       1.05       0.72     2439.19    17195.77     2558   
9416629.00    6287       5959      12246       1213       1541       2754       2754       1.05       0.72     2629.06    17005.90     2754   
9499962.00    6273       5928      12201       1227       1572       2799       2799       1.05       0.72     2662.70    16972.26     2799   
9583295.00    6036       5688      11724       1464       1812       3276       3276       1.04       0.71     3148.37    16486.58     3276   
9666628.00    6073       5754      11827       1427       1746       3173       3173       1.06       0.71     2993.20    16641.75     3173   
9749961.00    5881       5424      11305       1619       2076       3695       3695       1.05       0.70     3535.37    16099.59     3695   
9833294.00    6148       5758      11906       1352       1742       3094       3094       1.06       0.71     2918.37    16716.59     3094   
9916627.00    5480       4847      10327       2020       2653       4673       4673       1.05       0.68     4468.74    15166.22     4673   
9999960.00    5495       4907      10402       2005       2593       4598       4598       1.05       0.68     4382.44    15252.51     4598   
10083293.00    5578       4932      10510       1922       2568       4490       4490       1.07       0.68     4215.72    15419.23     4490   
10166626.00    5437       4764      10201       2063       2736       4799       4799       1.05       0.68     4582.03    15052.92     4799   
10249959.00    5591       4967      10558       1909       2533       4442       4442       1.05       0.69     4249.96    15385.00     4442   
10333292.00    5702       5111      10813       1798       2389       4187       4187       1.06       0.69     3953.08    15681.87     4187   
10416625.00    5624       5015      10639       1876       2485       4361       4361       1.06       0.69     4118.77    15516.19     4361   
10499958.00    5528       4896      10424       1972       2604       4576       4576       1.05       0.68     4362.45    15272.50     4576   
10583291.00    5595       4920      10515       1905       2580       4485       4485       1.05       0.68     4277.40    15357.56     4485   
10666624.00    5888       5345      11233       1612       2155       3767       3767       1.07       0.70     3533.37    16101.59     3767   
10749957.00    5903       5368      11271       1597       2132       3729       3729       1.05       0.70     3563.01    16071.94     3729   
10833290.00    5725       5127      10852       1775       2373       4148       4148       1.04       0.69     4003.16    15631.79     4148   
10916623.00    5851       5189      11040       1649       2311       3960       3960       1.04       0.70     3811.62    15823.34     3960   
10999956.00    5774       5145      10919       1726       2355       4081       4081       1.04       0.70     3938.63    15696.33     4081   
11083289.00    5827       5140      10967       1673       2360       4033       4033       1.04       0.70     3874.97    15759.99     4033   
11166622.00    5835       5220      11055       1665       2280       3945       3945       1.05       0.70     3758.75    15876.21     3945   
11249955.00    5771       5141      10912       1729       2359       4088       4088       1.05       0.69     3906.48    15728.48     4088   
11333288.00    5979       5421      11400       1521       2079       3600       3600       1.06       0.70     3388.13    16246.83     3600   
11416621.00    5803       5149      10952       1697       2351       4048       4048       1.06       0.69     3831.80    15803.16     4048   
11499954.00    5955       5344      11299       1545       2156       3701       3701       1.05       0.70     3518.47    16116.49     3701   
11583287.00    5908       5199      11107       1592       2301       3893       3893       1.05       0.70     3723.48    15911.48     3893   
11666620.00    5720       5070      10790       1780       2430       4210       4210       1.04       0.69     4049.22    15585.73     4210   
11749953.00    5802       5240      11042       1698       2260       3958       3958       1.04       0.70     3800.49    15834.47     3958   
11833286.00    5851       5258      11109       1649       2242       3891       3891       1.06       0.70     3680.98    15953.97     3891   
11916619.00    5630       4865      10495       1870       2635       4505       4505       1.04       0.69     4318.79    15316.17     4505   
11999952.00    5765       5076      10841       1735       2424       4159       4159       1.05       0.69     3962.07    15672.89     4159   
12083285.00    5715       5012      10727       1785       2488       4273       4273       1.05       0.69     4068.95    15566.00     4273   
12166618.00    5794       5061      10855       1706       2439       4145       4145       1.05       0.69     3947.52    15687.44     4145   
12249951.00    5784       5051      10835       1716       2449       4165       4165       1.03       0.69     4028.77    15606.19     4165   
12333284.00    5874       5149      11023       1626       2351       3977       3977       1.03       0.70     3857.65    15777.30     3977   
12416617.00    6012       5395      11407       1488       2105       3593       3593       1.04       0.71     3454.84    16180.11     3593   
12499950.00    5988       5394      11382       1512       2106       3618       3618       1.05       0.70     3434.41    16200.54     3618   
12583283.00    5939       5300      11239       1561       2200       3761       3761       1.04       0.70     3620.38    16014.57     3761   
12666616.00    6015       5444      11459       1485       2056       3541       3541       1.03       0.71     3422.39    16212.56     3541   
12749949.00    6142       5549      11691       1358       1951       3309       1711       1.04       0.71     3195.47    16439.48     1654   
12833282.00    6212       5681      11893       1288       1819       3107       1642       1.05       0.71     2965.95    16669.01     1553   
12916615.00    6038       5384      11422       1462       2116       3578       3578       1.03       0.71     3474.67    16160.28     3578   
12999948.00    6082       5451      11533       1418       2049       3467       1858       1.03       0.71     3360.76    16274.20     1733   
13083281.00    6128       5479      11607       1372       2021       3393       3393       1.05       0.71     3233.36    16401.59     3393   
13166614.00    6134       5441      11575       1366       2059       3425       3425       1.04       0.71     3292.20    16342.76     3425   
13249947.00    5948       5159      11107       1552       2341       3893       3893       1.03       0.70     3790.15    15844.80     3893   
13333280.00    5935       5176      11111       1565       2324       3889       2833       1.03       0.70     3787.03    15847.93     1944   
13416613.00    6388       5731      12119       1112       1769       2881       2881       1.03       0.72     2800.78    16834.18     2881   
13499946.00    6013       5297      11310       1487       2203       3690       3690       1.04       0.70     3561.14    16073.81     3690   
13583279.00    5834       5200      11034       1666       2300       3966       3966       1.03       0.70     3858.21    15776.74     3966   
13666612.00    5725       4999      10724       1775       2501       4276       4276       1.04       0.69     4123.33    15511.62     4276   
13749945.00    5809       5137      10946       1691       2363       4054       4054       1.04       0.70     3887.82    15747.13     4054   
13833278.00    5774       5055      10829       1726       2445       4171       4171       1.03       0.69     4046.17    15588.78     4171   
13916611.00    5886       5135      11021       1614       2365       3979       3979       1.03       0.70     3845.63    15789.33     3979   
13999944.00    5846       5069      10915       1654       2431       4085       4085       1.03       0.70     3955.93    15679.02     4085   
14083277.00    5905       5177      11082       1595       2323       3918       3918       1.03       0.70     3796.75    15838.20     3918   
14166610.00    6032       5340      11372       1468       2160       3628       1826       1.03       0.71     3535.54    16099.42     1814   
14249943.00    5931       5301      11232       1569       2199       3768       2062       1.02       0.70     3679.18    15955.77     1884   
14333276.00    6201       5611      11812       1299       1889       3188       1775       1.03       0.71     3095.98    16538.98     1594   
14416609.00    6155       5470      11625       1345       2030       3375       1719       1.02       0.71     3295.75    16339.21     1687   
14499942.00    6366       5871      12237       1134       1629       2763       2763       1.03       0.72     2683.51    16951.44     2763   
14583275.00    6632       6461      13093       868        1039       1907       1907       1.05       0.73     1819.38    17815.58     1907   
14666608.00    5727       5093      10820       1773       2407       4180       2803       1.02       0.70     4092.28    15542.67     2090   
14749941.00    5800       5254      11054       1700       2246       3946       2896       1.03       0.70     3824.91    15810.04     1973   
14833274.00    6017       5567      11584       1483       1933       3416       3416       1.02       0.71     3343.61    16291.35     3416   
14916607.00    6207       5865      12072       1293       1635       2928       2928       1.03       0.72     2831.64    16803.32     2928   
14999940.00    6232       5962      12194       1268       1538       2806       1656       1.02       0.72     2747.33    16887.62     1403   
15083273.00    5823       5374      11197       1677       2126       3803       3803       1.03       0.70     3688.33    15946.63     3803   
15166606.00    5741       5221      10962       1759       2279       4038       4038       1.03       0.70     3917.58    15717.37     4038   
15249939.00    5728       5186      10914       1772       2314       4086       4086       1.04       0.69     3925.59    15709.36     4086   
15333272.00    5025       4300       9325       2475       3200       5675       1672       1.03       0.66     5518.33    14116.63     1418   
15416605.00    5135       4389       9524       2365       3111       5476       2535       1.03       0.67     5333.75    14301.20     1825   
15499938.00    5199       4395       9594       2301       3105       5406       2412       1.03       0.67     5261.45    14373.50     1802   
15583271.00    5701       5074      10775       1799       2426       4225       4225       1.03       0.69     4108.73    15526.22     4225   
15666604.00    5761       5241      11002       1739       2259       3998       2135       1.03       0.70     3866.03    15768.93     1999   
15749937.00    5647       5002      10649       1853       2498       4351       4351       1.03       0.69     4214.31    15420.64     4351   
15833270.00    5489       4844      10333       2011       2656       4667       4667       1.03       0.68     4545.79    15089.16     4667   
15916603.00    7073       6912      13985       427        588        1015       1015       1.05       0.75      964.59    18670.36     1015   
15999936.00    5608       4957      10565       1892       2543       4435       1695       1.02       0.69     4348.29    15286.67     1478   
16083269.00    7500       7500      15000        0          0          0         966        0.00       0.76       0.00     19634.96      0     
16166602.00    7031       6872      13903       469        628        1097       1097       1.02       0.75     1080.41    18554.54     1097   
16249935.00    6523       6186      12709       977        1314       2291       2291       1.01       0.73     2263.03    17371.93     2291   
16333268.00    6937       6761      13698       563        739        1302       1302       1.05       0.74     1239.87    18395.08     1302   
16416601.00    6112       5629      11741       1388       1871       3259       2144       1.03       0.71     3150.35    16484.61     1629   
16499934.00    5728       5194      10922       1772       2306       4078       1838       1.02       0.70     3982.22    15652.73     1359   
16583267.00    5300       4675       9975       2200       2825       5025       3610       1.03       0.68     4892.51    14742.45     2512   
16666600.00    5843       5304      11147       1657       2196       3853       2546       1.03       0.70     3723.80    15911.15     1926   
16749933.00    6021       5551      11572       1479       1949       3428       2221       1.04       0.71     3292.16    16342.79     1714   
16833266.00    5998       5504      11502       1502       1996       3498       2261       1.02       0.71     3419.06    16215.89     1749   
16916599.00    6189       5682      11871       1311       1818       3129       2021       1.02       0.72     3066.24    16568.71     1564   
16999932.00    6064       5509      11573       1436       1991       3427       2401       1.01       0.71     3390.16    16244.79     1713   
17083265.00    6503       6465      12968       997        1035       2032       2032       1.01       0.74     2007.73    17627.22     2032   
17166598.00    6710       6618      13328       790        882        1672       1672       1.01       0.74     1660.32    17974.63     1672   
17249931.00    6011       5766      11777       1489       1734       3223       2036       1.00       0.72     3226.96    16407.99     1611   
17333264.00    5666       5288      10954       1834       2212       4046       4046       1.01       0.70     3989.21    15645.75     4046   
17416597.00    6395       6161      12556       1105       1339       2444       2444       1.02       0.73     2387.61    17247.34     2444   
17499930.00    5623       5263      10886       1877       2237       4114       2975       1.03       0.70     4006.79    15628.17     2057   
17583263.00    5684       5326      11010       1816       2174       3990       2721       1.03       0.70     3861.74    15773.22     1995   
17666596.00    5870       5477      11347       1630       2023       3653       3653       1.04       0.70     3513.31    16121.64     3653   
17749929.00    6426       6239      12665       1074       1261       2335       1290       1.06       0.73     2211.43    17423.53     1167   
17833262.00    5937       5576      11513       1563       1924       3487       3487       1.05       0.71     3320.29    16314.66     3487   
17916595.00    5822       5463      11285       1678       2037       3715       3715       1.06       0.70     3502.71    16132.25     3715   
17999928.00    5730       5311      11041       1770       2189       3959       3959       1.05       0.70     3782.99    15851.97     3959   
18083261.00    5701       5343      11044       1799       2157       3956       3956       1.05       0.70     3766.89    15868.06     3956   
18166594.00    5302       4759      10061       2198       2741       4939       4939       1.06       0.67     4674.09    14960.86     4939   
18249927.00    5134       4592       9726       2366       2908       5274       5274       1.05       0.67     5017.19    14617.77     5274   
18333260.00    5162       4575       9737       2338       2925       5263       5263       1.05       0.67     5013.32    14621.64     5263   
18416593.00    5136       4553       9689       2364       2947       5311       5311       1.05       0.67     5080.24    14554.71     5311   
18499926.00    5231       4597       9828       2269       2903       5172       5172       1.06       0.67     4889.09    14745.86     5172   
18583259.00    5273       4616       9889       2227       2884       5111       5111       1.06       0.67     4809.96    14824.99     5111   
18666592.00    5188       4533       9721       2312       2967       5279       5279       1.06       0.66     4977.22    14657.74     5279   
18749925.00    5258       4568       9826       2242       2932       5174       5174       1.06       0.67     4891.41    14743.55     5174   
18833258.00    5005       4286       9291       2495       3214       5709       5709       1.05       0.65     5421.52    14213.43     5709   
18916591.00    4865       4223       9088       2635       3277       5912       5912       1.06       0.65     5585.27    14049.68     5912   
18999924.00    4827       4071       8898       2673       3429       6102       6102       1.06       0.64     5754.29    13880.66     6102   
19083257.00    4941       4119       9060       2559       3381       5940       5940       1.07       0.64     5565.20    14069.75     5940   
19166590.00    5189       4466       9655       2311       3034       5345       5345       1.07       0.66     4976.90    14658.05     5345   
19249923.00    5234       4655       9889       2266       2845       5111       5111       1.07       0.67     4792.49    14842.47     5111   
19333256.00    5148       4489       9637       2352       3011       5363       5363       1.06       0.66     5038.11    14596.84     5363   
19416589.00    5251       4552       9803       2249       2948       5197       5197       1.06       0.67     4905.09    14729.86     5197   
19499922.00    5481       4985      10466       2019       2515       4534       4534       1.06       0.68     4272.42    15362.54     4534   
19583255.00    5401       4843      10244       2099       2657       4756       4756       1.05       0.68     4518.77    15116.18     4756   
19666588.00    5577       5020      10597       1923       2480       4403       4403       1.08       0.68     4080.28    15554.67     4403   
19749921.00    5264       4600       9864       2236       2900       5136       5136       1.07       0.66     4797.52    14837.43     5136   
19833254.00    5742       5164      10906       1758       2336       4094       4094       1.08       0.69     3807.65    15827.30     4094   
19916587.00    5328       4641       9969       2172       2859       5031       5031       1.06       0.67     4760.56    14874.39     5031   
19999920.00    5320       4674       9994       2180       2826       5006       3868       1.06       0.67     4702.68    14932.27     2503   
20083253.00    5306       4630       9936       2194       2870       5064       3953       1.06       0.67     4771.10    14863.85     2532   
20166586.00    5272       4561       9833       2228       2939       5167       3813       1.04       0.67     4949.37    14685.59     2583   
20249919.00    5482       4861      10343       2018       2639       4657       3554       1.04       0.68     4457.09    15177.87     2328   
20333252.00    5943       5494      11437       1557       2006       3563       3563       1.06       0.70     3358.53    16276.43     3563   
20416585.00    5937       5481      11418       1563       2019       3582       2544       1.05       0.70     3405.51    16229.45     1791   
20499918.00    5799       5322      11121       1701       2178       3879       2515       1.03       0.70     3748.39    15886.56     1939   
20583251.00    5892       5486      11378       1608       2014       3622       2553       1.04       0.70     3485.13    16149.82     1811   
20666584.00    6148       5711      11859       1352       1789       3141       2065       1.04       0.71     3011.86    16623.10     1570   
20749917.00    6029       5501      11530       1471       1999       3470       2235       1.05       0.71     3312.16    16322.79     1735   
20833250.00    6718       6461      13179       782        1039       1821       1821       1.08       0.73     1686.69    17948.26     1821   
20916583.00    6277       5885      12162       1223       1615       2838       2838       1.06       0.72     2681.82    16953.14     2838   
20999916.00    6144       5613      11757       1356       1887       3243       3243       1.05       0.71     3092.85    16542.11     3243   
21083249.00    5796       5196      10992       1704       2304       4008       4008       1.04       0.70     3859.55    15775.41     4008   
21166582.00    6176       5703      11879       1324       1797       3121       3121       1.05       0.71     2964.65    16670.31     3121   
21249915.00    6351       5977      12328       1149       1523       2672       2672       1.05       0.72     2546.18    17088.78     2672   
21333248.00    6281       5788      12069       1219       1712       2931       2931       1.05       0.72     2779.57    16855.39     2931   
21416581.00    6149       5609      11758       1351       1891       3242       3242       1.05       0.71     3101.96    16532.99     3242   
21499914.00    6361       5812      12173       1139       1688       2827       2827       1.05       0.72     2688.03    16946.93     2827   
21583247.00    6325       5837      12162       1175       1663       2838       2838       1.04       0.72     2721.76    16913.19     2838   
21666580.00    6548       6112      12660       952        1388       2340       2340       1.08       0.72     2171.48    17463.48     2340   
21749913.00    6445       5986      12431       1055       1514       2569       2569       1.08       0.72     2387.93    17247.03     2569   
21833246.00    6418       5906      12324       1082       1594       2676       2676       1.08       0.72     2485.24    17149.71     2676   
21916579.00    6329       5814      12143       1171       1686       2857       2857       1.06       0.72     2701.26    16933.70     2857   
21999912.00    6338       5803      12141       1162       1697       2859       2859       1.06       0.72     2693.95    16941.00     2859   
22083245.00    6362       5798      12160       1138       1702       2840       2840       1.06       0.72     2670.02    16964.93     2840   
22166578.00    6350       5744      12094       1150       1756       2906       2906       1.06       0.72     2736.18    16898.78     2906   
22249911.00    6420       5912      12332       1080       1588       2668       2668       1.06       0.72     2525.48    17109.47     2668   
22333244.00    6217       5767      11984       1283       1733       3016       3016       1.04       0.72     2897.93    16737.02     3016   
22416577.00    6178       5756      11934       1322       1744       3066       3066       1.05       0.71     2927.18    16707.77     3066   
22499910.00    6137       5749      11886       1363       1751       3114       3114       1.05       0.71     2968.27    16666.68     3114   
22583243.00    6134       5769      11903       1366       1731       3097       3097       1.06       0.71     2923.10    16711.85     3097   
22666576.00    6127       5725      11852       1373       1775       3148       3148       1.05       0.71     3008.91    16626.05     3148   
22749909.00    5896       5390      11286       1604       2110       3714       3714       1.03       0.70     3602.08    16032.88     3714   
22833242.00    6084       5608      11692       1416       1892       3308       3308       1.05       0.71     3154.91    16480.05     3308   
22916575.00    6110       5639      11749       1390       1861       3251       3251       1.03       0.71     3142.43    16492.52     3251   
22999908.00    6081       5574      11655       1419       1926       3345       3345       1.03       0.71     3249.07    16385.88     3345   
23083241.00    6415       5964      12379       1085       1536       2621       2621       1.05       0.72     2498.74    17136.21     2621   
23166574.00    5932       5304      11236       1568       2196       3764       3764       1.04       0.70     3635.32    15999.64     3764   
23249907.00    6377       5859      12236       1123       1641       2764       2764       1.04       0.72     2650.13    16984.82     2764   
23333240.00    5817       5216      11033       1683       2284       3967       3967       1.04       0.70     3818.46    15816.50     3967   
23416573.00    5930       5361      11291       1570       2139       3709       3709       1.06       0.70     3507.50    16127.46     3709   
23499906.00    5386       4699      10085       2114       2801       4915       3899       1.06       0.67     4655.61    14979.34     2457   
23583239.00    5296       4635       9931       2204       2865       5069       3973       1.06       0.67     4802.18    14832.77     2534   
23666572.00    5302       4592       9894       2198       2908       5106       4007       1.04       0.67     4902.34    14732.61     2553   
23749905.00    5727       5083      10810       1773       2417       4190       4190       1.03       0.69     4065.23    15569.73     4190   
23833238.00    5648       5032      10680       1852       2468       4320       3176       1.05       0.69     4103.65    15531.31     2160   
23916571.00    5587       4945      10532       1913       2555       4468       4468       1.06       0.68     4222.66    15412.30     4468   
23999904.00    5439       4835      10274       2061       2665       4726       4726       1.05       0.68     4506.06    15128.90     4726   
24083237.00    5618       4997      10615       1882       2503       4385       4385       1.05       0.69     4172.65    15462.31     4385   
24166570.00    5282       4643       9925       2218       2857       5075       5075       1.04       0.67     4857.13    14777.82     5075   
24249903.00    5400       4795      10195       2100       2705       4805       4805       1.05       0.68     4556.58    15078.37     4805   
24333236.00    5676       5047      10723       1824       2453       4277       4277       1.06       0.69     4035.03    15599.92     4277   
24416569.00    5871       5369      11240       1629       2131       3760       3760       1.07       0.70     3524.18    16110.78     3760   
24499902.00    5875       5414      11289       1625       2086       3711       3711       1.06       0.70     3496.02    16138.94     3711   
24583235.00    5875       5356      11231       1625       2144       3769       3769       1.06       0.70     3560.38    16074.57     3769   
24666568.00    5871       5308      11179       1629       2192       3821       3821       1.05       0.70     3628.39    16006.57     3821   
24749901.00    5903       5331      11234       1597       2169       3766       3766       1.06       0.70     3567.85    16067.11     3766   
24833234.00    6060       5676      11736       1440       1824       3264       3264       1.06       0.71     3086.67    16548.29     3264   
24916567.00    5513       4835      10348       1987       2665       4652       3562       1.04       0.68     4461.13    15173.83     2326   
24999900.00    6372       6045      12417       1128       1455       2583       2583       1.08       0.72     2396.65    17238.31     2583   
25083233.00    6377       6004      12381       1123       1496       2619       2619       1.07       0.72     2447.99    17186.97     2619   
25166566.00    5733       5066      10799       1767       2434       4201       4201       1.05       0.69     3993.03    15641.92     4201   
25249899.00    5968       5553      11521       1532       1947       3479       3479       1.05       0.71     3300.75    16334.21     3479   
25333232.00    6334       5923      12257       1166       1577       2743       2743       1.08       0.72     2533.08    17101.88     2743   
25416565.00    6214       5726      11940       1286       1774       3060       3060       1.07       0.71     2860.58    16774.37     3060   
25499898.00    6145       5650      11795       1355       1850       3205       3205       1.08       0.71     2977.99    16656.97     3205   
25583231.00    6078       5576      11654       1422       1924       3346       3346       1.07       0.71     3128.34    16506.61     3346   
25666564.00    6172       5731      11903       1328       1769       3097       3097       1.07       0.71     2904.66    16730.30     3097   
25749897.00    5969       5357      11326       1531       2143       3674       3674       1.06       0.70     3479.12    16155.84     3674   
25833230.00    6179       5695      11874       1321       1805       3126       3126       1.04       0.71     3003.11    16631.85     3126   
25916563.00    6064       5636      11700       1436       1864       3300       3300       1.05       0.71     3154.11    16480.85     3300   
25999896.00    6037       5520      11557       1463       1980       3443       3443       1.05       0.71     3277.33    16357.62     3443   
26083229.00    6016       5511      11527       1484       1989       3473       3473       1.06       0.70     3283.71    16351.24     3473   
26166562.00    6040       5608      11648       1460       1892       3352       3352       1.05       0.71     3190.68    16444.28     3352   
26249895.00    5971       5523      11494       1529       1977       3506       3506       1.06       0.70     3301.12    16333.84     3506   
26333228.00    5991       5600      11591       1509       1900       3409       3409       1.07       0.70     3186.18    16448.77     3409   
26416561.00    5835       5281      11116       1665       2219       3884       3884       1.06       0.70     3674.40    15960.56     3884   
26499894.00    5766       5263      11029       1734       2237       3971       3971       1.06       0.69     3752.06    15882.90     3971   
26583227.00    5383       4823      10206       2117       2677       4794       3784       1.06       0.67     4513.30    15121.66     2397   
26666560.00    5391       4780      10171       2109       2720       4829       3808       1.06       0.67     4539.43    15095.52     2414   
26749893.00    5872       5410      11282       1628       2090       3718       3718       1.08       0.70     3454.64    16180.32     3718   
26833226.00    5717       5191      10908       1783       2309       4092       4092       1.06       0.69     3843.19    15791.77     4092   
26916559.00    5838       5274      11112       1662       2226       3888       3888       1.08       0.69     3604.43    16030.53     3888   
26999892.00    5728       5076      10804       1772       2424       4196       4196       1.07       0.69     3921.57    15713.39     4196   
27083225.00    5646       5011      10657       1854       2489       4343       4343       1.06       0.69     4081.05    15553.90     4343   
27166558.00    5624       4981      10605       1876       2519       4395       4395       1.06       0.68     4145.39    15489.57     4395   
27249891.00    5773       5211      10984       1727       2289       4016       4016       1.07       0.69     3768.32    15866.64     4016   
27333224.00    5766       5132      10898       1734       2368       4102       4102       1.05       0.69     3891.51    15743.45     4102   
27416557.00    5638       5010      10648       1862       2490       4352       4352       1.05       0.69     4144.29    15490.66     4352   
27499890.00    5497       4930      10427       2003       2570       4573       4573       1.04       0.68     4377.38    15257.57     4573   
27583223.00    5723       5186      10909       1777       2314       4091       4091       1.06       0.69     3861.77    15773.19     4091   
27666556.00    5577       4983      10560       1923       2517       4440       4440       1.05       0.68     4209.97    15424.99     4440   
27749889.00    5380       4757      10137       2120       2743       4863       4863       1.04       0.68     4661.03    14973.92     4863   
27833222.00    5604       5003      10607       1896       2497       4393       4393       1.06       0.69     4157.43    15477.53     4393   
27916555.00    5479       4847      10326       2021       2653       4674       4674       1.05       0.68     4450.03    15184.92     4674   
27999888.00    5417       4780      10197       2083       2720       4803       2501       1.05       0.68     4588.98    15045.97     2401   
28083221.00    5432       4735      10167       2068       2765       4833       4833       1.04       0.68     4629.39    15005.56     4833   
28166554.00    5697       5036      10733       1803       2464       4267       4267       1.05       0.69     4049.05    15585.90     4267   
28249887.00    5516       4813      10329       1984       2687       4671       4671       1.03       0.68     4525.40    15109.55     4671   
28333220.00    5572       4921      10493       1928       2579       4507       4507       1.04       0.69     4346.79    15288.17     4507   
28416553.00    5567       4852      10419       1933       2648       4581       4581       1.03       0.69     4464.18    15170.78     4581   
28499886.00    5323       4582       9905       2177       2918       5095       5095       1.02       0.68     4985.68    14649.28     5095   
28583219.00    5739       5083      10822       1761       2417       4178       4178       1.04       0.69     4027.62    15607.34     4178   
28666552.00    5711       5062      10773       1789       2438       4227       4227       1.03       0.69     4084.60    15550.35     4227   
28749885.00    5630       5030      10660       1870       2470       4340       4340       1.03       0.69     4195.68    15439.27     4340   
28833218.00    5622       4979      10601       1878       2521       4399       4399       1.03       0.69     4272.54    15362.41     4399   
28916551.00    5679       5071      10750       1821       2429       4250       2438       1.04       0.69     4089.80    15545.16     2125   
28999884.00    5772       5180      10952       1728       2320       4048       2394       1.06       0.69     3833.77    15801.18     2024   
29083217.00    5569       4945      10514       1931       2555       4486       4486       1.05       0.68     4256.89    15378.06     4486   
29166550.00    5693       4990      10683       1807       2510       4317       2201       1.06       0.69     4068.14    15566.81     2158   
29249883.00    5678       4954      10632       1822       2546       4368       4368       1.06       0.69     4115.95    15519.00     4368   
29333216.00    5582       4831      10413       1918       2669       4587       2500       1.06       0.68     4336.01    15298.95     2293   
29416549.00    5500       4758      10258       2000       2742       4742       4742       1.05       0.68     4513.42    15121.54     4742   
29499882.00    5734       4994      10728       1766       2506       4272       2597       1.07       0.69     4001.31    15633.64     2136   
29583215.00    5654       4921      10575       1846       2579       4425       4425       1.06       0.68     4174.44    15460.52     4425   
29666548.00    5580       4847      10427       1920       2653       4573       4573       1.06       0.68     4330.25    15304.71     4573   
29749881.00    5707       4979      10686       1793       2521       4314       4314       1.07       0.68     4028.09    15606.86     4314   
29833214.00    5698       4988      10686       1802       2512       4314       2752       1.06       0.69     4051.17    15583.78     2157   
29916547.00    5695       4933      10628       1805       2567       4372       2629       1.05       0.69     4156.31    15478.64     2186   
29999880.00    6137       5630      11767       1363       1870       3233       3233       1.05       0.71     3069.54    16565.41     3233   
30083213.00    6445       6063      12508       1055       1437       2492       2492       1.05       0.72     2372.03    17262.93     2492   
30166546.00    5868       5286      11154       1632       2214       3846       2651       1.02       0.70     3760.01    15874.95     1923   
30249879.00    6007       5430      11437       1493       2070       3563       3563       1.03       0.71     3459.65    16175.31     3563   
30333212.00    6126       5654      11780       1374       1846       3220       1849       1.05       0.71     3075.76    16559.19     1610   
30416545.00    5779       5229      11008       1721       2271       3992       2702       1.04       0.70     3855.03    15779.93     1996   
30499878.00    5693       5126      10819       1807       2374       4181       2956       1.04       0.69     4014.51    15620.45     2090   
30583211.00    5430       4675      10105       2070       2825       4895       2688       1.03       0.68     4737.81    14897.14     2447   
30666544.00    5494       4710      10204       2006       2790       4796       2647       1.03       0.68     4671.97    14962.98     2398   
30749877.00    5732       5040      10772       1768       2460       4228       2488       1.03       0.69     4096.91    15538.04     2114   
30833210.00    6011       5477      11488       1489       2023       3512       2184       1.06       0.70     3327.94    16307.02     1756   
30916543.00    5981       5312      11293       1519       2188       3707       2068       1.04       0.70     3551.53    16083.43     1853   
30999876.00    5772       5003      10775       1728       2497       4225       2539       1.03       0.69     4109.75    15525.20     2112   
31083209.00    5602       4857      10459       1898       2643       4541       2590       1.03       0.69     4400.30    15234.66     2270   
31166542.00    5776       5146      10922       1724       2354       4078       4078       1.05       0.69     3889.82    15745.13     4078   
31249875.00    5730       5019      10749       1770       2481       4251       2508       1.04       0.69     4086.39    15548.56     2125   
31333208.00    5442       4507       9949       2058       2993       5051       5051       1.04       0.67     4835.38    14799.58     5051   
31416541.00    5285       4388       9673       2215       3112       5327       3751       1.04       0.67     5103.76    14531.19     2663   
31499874.00    5503       4633      10136       1997       2867       4864       4864       1.05       0.68     4634.63    15000.32     4864   
31583207.00    5385       4532       9917       2115       2968       5083       3577       1.06       0.67     4803.22    14831.74     2541   
31666540.00    5504       4626      10130       1996       2874       4870       3499       1.07       0.67     4550.79    15084.16     2435   
31749873.00    5461       4583      10044       2039       2917       4956       3617       1.06       0.67     4657.99    14976.97     2478   
31833206.00    5469       4600      10069       2031       2900       4931       3689       1.07       0.67     4618.96    15015.99     2465   
31916539.00    5537       4657      10194       1963       2843       4806       3506       1.06       0.67     4527.21    15107.75     2403   
31999872.00    5431       4487       9918       2069       3013       5082       3663       1.05       0.67     4835.81    14799.14     2541   
32083205.00    5624       4682      10306       1876       2818       4694       3168       1.05       0.68     4450.56    15184.40     2347   
32166538.00    5607       4723      10330       1893       2777       4670       3356       1.04       0.68     4469.51    15165.44     2335   
32249871.00    5738       4846      10584       1762       2654       4416       3336       1.06       0.69     4185.71    15449.24     2208   
32333204.00    5709       4837      10546       1791       2663       4454       2880       1.04       0.69     4281.92    15353.04     2227   
32416537.00    5870       5023      10893       1630       2477       4107       2944       1.03       0.70     3968.96    15665.99     2053   
32499870.00    5824       4970      10794       1676       2530       4206       2874       1.03       0.69     4077.45    15557.50     2103   
32583203.00    5603       4767      10370       1897       2733       4630       3072       1.02       0.69     4541.56    15093.39     2315   
32666536.00    5720       4928      10648       1780       2572       4352       3294       1.03       0.69     4209.32    15425.64     2176   
32749869.00    5887       5033      10920       1613       2467       4080       2892       1.04       0.70     3936.92    15698.04     2040   
32833202.00    6000       5198      11198       1500       2302       3802       2739       1.04       0.70     3668.61    15966.35     1901   
32916535.00    6203       5595      11798       1297       1905       3202       3202       1.04       0.71     3070.73    16564.22     3202   
32999868.00    6333       5722      12055       1167       1778       2945       2945       1.05       0.72     2806.62    16828.33     2945   
33083201.00    6184       5569      11753       1316       1931       3247       3247       1.04       0.71     3110.84    16524.12     3247   
33166534.00    6090       5262      11352       1410       2238       3648       2560       1.04       0.70     3521.43    16113.53     1824   
33249867.00    6345       5719      12064       1155       1781       2936       2936       1.04       0.72     2836.64    16798.31     2936   
33333200.00    6774       6400      13174       726        1100       1826       1826       1.06       0.74     1729.50    17905.45     1826   
