 Timestep    Gas_A      Gas_B     Gas_tot    Dense_A    Dense_B   Dense_tot   Lg_clust  DP_density GP_density Clust_area  Gas_area     MCS    
   0.00       7500       7500      15000        0          0          0          6         0.00       0.76       0.00     19634.96      0     
104166.00     7500       7500      15000        0          0          0         745        0.00       0.76       0.00     19634.96      0     
208332.00     5968       5907      11875       1532       1593       3125       1981       0.97       0.72     3213.01    16421.94     1562   
312498.00     4976       4847       9823       2524       2653       5177       1490       0.99       0.68     5212.81    14422.15     1294   
416664.00     4468       4519       8987       3032       2981       6013       1630       1.01       0.66     5965.07    13669.89     1503   
520830.00     3393       3239       6632       4107       4261       8368       7073       1.03       0.58     8134.80    11500.15     4184   
624996.00     3123       3019       6142       4377       4481       8858       7783       1.05       0.55     8437.77    11197.19     4429   
729162.00     2783       2577       5360       4717       4923       9640       8519       1.06       0.51     9124.34    10510.61     4820   
833328.00     2936       2800       5736       4564       4700       9264       4044       1.07       0.52     8643.75    10991.21     2316   
937494.00     2822       2670       5492       4678       4830       9508       8068       1.07       0.51     8851.63    10783.32     4754   
1041660.00    2753       2586       5339       4747       4914       9661       8165       1.08       0.50     8935.61    10699.35     4830   
1145826.00    2593       2420       5013       4907       5080       9987       8396       1.09       0.48     9184.11    10450.85     4993   
1249992.00    2232       2035       4267       5268       5465      10733       6865       1.08       0.44     9936.52    9698.43      3577   
1354158.00    2428       2227       4655       5072       5273      10345       8596       1.09       0.46     9506.62    10128.34     5172   
1458324.00    1992       1775       3767       5508       5725      11233      11233       1.08       0.41     10353.78   9281.17     11233   
1562490.00    2161       1954       4115       5339       5546      10885       6758       1.08       0.43     10039.56   9595.40      5442   
1666656.00    1928       1788       3716       5572       5712      11284       6940       1.09       0.40     10341.60   9293.36      5642   
1770822.00    1615       1408       3023       5885       6092      11977       7522       1.09       0.35     10945.79   8689.16      5988   
1874988.00    1692       1458       3150       5808       6042      11850       7475       1.10       0.36     10818.64   8816.31      5925   
1979154.00    1672       1417       3089       5828       6083      11911       6236       1.09       0.36     10948.94   8686.02      3970   
2083320.00    1665       1466       3131       5835       6034      11869       6338       1.08       0.36     10955.12   8679.84      3956   
2187486.00    1673       1505       3178       5827       5995      11822       6283       1.08       0.36     10926.61   8708.34      3940   
2291652.00    1765       1555       3320       5735       5945      11680       7530       1.09       0.37     10763.72   8871.24      5840   
2395818.00    1727       1543       3270       5773       5957      11730       7714       1.09       0.37     10735.29   8899.67      5865   
2499984.00    1541       1325       2866       5959       6175      12134      12134       1.10       0.33     11069.02   8565.93     12134   
2604150.00    1609       1374       2983       5891       6126      12017       5573       1.10       0.34     10952.37   8682.59      4005   
2708316.00    1624       1455       3079       5876       6045      11921       5663       1.10       0.35     10830.81   8804.14      3973   
2812482.00    1492       1300       2792       6008       6200      12208       5805       1.10       0.33     11070.65   8564.31      4069   
2916648.00    1503       1334       2837       5997       6166      12163       7744       1.10       0.33     11099.83   8535.12      6081   
3020814.00    1486       1271       2757       6014       6229      12243      12243       1.10       0.33     11180.29   8454.66     12243   
3124980.00    1586       1374       2960       5914       6126      12040      12040       1.09       0.35     11090.76   8544.19     12040   
3229146.00    1585       1480       3065       5915       6020      11935      11935       1.09       0.35     10968.52   8666.43     11935   
3333312.00    1639       1493       3132       5861       6007      11868       8546       1.09       0.36     10896.36   8738.59      5934   
3437478.00    1574       1378       2952       5926       6122      12048      12048       1.10       0.34     10961.00   8673.96     12048   
3541644.00    1535       1382       2917       5965       6118      12083       8738       1.09       0.34     11054.29   8580.66      6041   
3645810.00    1640       1446       3086       5860       6054      11914       8696       1.10       0.35     10857.52   8777.44      5957   
3749976.00    1637       1476       3113       5863       6024      11887       8846       1.09       0.35     10860.00   8774.95      5943   
3854142.00    1610       1518       3128       5890       5982      11872       8926       1.10       0.36     10840.01   8794.95      5936   
3958308.00    1695       1544       3239       5805       5956      11761       8874       1.10       0.36     10718.91   8916.04      5880   
4062474.00    1667       1523       3190       5833       5977      11810       8899       1.09       0.36     10844.96   8790.00      5905   
4166640.00    2073       1887       3960       5427       5613      11040       8893       1.10       0.41     10082.13   9552.83      5520   
4270806.00    2107       1924       4031       5393       5576      10969      10969       1.10       0.42     9986.24    9648.72     10969   
4374972.00    1497       1323       2820       6003       6177      12180      12180       1.09       0.33     11135.16   8499.80     12180   
4479138.00    1599       1416       3015       5901       6084      11985      11985       1.09       0.35     10945.35   8689.60     11985   
4583304.00    1686       1510       3196       5814       5990      11804      11804       1.10       0.36     10772.06   8862.90     11804   
4687470.00    1593       1476       3069       5907       6024      11931      11931       1.10       0.35     10838.32   8796.64     11931   
4791636.00    1595       1478       3073       5905       6022      11927      11927       1.11       0.35     10748.50   8886.46     11927   
4895802.00    1523       1333       2856       5977       6167      12144      12144       1.11       0.33     10893.99   8740.97     12144   
4999968.00    1441       1250       2691       6059       6250      12309      12309       1.11       0.31     11056.07   8578.89     12309   
5104134.00    1443       1232       2675       6057       6268      12325      12325       1.11       0.31     11135.37   8499.58     12325   
5208300.00    1501       1307       2808       5999       6193      12192      12192       1.11       0.32     10952.58   8682.38     12192   
5312466.00    1496       1280       2776       6004       6220      12224      12224       1.11       0.32     10975.79   8659.16     12224   
5416632.00    1487       1309       2796       6013       6191      12204      12204       1.11       0.32     11008.12   8626.84     12204   
5520798.00    1507       1307       2814       5993       6193      12186      12186       1.11       0.33     10994.03   8640.92     12186   
5624964.00    1566       1339       2905       5934       6161      12095      12095       1.11       0.33     10864.17   8770.79     12095   
5729130.00    1505       1345       2850       5995       6155      12150      12150       1.11       0.33     10943.01   8691.95     12150   
5833296.00    1503       1327       2830       5997       6173      12170      12170       1.11       0.33     10954.74   8680.22     12170   
5937462.00    1588       1365       2953       5912       6135      12047      12047       1.11       0.34     10825.67   8809.29     12047   
6041628.00    1553       1352       2905       5947       6148      12095      12095       1.11       0.33     10904.53   8730.43     12095   
6145794.00    1505       1299       2804       5995       6201      12196      12196       1.12       0.32     10935.53   8699.43     12196   
6249960.00    1450       1248       2698       6050       6252      12302      12302       1.10       0.32     11147.39   8487.56     12302   
6354126.00    1489       1277       2766       6011       6223      12234      12234       1.11       0.32     11019.63   8615.33     12234   
6458292.00    1420       1185       2605       6080       6315      12395      12395       1.11       0.31     11164.92   8470.03     12395   
6562458.00    1310       1108       2418       6190       6392      12582      12582       1.11       0.29     11311.53   8323.42     12582   
6666624.00    1400       1178       2578       6100       6322      12422      12422       1.11       0.30     11172.24   8462.71     12422   
6770790.00    1547       1300       2847       5953       6200      12153      12153       1.11       0.33     10927.48   8707.47     12153   
6874956.00    1585       1291       2876       5915       6209      12124      12124       1.11       0.33     10910.20   8724.76     12124   
6979122.00    1614       1346       2960       5886       6154      12040      12040       1.11       0.34     10849.87   8785.09     12040   
7083288.00    1610       1339       2949       5890       6161      12051      12051       1.12       0.33     10782.32   8852.64     12051   
7187454.00    1729       1456       3185       5771       6044      11815      11815       1.12       0.35     10583.88   9051.07     11815   
7291620.00    1634       1411       3045       5866       6089      11955      11955       1.12       0.34     10708.95   8926.01     11955   
7395786.00    1514       1351       2865       5986       6149      12135      12135       1.11       0.33     10907.24   8727.71     12135   
7499952.00    1468       1306       2774       6032       6194      12226      12226       1.11       0.32     10975.64   8659.31     12226   
7604118.00    1440       1256       2696       6060       6244      12304      12304       1.12       0.31     10965.73   8669.23     12304   
7708284.00    1391       1270       2661       6109       6230      12339      12339       1.13       0.31     10959.52   8675.44     12339   
7812450.00    1348       1198       2546       6152       6302      12454      12454       1.13       0.30     11046.12   8588.83     12454   
7916616.00    1362       1189       2551       6138       6311      12449      12449       1.13       0.30     11058.45   8576.50     12449   
8020782.00    1445       1266       2711       6055       6234      12289      12289       1.12       0.31     10997.06   8637.90     12289   
8124948.00    1530       1271       2801       5970       6229      12199      12199       1.12       0.32     10871.09   8763.87     12199   
8229114.00    1606       1361       2967       5894       6139      12033      12033       1.12       0.33     10721.13   8913.83     12033   
8333280.00    1678       1424       3102       5822       6076      11898      11898       1.12       0.34     10602.62   9032.33     11898   
8437446.00    1635       1350       2985       5865       6150      12015      12015       1.12       0.34     10727.58   8907.37     12015   
8541612.00    1682       1370       3052       5818       6130      11948      11948       1.13       0.34     10618.31   9016.64     11948   
8645778.00    1620       1312       2932       5880       6188      12068      12068       1.13       0.33     10709.68   8925.28     12068   
8749944.00    1532       1306       2838       5968       6194      12162      12162       1.13       0.32     10767.11   8867.85     12162   
8854110.00    1489       1232       2721       6011       6268      12279      12279       1.13       0.31     10870.00   8764.96     12279   
8958276.00    1486       1264       2750       6014       6236      12250      12250       1.13       0.31     10793.41   8841.55     12250   
9062442.00    1453       1193       2646       6047       6307      12354      12354       1.13       0.30     10929.50   8705.45     12354   
9166608.00    1424       1148       2572       6076       6352      12428      12428       1.13       0.30     11032.95   8602.00     12428   
9270774.00    1401       1149       2550       6099       6351      12450      12450       1.13       0.29     10976.77   8658.19     12450   
9374940.00    1453       1185       2638       6047       6315      12362      12362       1.14       0.30     10862.05   8772.91     12362   
9479106.00    1437       1190       2627       6063       6310      12373      12373       1.13       0.30     10931.77   8703.19     12373   
9583272.00    1330       1164       2494       6170       6336      12506      12506       1.13       0.29     11109.50   8525.45     12506   
9687438.00    1404       1203       2607       6096       6297      12393      12393       1.12       0.30     11032.53   8602.43     12393   
9791604.00    1475       1238       2713       6025       6262      12287      12287       1.13       0.31     10892.81   8742.15     12287   
9895770.00    1425       1220       2645       6075       6280      12355      12355       1.13       0.30     10925.51   8709.44     12355   
9999936.00    1396       1170       2566       6104       6330      12434      12434       1.13       0.30     11008.19   8626.76     12434   
10104102.00    1405       1165       2570       6095       6335      12430      12430       1.13       0.30     10985.00   8649.96     12430   
10208268.00    1311       1099       2410       6189       6401      12590      12590       1.12       0.29     11201.51   8433.44     12590   
10312434.00    1339       1175       2514       6161       6325      12486      12486       1.13       0.29     11066.36   8568.60     12486   
10416600.00    1347       1175       2522       6153       6325      12478      12478       1.12       0.30     11114.00   8520.95     12478   
10520766.00    1359       1136       2495       6141       6364      12505      12505       1.12       0.29     11141.28   8493.67     12505   
10624932.00    1429       1190       2619       6071       6310      12381      12381       1.12       0.31     11054.78   8580.17     12381   
10729098.00    1437       1194       2631       6063       6306      12369      12369       1.12       0.31     11091.69   8543.26     12369   
10833264.00    1492       1272       2764       6008       6228      12236      12236       1.11       0.32     10997.51   8637.44     12236   
10937430.00    1468       1200       2668       6032       6300      12332      12332       1.12       0.31     10992.57   8642.39     12332   
11041596.00    1500       1260       2760       6000       6240      12240      12240       1.12       0.32     10915.16   8719.79     12240   
11145762.00    1524       1294       2818       5976       6206      12182      12182       1.12       0.32     10863.73   8771.23     12182   
11249928.00    1594       1285       2879       5906       6215      12121      12121       1.13       0.32     10768.10   8866.86     12121   
11354094.00    1481       1206       2687       6019       6294      12313      12313       1.12       0.31     10972.05   8662.91     12313   
11458260.00    1454       1148       2602       6046       6352      12398      12398       1.13       0.30     11010.02   8624.94     12398   
11562426.00    1446       1199       2645       6054       6301      12355      12355       1.13       0.30     10959.90   8675.05     12355   
11666592.00    1551       1285       2836       5949       6215      12164      12164       1.13       0.32     10781.10   8853.85     12164   
11770758.00    1489       1257       2746       6011       6243      12254      12254       1.13       0.31     10826.78   8808.17     12254   
11874924.00    1530       1264       2794       5970       6236      12206      12206       1.13       0.32     10832.01   8802.95     12206   
11979090.00    1594       1343       2937       5906       6157      12063      12063       1.13       0.33     10692.94   8942.01     12063   
12083256.00    1631       1404       3035       5869       6096      11965      11965       1.13       0.33     10547.62   9087.33     11965   
12187422.00    1544       1275       2819       5956       6225      12181      12181       1.13       0.32     10780.53   8854.42     12181   
12291588.00    1504       1235       2739       5996       6265      12261      12261       1.13       0.31     10855.03   8779.93     12261   
12395754.00    1484       1149       2633       6016       6351      12367      12367       1.13       0.30     10916.93   8718.03     12367   
12499920.00    1448       1143       2591       6052       6357      12409      12409       1.13       0.30     10990.99   8643.97     12409   
12604086.00    1452       1159       2611       6048       6341      12389      12389       1.13       0.30     10974.92   8660.04     12389   
12708252.00    1447       1219       2666       6053       6281      12334      12334       1.12       0.31     10964.15   8670.81     12334   
12812418.00    1457       1202       2659       6043       6298      12341      12341       1.12       0.31     11067.14   8567.81     12341   
12916584.00    1454       1185       2639       6046       6315      12361      12361       1.12       0.31     11053.31   8581.65     12361   
13020750.00    1538       1328       2866       5962       6172      12134      12134       1.12       0.33     10839.61   8795.35     12134   
13124916.00    1457       1209       2666       6043       6291      12334      12334       1.12       0.31     10993.97   8640.98     12334   
13229082.00    1427       1226       2653       6073       6274      12347      12347       1.13       0.31     10956.70   8678.26     12347   
13333248.00    1486       1274       2760       6014       6226      12240      12240       1.13       0.31     10789.30   8845.66     12240   
13437414.00    1467       1266       2733       6033       6234      12267      12267       1.14       0.31     10792.86   8842.09     12267   
13541580.00    1352       1192       2544       6148       6308      12456      12456       1.14       0.29     10953.34   8681.61     12456   
13645746.00    1395       1207       2602       6105       6293      12398      12398       1.14       0.30     10905.19   8729.76     12398   
13749912.00    1391       1181       2572       6109       6319      12428      12428       1.14       0.30     10934.32   8700.63     12428   
13854078.00    1418       1178       2596       6082       6322      12404      12404       1.14       0.30     10926.48   8708.48     12404   
13958244.00    1377       1123       2500       6123       6377      12500      12500       1.14       0.29     11005.88   8629.08     12500   
14062410.00    1364       1125       2489       6136       6375      12511      12511       1.14       0.29     10992.95   8642.00     12511   
14166576.00    1366       1086       2452       6134       6414      12548      12548       1.14       0.28     10979.82   8655.14     12548   
14270742.00    1427       1151       2578       6073       6349      12422      12422       1.13       0.30     10946.55   8688.40     12422   
14374908.00    1452       1197       2649       6048       6303      12351      12351       1.13       0.31     10958.06   8676.89     12351   
14479074.00    1593       1375       2968       5907       6125      12032      12032       1.13       0.33     10634.05   9000.90     12032   
14583240.00    1574       1366       2940       5926       6134      12060      12060       1.14       0.33     10604.15   9030.80     12060   
14687406.00    1478       1261       2739       6022       6239      12261      12261       1.14       0.31     10767.20   8867.75     12261   
14791572.00    1389       1180       2569       6111       6320      12431      12431       1.14       0.29     10906.93   8728.03     12431   
14895738.00    1305       1126       2431       6195       6374      12569      12569       1.14       0.28     11034.14   8600.81     12569   
14999904.00    1280       1120       2400       6220       6380      12600      12600       1.13       0.28     11113.85   8521.11     12600   
15104070.00    1373       1166       2539       6127       6334      12461      12461       1.12       0.30     11086.05   8548.91     12461   
15208236.00    1537       1325       2862       5963       6175      12138      12138       1.13       0.32     10771.01   8863.95     12138   
15312402.00    1469       1259       2728       6031       6241      12272      12272       1.13       0.31     10879.04   8755.92     12272   
15416568.00    1432       1276       2708       6068       6224      12292      12292       1.13       0.31     10904.95   8730.01     12292   
15520734.00    1517       1309       2826       5983       6191      12174      12174       1.13       0.32     10818.58   8816.38     12174   
15624900.00    1499       1327       2826       6001       6173      12174      12174       1.13       0.32     10735.17   8899.79     12174   
15729066.00    1488       1311       2799       6012       6189      12201      12201       1.13       0.32     10771.70   8863.26     12201   
15833232.00    1502       1340       2842       5998       6160      12158      12158       1.13       0.32     10762.72   8872.23     12158   
15937398.00    1555       1339       2894       5945       6161      12106      12106       1.14       0.32     10661.51   8973.45     12106   
16041564.00    1584       1310       2894       5916       6190      12106      12106       1.13       0.32     10686.76   8948.19     12106   
16145730.00    1615       1380       2995       5885       6120      12005      12005       1.14       0.33     10542.09   9092.87     12005   
16249896.00    1562       1313       2875       5938       6187      12125      12125       1.14       0.32     10613.01   9021.95     12125   
16354062.00    1555       1264       2819       5945       6236      12181      12181       1.14       0.31     10660.60   8974.36     12181   
16458228.00    1547       1269       2816       5953       6231      12184      12184       1.14       0.31     10692.28   8942.68     12184   
16562394.00    1539       1280       2819       5961       6220      12181      12181       1.14       0.31     10680.67   8954.28     12181   
16666560.00    1467       1203       2670       6033       6297      12330      12330       1.14       0.30     10789.32   8845.63     12330   
16770726.00    1478       1217       2695       6022       6283      12305      12305       1.14       0.30     10780.66   8854.30     12305   
16874892.00    1518       1290       2808       5982       6210      12192      12192       1.14       0.31     10662.06   8972.90     12192   
16979058.00    1442       1238       2680       6058       6262      12320      12320       1.14       0.30     10804.37   8830.58     12320   
17083224.00    1436       1242       2678       6064       6258      12322      12322       1.13       0.31     10856.78   8778.17     12322   
17187390.00    1451       1295       2746       6049       6205      12254      12254       1.14       0.31     10787.86   8847.10     12254   
17291556.00    1452       1275       2727       6048       6225      12273      12273       1.14       0.31     10806.80   8828.15     12273   
17395722.00    1475       1282       2757       6025       6218      12243      12243       1.13       0.31     10799.22   8835.73     12243   
17499888.00    1476       1276       2752       6024       6224      12248      12248       1.13       0.31     10827.11   8807.85     12248   
17604054.00    1513       1265       2778       5987       6235      12222      12222       1.12       0.32     10869.30   8765.65     12222   
17708220.00    1510       1263       2773       5990       6237      12227      12227       1.12       0.32     10914.86   8720.09     12227   
17812386.00    1543       1280       2823       5957       6220      12177      12177       1.12       0.32     10842.65   8792.30     12177   
17916552.00    1490       1310       2800       6010       6190      12200      12200       1.13       0.32     10813.69   8821.27     12200   
18020718.00    1482       1258       2740       6018       6242      12260      12260       1.12       0.31     10907.03   8727.93     12260   
18124884.00    1397       1245       2642       6103       6255      12358      12358       1.12       0.31     10991.08   8643.88     12358   
18229050.00    1333       1116       2449       6167       6384      12551      12551       1.13       0.29     11115.00   8519.95     12551   
18333216.00    1305       1150       2455       6195       6350      12545      12545       1.13       0.29     11058.87   8576.08     12545   
18437382.00    1413       1227       2640       6087       6273      12360      12360       1.14       0.30     10871.15   8763.81     12360   
18541548.00    1351       1108       2459       6149       6392      12541      12541       1.13       0.29     11094.42   8540.54     12541   
18645714.00    1442       1204       2646       6058       6296      12354      12354       1.13       0.30     10916.65   8718.31     12354   
18749880.00    1399       1207       2606       6101       6293      12394      12394       1.14       0.30     10873.65   8761.30     12394   
18854046.00    1354       1146       2500       6146       6354      12500      12500       1.15       0.28     10856.21   8778.74     12500   
18958212.00    1364       1114       2478       6136       6386      12522      12522       1.15       0.28     10864.36   8770.60     12522   
19062378.00    1347       1139       2486       6153       6361      12514      12514       1.16       0.28     10833.31   8801.65     12514   
19166544.00    1360       1164       2524       6140       6336      12476      12476       1.16       0.29     10782.77   8852.19     12476   
19270710.00    1294       1138       2432       6206       6362      12568      12568       1.15       0.28     10928.97   8705.99     12568   
19374876.00    1242       1089       2331       6258       6411      12669      12669       1.14       0.27     11079.36   8555.60     12669   
19479042.00    1267       1083       2350       6233       6417      12650      12650       1.14       0.27     11058.33   8576.62     12650   
19583208.00    1239       1080       2319       6261       6420      12681      12681       1.14       0.27     11082.76   8552.19     12681   
19687374.00    1245       1165       2410       6255       6335      12590      12590       1.14       0.28     11074.38   8560.57     12590   
19791540.00    1449       1328       2777       6051       6172      12223      12223       1.14       0.31     10744.62   8890.34     12223   
19895706.00    1402       1254       2656       6098       6246      12344      12344       1.14       0.30     10803.90   8831.05     12344   
19999872.00    1372       1207       2579       6128       6293      12421      12421       1.14       0.30     10906.14   8728.82     12421   
20104038.00    1354       1185       2539       6146       6315      12461      12461       1.14       0.29     10922.32   8712.63     12461   
20208204.00    1427       1199       2626       6073       6301      12374      12374       1.14       0.30     10841.75   8793.20     12374   
20312370.00    1392       1201       2593       6108       6299      12407      12407       1.14       0.30     10886.18   8748.77     12407   
20416536.00    1406       1202       2608       6094       6298      12392      12392       1.13       0.30     10949.36   8685.60     12392   
20520702.00    1344       1151       2495       6156       6349      12505      12505       1.13       0.29     11065.13   8569.83     12505   
20624868.00    1408       1248       2656       6092       6252      12344      12344       1.14       0.30     10869.35   8765.61     12344   
20729034.00    1317       1188       2505       6183       6312      12495      12495       1.13       0.29     11036.82   8598.14     12495   
20833200.00    1276       1205       2481       6224       6295      12519      12519       1.13       0.29     11061.14   8573.81     12519   
20937366.00    1290       1160       2450       6210       6340      12550      12550       1.13       0.29     11149.51   8485.44     12550   
21041532.00    1248       1108       2356       6252       6392      12644      12644       1.13       0.28     11233.31   8401.64     12644   
21145698.00    1353       1199       2552       6147       6301      12448      12448       1.13       0.30     11059.99   8574.96     12448   
21249864.00    1415       1209       2624       6085       6291      12376      12376       1.12       0.30     11008.83   8626.13     12376   
21354030.00    1443       1279       2722       6057       6221      12278      12278       1.13       0.31     10900.35   8734.60     12278   
21458196.00    1482       1320       2802       6018       6180      12198      12198       1.13       0.32     10816.49   8818.47     12198   
21562362.00    1435       1246       2681       6065       6254      12319      12319       1.13       0.31     10912.80   8722.16     12319   
21666528.00    1317       1147       2464       6183       6353      12536      12536       1.13       0.29     11054.75   8580.20     12536   
21770694.00    1335       1174       2509       6165       6326      12491      12491       1.14       0.29     10965.38   8669.57     12491   
21874860.00    1361       1157       2518       6139       6343      12482      12482       1.14       0.29     10977.79   8657.16     12482   
21979026.00    1304       1102       2406       6196       6398      12594      12594       1.14       0.28     11095.56   8539.39     12594   
22083192.00    1299       1118       2417       6201       6382      12583      12583       1.14       0.28     11051.14   8583.82     12583   
22187358.00    1301       1114       2415       6199       6386      12585      12585       1.13       0.28     11102.57   8532.38     12585   
22291524.00    1365       1157       2522       6135       6343      12478      12478       1.13       0.29     11058.71   8576.24     12478   
22395690.00    1426       1212       2638       6074       6288      12362      12362       1.13       0.30     10897.77   8737.18     12362   
22499856.00    1473       1218       2691       6027       6282      12309      12309       1.13       0.31     10865.31   8769.65     12309   
22604022.00    1434       1193       2627       6066       6307      12373      12373       1.13       0.30     10960.04   8674.92     12373   
22708188.00    1432       1192       2624       6068       6308      12376      12376       1.13       0.30     10954.34   8680.61     12376   
22812354.00    1435       1181       2616       6065       6319      12384      12384       1.13       0.30     10997.80   8637.15     12384   
22916520.00    1347       1125       2472       6153       6375      12528      12528       1.12       0.29     11165.95   8469.01     12528   
23020686.00    1481       1239       2720       6019       6261      12280      12280       1.12       0.31     10933.38   8701.58     12280   
23124852.00    1543       1278       2821       5957       6222      12179      12179       1.12       0.32     10851.83   8783.12     12179   
23229018.00    1507       1271       2778       5993       6229      12222      12222       1.12       0.32     10896.10   8738.85     12222   
23333184.00    1504       1276       2780       5996       6224      12220      12220       1.13       0.32     10830.28   8804.67     12220   
23437350.00    1495       1292       2787       6005       6208      12213      12213       1.13       0.32     10790.52   8844.43     12213   
23541516.00    1581       1311       2892       5919       6189      12108      12108       1.14       0.32     10667.33   8967.63     12108   
23645682.00    1629       1368       2997       5871       6132      12003      12003       1.13       0.33     10578.50   9056.45     12003   
23749848.00    1630       1421       3051       5870       6079      11949      11949       1.14       0.33     10519.37   9115.58     11949   
23854014.00    1588       1364       2952       5912       6136      12048      12048       1.14       0.33     10571.47   9063.49     12048   
23958180.00    1621       1378       2999       5879       6122      12001      12001       1.14       0.33     10540.21   9094.74     12001   
24062346.00    1563       1352       2915       5937       6148      12085      12085       1.13       0.33     10681.24   8953.71     12085   
24166512.00    1600       1378       2978       5900       6122      12022      12022       1.13       0.33     10595.87   9039.09     12022   
24270678.00    1502       1276       2778       5998       6224      12222      12222       1.13       0.31     10773.76   8861.20     12222   
24374844.00    1480       1247       2727       6020       6253      12273      12273       1.14       0.31     10802.71   8832.24     12273   
24479010.00    1407       1167       2574       6093       6333      12426      12426       1.13       0.30     10975.81   8659.15     12426   
24583176.00    1388       1177       2565       6112       6323      12435      12435       1.12       0.30     11065.24   8569.71     12435   
24687342.00    1480       1267       2747       6020       6233      12253      12253       1.12       0.31     10891.67   8743.28     12253   
24791508.00    1529       1271       2800       5971       6229      12200      12200       1.12       0.32     10891.29   8743.66     12200   
24895674.00    1549       1262       2811       5951       6238      12189      12189       1.13       0.32     10824.99   8809.96     12189   
24999840.00    1556       1356       2912       5944       6144      12088      12088       1.13       0.33     10721.11   8913.84     12088   
25104006.00    1592       1380       2972       5908       6120      12028      12028       1.14       0.33     10516.64   9118.32     12028   
25208172.00    1488       1256       2744       6012       6244      12256      12256       1.14       0.31     10757.22   8877.73     12256   
25312338.00    1460       1265       2725       6040       6235      12275      12275       1.13       0.31     10841.81   8793.14     12275   
25416504.00    1449       1236       2685       6051       6264      12315      12315       1.13       0.31     10905.18   8729.77     12315   
25520670.00    1423       1245       2668       6077       6255      12332      12332       1.13       0.31     10934.05   8700.90     12332   
25624836.00    1424       1272       2696       6076       6228      12304      12304       1.13       0.31     10925.96   8708.99     12304   
25729002.00    1466       1279       2745       6034       6221      12255      12255       1.13       0.31     10840.40   8794.56     12255   
25833168.00    1563       1385       2948       5937       6115      12052      12052       1.13       0.33     10663.20   8971.75     12052   
25937334.00    1489       1333       2822       6011       6167      12178      12178       1.13       0.32     10823.25   8811.70     12178   
26041500.00    1527       1330       2857       5973       6170      12143      12143       1.13       0.32     10751.75   8883.21     12143   
26145666.00    1438       1294       2732       6062       6206      12268      12268       1.14       0.31     10797.81   8837.14     12268   
26249832.00    1509       1299       2808       5991       6201      12192      12192       1.14       0.31     10707.34   8927.61     12192   
26353998.00    1450       1225       2675       6050       6275      12325      12325       1.14       0.30     10821.86   8813.09     12325   
26458164.00    1592       1438       3030       5908       6062      11970      11970       1.14       0.33     10544.11   9090.85     11970   
26562330.00    1565       1377       2942       5935       6123      12058      12058       1.14       0.32     10575.35   9059.61     12058   
26666496.00    1528       1303       2831       5972       6197      12169      12169       1.14       0.32     10693.29   8941.66     12169   
26770662.00    1443       1246       2689       6057       6254      12311      12311       1.13       0.31     10907.60   8727.35     12311   
26874828.00    1445       1251       2696       6055       6249      12304      12304       1.13       0.31     10906.44   8728.51     12304   
26978994.00    1482       1234       2716       6018       6266      12284      12284       1.14       0.31     10797.15   8837.80     12284   
27083160.00    1342       1137       2479       6158       6363      12521      12521       1.13       0.29     11040.87   8594.09     12521   
27187326.00    1379       1171       2550       6121       6329      12450      12450       1.14       0.29     10951.86   8683.10     12450   
27291492.00    1375       1134       2509       6125       6366      12491      12491       1.14       0.29     10983.16   8651.79     12491   
27395658.00    1329       1114       2443       6171       6386      12557      12557       1.14       0.28     11032.04   8602.92     12557   
27499824.00    1409       1194       2603       6091       6306      12397      12397       1.14       0.30     10892.89   8742.06     12397   
27603990.00    1596       1438       3034       5904       6062      11966      11966       1.14       0.33     10515.55   9119.41     11966   
27708156.00    1548       1293       2841       5952       6207      12159      12159       1.13       0.32     10740.38   8894.58     12159   
27812322.00    1532       1298       2830       5968       6202      12170      12170       1.13       0.32     10729.70   8905.26     12170   
27916488.00    1499       1215       2714       6001       6285      12286      12286       1.14       0.31     10781.32   8853.64     12286   
28020654.00    1479       1209       2688       6021       6291      12312      12312       1.14       0.30     10802.12   8832.83     12312   
28124820.00    1499       1266       2765       6001       6234      12235      12235       1.13       0.31     10785.77   8849.19     12235   
28228986.00    1500       1297       2797       6000       6203      12203      12203       1.14       0.31     10734.74   8900.21     12203   
28333152.00    1537       1293       2830       5963       6207      12170      12170       1.14       0.32     10658.35   8976.60     12170   
28437318.00    1541       1350       2891       5959       6150      12109      12109       1.15       0.32     10557.37   9077.59     12109   
28541484.00    1489       1250       2739       6011       6250      12261      12261       1.15       0.30     10651.61   8983.35     12261   
28645650.00    1360       1182       2542       6140       6318      12458      12458       1.15       0.29     10835.06   8799.90     12458   
28749816.00    1315       1136       2451       6185       6364      12549      12549       1.15       0.28     10933.83   8701.12     12549   
28853982.00    1332       1115       2447       6168       6385      12553      12553       1.15       0.28     10962.70   8672.26     12553   
28958148.00    1379       1166       2545       6121       6334      12455      12455       1.15       0.29     10806.33   8828.63     12455   
29062314.00    1381       1176       2557       6119       6324      12443      12443       1.14       0.29     10869.50   8765.45     12443   
29166480.00    1350       1101       2451       6150       6399      12549      12549       1.15       0.28     10952.15   8682.81     12549   
29270646.00    1342       1160       2502       6158       6340      12498      12498       1.15       0.29     10904.11   8730.85     12498   
29374812.00    1333       1153       2486       6167       6347      12514      12514       1.14       0.29     10956.30   8678.65     12514   
29478978.00    1322       1121       2443       6178       6379      12557      12557       1.13       0.29     11081.63   8553.33     12557   
29583144.00    1365       1091       2456       6135       6409      12544      12544       1.12       0.29     11166.08   8468.88     12544   
29687310.00    1445       1207       2652       6055       6293      12348      12348       1.13       0.30     10930.57   8704.39     12348   
29791476.00    1409       1209       2618       6091       6291      12382      12382       1.13       0.30     10999.08   8635.88     12382   
29895642.00    1430       1240       2670       6070       6260      12330      12330       1.13       0.31     10952.33   8682.62     12330   
29999808.00    1429       1256       2685       6071       6244      12315      12315       1.14       0.31     10847.37   8787.59     12315   
30103974.00    1396       1166       2562       6104       6334      12438      12438       1.14       0.30     10957.82   8677.13     12438   
30208140.00    1374       1133       2507       6126       6367      12493      12493       1.13       0.29     11027.67   8607.29     12493   
30312306.00    1466       1240       2706       6034       6260      12294      12294       1.14       0.31     10794.84   8840.12     12294   
30416472.00    1341       1156       2497       6159       6344      12503      12503       1.14       0.29     10950.10   8684.85     12503   
30520638.00    1305       1069       2374       6195       6431      12626      12626       1.14       0.28     11043.12   8591.83     12626   
30624804.00    1258       1100       2358       6242       6400      12642      12642       1.14       0.28     11100.44   8534.51     12642   
30728970.00    1263       1092       2355       6237       6408      12645      12645       1.13       0.28     11165.27   8469.69     12645   
30833136.00    1268       1100       2368       6232       6400      12632      12632       1.13       0.28     11177.66   8457.29     12632   
30937302.00    1285       1094       2379       6215       6406      12621      12621       1.13       0.28     11171.42   8463.54     12621   
31041468.00    1308       1141       2449       6192       6359      12551      12551       1.13       0.29     11076.30   8558.65     12551   
31145634.00    1265       1131       2396       6235       6369      12604      12604       1.13       0.28     11117.14   8517.82     12604   
31249800.00    1268       1155       2423       6232       6345      12577      12577       1.13       0.28     11087.13   8547.83     12577   
31353966.00    1302       1228       2530       6198       6272      12470      12470       1.12       0.30     11103.24   8531.71     12470   
31458132.00    1504       1386       2890       5996       6114      12110      12110       1.13       0.32     10726.58   8908.37     12110   
31562298.00    1588       1476       3064       5912       6024      11936      11936       1.13       0.34     10554.51   9080.45     11936   
31666464.00    1596       1481       3077       5904       6019      11923      11923       1.14       0.34     10493.56   9141.40     11923   
31770630.00    1566       1460       3026       5934       6040      11974      11974       1.14       0.33     10496.80   9138.15     11974   
31874796.00    1479       1345       2824       6021       6155      12176      12176       1.15       0.31     10631.16   9003.79     12176   
31978962.00    1389       1219       2608       6111       6281      12392      12392       1.14       0.30     10839.54   8795.41     12392   
32083128.00    1370       1268       2638       6130       6232      12362      12362       1.14       0.30     10844.84   8790.11     12362   
32187294.00    1328       1219       2547       6172       6281      12453      12453       1.14       0.29     10893.34   8741.61     12453   
32291460.00    1388       1220       2608       6112       6280      12392      12392       1.15       0.30     10799.45   8835.51     12392   
32395626.00    1364       1219       2583       6136       6281      12417      12417       1.15       0.29     10805.77   8829.19     12417   
32499792.00    1310       1145       2455       6190       6355      12545      12545       1.15       0.28     10900.59   8734.37     12545   
32603958.00    1228       1084       2312       6272       6416      12688      12688       1.14       0.27     11100.88   8534.08     12688   
32708124.00    1214       1075       2289       6286       6425      12711      12711       1.15       0.27     11098.33   8536.62     12711   
32812290.00    1288       1112       2400       6212       6388      12600      12600       1.15       0.28     10941.69   8693.26     12600   
32916456.00    1273       1093       2366       6227       6407      12634      12634       1.15       0.27     10972.84   8662.11     12634   
33020622.00    1208       1043       2251       6292       6457      12749      12749       1.15       0.26     11098.16   8536.79     12749   
33124788.00    1274       1048       2322       6226       6452      12678      12678       1.15       0.27     11003.35   8631.60     12678   
33228954.00    1255       1065       2320       6245       6435      12680      12680       1.15       0.27     11011.50   8623.46     12680   
33333120.00    1277       1072       2349       6223       6428      12651      12651       1.14       0.27     11070.03   8564.93     12651   
33437286.00    1264       1055       2319       6236       6445      12681      12681       1.14       0.27     11124.41   8510.55     12681   
33541452.00    1197       1061       2258       6303       6439      12742      12742       1.14       0.27     11198.01   8436.95     12742   
33645618.00    1186       1041       2227       6314       6459      12773      12773       1.14       0.26     11226.36   8408.60     12773   
33749784.00    1248       1122       2370       6252       6378      12630      12630       1.14       0.28     11080.12   8554.84     12630   
33853950.00    1298       1134       2432       6202       6366      12568      12568       1.15       0.28     10923.22   8711.73     12568   
33958116.00    1209       1048       2257       6291       6452      12743      12743       1.15       0.26     11109.84   8525.12     12743   
34062282.00    1206       1011       2217       6294       6489      12783      12783       1.14       0.26     11175.20   8459.76     12783   
34166448.00    1277       1081       2358       6223       6419      12642      12642       1.14       0.28     11082.52   8552.43     12642   
34270614.00    1348       1112       2460       6152       6388      12540      12540       1.14       0.28     10962.70   8672.26     12540   
34374780.00    1286       1040       2326       6214       6460      12674      12674       1.14       0.27     11091.14   8543.82     12674   
34478946.00    1362       1153       2515       6138       6347      12485      12485       1.14       0.29     10928.06   8706.90     12485   
34583112.00    1335       1143       2478       6165       6357      12522      12522       1.15       0.28     10909.56   8725.40     12522   
34687278.00    1284       1104       2388       6216       6396      12612      12612       1.15       0.28     10985.89   8649.06     12612   
34791444.00    1254       1032       2286       6246       6468      12714      12714       1.15       0.27     11078.09   8556.86     12714   
34895610.00    1243       1106       2349       6257       6394      12651      12651       1.15       0.27     11021.09   8613.87     12651   
34999776.00    1248       1060       2308       6252       6440      12692      12692       1.15       0.27     11069.16   8565.79     12692   
35103942.00    1255       1065       2320       6245       6435      12680      12680       1.14       0.27     11104.98   8529.97     12680   
35208108.00    1313       1170       2483       6187       6330      12517      12517       1.14       0.29     11003.31   8631.64     12517   
35312274.00    1369       1221       2590       6131       6279      12410      12410       1.14       0.30     10877.60   8757.36     12410   
35416440.00    1407       1238       2645       6093       6262      12355      12355       1.15       0.30     10743.67   8891.29     12355   
35520606.00    1441       1226       2667       6059       6274      12333      12333       1.15       0.30     10687.90   8947.06     12333   
35624772.00    1342       1149       2491       6158       6351      12509      12509       1.15       0.28     10866.57   8768.39     12509   
35728938.00    1330       1119       2449       6170       6381      12551      12551       1.15       0.28     10900.99   8733.96     12551   
35833104.00    1318       1089       2407       6182       6411      12593      12593       1.15       0.28     10980.94   8654.02     12593   
35937270.00    1328       1128       2456       6172       6372      12544      12544       1.15       0.28     10932.74   8702.21     12544   
36041436.00    1288       1065       2353       6212       6435      12647      12647       1.15       0.27     10971.06   8663.90     12647   
36145602.00    1204       1023       2227       6296       6477      12773      12773       1.15       0.26     11118.88   8516.08     12773   
36249768.00    1275       1084       2359       6225       6416      12641      12641       1.14       0.27     11045.75   8589.21     12641   
36353934.00    1323       1135       2458       6177       6365      12542      12542       1.14       0.28     10980.77   8654.18     12542   
36458100.00    1354       1129       2483       6146       6371      12517      12517       1.14       0.29     11018.36   8616.60     12517   
36562266.00    1383       1159       2542       6117       6341      12458      12458       1.14       0.29     10970.25   8664.71     12458   
36666432.00    1344       1087       2431       6156       6413      12569      12569       1.14       0.28     11030.50   8604.45     12569   
36770598.00    1316       1098       2414       6184       6402      12586      12586       1.14       0.28     11050.95   8584.01     12586   
36874764.00    1275       1053       2328       6225       6447      12672      12672       1.14       0.27     11124.01   8510.94     12672   
36978930.00    1291       1061       2352       6209       6439      12648      12648       1.14       0.28     11108.54   8526.41     12648   
37083096.00    1255       997        2252       6245       6503      12748      12748       1.14       0.27     11180.95   8454.01     12748   
37187262.00    1261       1023       2284       6239       6477      12716      12716       1.13       0.27     11234.61   8400.34     12716   
37291428.00    1299       1082       2381       6201       6418      12619      12619       1.13       0.28     11177.41   8457.55     12619   
37395594.00    1312       1055       2367       6188       6445      12633      12633       1.13       0.28     11221.69   8413.26     12633   
37499760.00    1411       1167       2578       6089       6333      12422      12422       1.12       0.30     11043.98   8590.97     12422   
37603926.00    1486       1178       2664       6014       6322      12336      12336       1.12       0.31     11010.21   8624.75     12336   
37708092.00    1474       1207       2681       6026       6293      12319      12319       1.12       0.31     11020.16   8614.79     12319   
37812258.00    1507       1255       2762       5993       6245      12238      12238       1.13       0.31     10849.56   8785.39     12238   
37916424.00    1492       1236       2728       6008       6264      12272      12272       1.13       0.31     10868.77   8766.19     12272   
38020590.00    1432       1170       2602       6068       6330      12398      12398       1.12       0.30     11021.04   8613.92     12398   
38124756.00    1431       1240       2671       6069       6260      12329      12329       1.12       0.31     11040.02   8594.94     12329   
38228922.00    1513       1285       2798       5987       6215      12202      12202       1.12       0.32     10908.02   8726.93     12202   
38333088.00    1452       1244       2696       6048       6256      12304      12304       1.12       0.31     10986.99   8647.97     12304   
38437254.00    1392       1123       2515       6108       6377      12485      12485       1.13       0.29     11076.38   8558.58     12485   
38541420.00    1420       1282       2702       6080       6218      12298      12298       1.13       0.31     10872.91   8762.05     12298   
38645586.00    1441       1219       2660       6059       6281      12340      12340       1.13       0.30     10910.68   8724.27     12340   
38749752.00    1503       1304       2807       5997       6196      12193      12193       1.13       0.32     10756.86   8878.10     12193   
38853918.00    1431       1263       2694       6069       6237      12306      12306       1.13       0.31     10865.06   8769.90     12306   
38958084.00    1622       1456       3078       5878       6044      11922      11922       1.14       0.34     10465.69   9169.27     11922   
39062250.00    1442       1278       2720       6058       6222      12280      12280       1.14       0.31     10802.36   8832.59     12280   
39166416.00    1470       1267       2737       6030       6233      12263      12263       1.14       0.31     10775.19   8859.76     12263   
39270582.00    1427       1222       2649       6073       6278      12351      12351       1.14       0.30     10791.67   8843.28     12351   
39374748.00    1416       1194       2610       6084       6306      12390      12390       1.15       0.30     10792.17   8842.79     12390   
39478914.00    1370       1133       2503       6130       6367      12497      12497       1.15       0.29     10875.88   8759.08     12497   
39583080.00    1345       1074       2419       6155       6426      12581      12581       1.14       0.28     11008.96   8625.99     12581   
39687246.00    1281       1070       2351       6219       6430      12649      12649       1.14       0.28     11114.28   8520.67     12649   
39791412.00    1420       1130       2550       6080       6370      12450      12450       1.14       0.29     10906.36   8728.59     12450   
39895578.00    1391       1121       2512       6109       6379      12488      12488       1.14       0.29     10922.53   8712.42     12488   
39999744.00    1344       1094       2438       6156       6406      12562      12562       1.14       0.28     10990.84   8644.12     12562   
40103910.00    1353       1111       2464       6147       6389      12536      12536       1.14       0.29     11011.84   8623.11     12536   
40208076.00    1310       1074       2384       6190       6426      12616      12616       1.13       0.28     11126.02   8508.94     12616   
40312242.00    1407       1176       2583       6093       6324      12417      12417       1.13       0.30     10999.16   8635.79     12417   
40416408.00    1426       1237       2663       6074       6263      12337      12337       1.12       0.31     10976.54   8658.42     12337   
40520574.00    1438       1205       2643       6062       6295      12357      12357       1.13       0.30     10966.07   8668.89     12357   
40624740.00    1469       1188       2657       6031       6312      12343      12343       1.13       0.30     10922.63   8712.33     12343   
40728906.00    1415       1183       2598       6085       6317      12402      12402       1.13       0.30     11009.43   8625.53     12402   
40833072.00    1492       1265       2757       6008       6235      12243      12243       1.13       0.31     10829.15   8805.80     12243   
40937238.00    1571       1327       2898       5929       6173      12102      12102       1.14       0.32     10638.68   8996.28     12102   
41041404.00    1516       1343       2859       5984       6157      12141      12141       1.13       0.32     10713.61   8921.34     12141   
41145570.00    1510       1342       2852       5990       6158      12148      12148       1.13       0.32     10712.02   8922.94     12148   
41249736.00    1624       1377       3001       5876       6123      11999      11999       1.14       0.33     10570.52   9064.43     11999   
41353902.00    1571       1390       2961       5929       6110      12039      12039       1.14       0.33     10556.27   9078.69     12039   
41458068.00    1586       1407       2993       5914       6093      12007      12007       1.15       0.33     10459.97   9174.99     12007   
41562234.00    1558       1334       2892       5942       6166      12108      12108       1.15       0.32     10522.95   9112.00     12108   
41666400.00    1489       1278       2767       6011       6222      12233      12233       1.15       0.31     10677.98   8956.98     12233   
