 Timestep    Gas_A      Gas_B     Gas_tot    Dense_A    Dense_B   Dense_tot   Lg_clust  DP_density GP_density Clust_area  Gas_area     MCS    
   0.00      10500       4500      15000        0          0          0          6         0.00       0.76       0.00     19634.96      0     
 93750.00    10500       4500      15000        0          0          0         213        0.00       0.76       0.00     19634.96      0     
187500.00    10500       4500      15000        0          0          0         464        0.00       0.76       0.00     19634.96      0     
281250.00    10500       4500      15000        0          0          0         400        0.00       0.76       0.00     19634.96      0     
375000.00    10500       4500      15000        0          0          0         560        0.00       0.76       0.00     19634.96      0     
468750.00    10500       4500      15000        0          0          0         578        0.00       0.76       0.00     19634.96      0     
562500.00    10500       4500      15000        0          0          0         900        0.00       0.76       0.00     19634.96      0     
656250.00    10500       4500      15000        0          0          0         910        0.00       0.76       0.00     19634.96      0     
750000.00     9756       4128      13884       744        372        1116       1116       1.03       0.75     1080.94    18554.02     1116   
843750.00     9708       4088      13796       792        412        1204       1204       1.05       0.75     1145.58    18489.38     1204   
937500.00     9037       3725      12762       1463       775        2238       1219       1.06       0.73     2113.07    17521.89     1119   
1031250.00    8901       3675      12576       1599       825        2424       1390       1.06       0.72     2287.33    17347.63     1212   
1125000.00    9504       4016      13520       996        484        1480       1480       1.07       0.74     1389.42    18245.53     1480   
1218750.00    8779       3583      12362       1721       917        2638       1616       1.06       0.72     2492.21    17142.75     1319   
1312500.00    7458       2845      10303       3042       1655       4697       2319       1.04       0.68     4525.17    15109.79     1565   
1406250.00    7911       3127      11038       2589       1373       3962       1819       1.05       0.70     3784.96    15849.99     1320   
1500000.00    7759       3011      10770       2741       1489       4230       1973       1.05       0.69     4036.26    15598.70     1410   
1593750.00    7209       2711       9920       3291       1789       5080       1855       1.05       0.67     4835.41    14799.54     1270   
1687500.00    7757       3031      10788       2743       1469       4212       1982       1.05       0.69     4012.23    15622.73     1404   
1781250.00    7045       2585       9630       3455       1915       5370       1889       1.05       0.66     5118.04    14516.91     1342   
1875000.00    7038       2609       9647       3462       1891       5353       1907       1.05       0.66     5108.47    14526.49     1338   
1968750.00    6985       2546       9531       3515       1954       5469       3160       1.04       0.66     5236.45    14398.51     1823   
2062500.00    7930       3101      11031       2570       1399       3969       1666       1.05       0.70     3796.66    15838.29     1323   
2156250.00    7324       2803      10127       3176       1697       4873       2378       1.05       0.68     4643.28    14991.67     1624   
2250000.00    6955       2613       9568       3545       1887       5432       1806       1.04       0.66     5199.84    14435.11     1358   
2343750.00    6969       2564       9533       3531       1936       5467       1903       1.05       0.66     5211.34    14423.61     1366   
2437500.00    8474       3431      11905       2026       1069       3095       1868       1.06       0.71     2931.05    16703.90     1547   
2531250.00    8634       3508      12142       1866       992        2858       1855       1.06       0.72     2687.21    16947.74     1429   
2625000.00    7905       3115      11020       2595       1385       3980       2769       1.05       0.70     3808.19    15826.76     1990   
2718750.00    7892       3107      10999       2608       1393       4001       2769       1.03       0.70     3869.77    15765.18     2000   
2812500.00    7439       2890      10329       3061       1610       4671       2961       1.04       0.68     4489.42    15145.53     2335   
2906250.00    7266       2753      10019       3234       1747       4981       1839       1.05       0.67     4732.13    14902.83     1245   
3000000.00    6806       2505       9311       3694       1995       5689       1965       1.04       0.66     5465.57    14169.38     1422   
3093750.00    7767       3027      10794       2733       1473       4206       1989       1.04       0.69     4049.23    15585.73     1402   
3187500.00    7661       3002      10663       2839       1498       4337       2983       1.04       0.69     4189.03    15445.93     2168   
3281250.00    6513       2374       8887       3987       2126       6113       3608       1.03       0.65     5909.00    13725.95     2037   
3375000.00    6067       2110       8177       4433       2390       6823       4411       1.04       0.63     6588.13    13046.82     2274   
3468750.00    6027       2108       8135       4473       2392       6865       4533       1.04       0.62     6608.74    13026.22     2288   
3562500.00    6927       2602       9529       3573       1898       5471       4167       1.05       0.66     5231.67    14403.29     2735   
3656250.00    6763       2538       9301       3737       1962       5699       4434       1.05       0.66     5443.73    14191.22     2849   
3750000.00    7155       2744       9899       3345       1756       5101       3142       1.05       0.67     4862.21    14772.75     2550   
3843750.00    6783       2579       9362       3717       1921       5638       5638       1.04       0.66     5429.01    14205.95     5638   
3937500.00    7467       2907      10374       3033       1593       4626       3405       1.05       0.68     4422.89    15212.07     2313   
4031250.00    7593       2942      10535       2907       1558       4465       4465       1.04       0.69     4286.40    15348.55     4465   
4125000.00    8045       3161      11206       2455       1339       3794       3794       1.05       0.70     3601.38    16033.57     3794   
4218750.00    7475       2878      10353       3025       1622       4647       4647       1.06       0.68     4383.45    15251.51     4647   
4312500.00    6997       2598       9595       3503       1902       5405       5405       1.04       0.66     5177.52    14457.44     5405   
4406250.00    6795       2507       9302       3705       1993       5698       5698       1.04       0.66     5493.57    14141.39     5698   
4500000.00    7700       2938      10638       2800       1562       4362       4362       1.04       0.69     4198.78    15436.17     4362   
4593750.00    7077       2659       9736       3423       1841       5264       2988       1.03       0.67     5097.70    14537.25     2632   
4687500.00    7188       2707       9895       3312       1793       5105       5105       1.05       0.67     4873.15    14761.80     5105   
4781250.00    6293       2220       8513       4207       2280       6487       5475       1.06       0.63     6131.74    13503.21     3243   
4875000.00    5647       1875       7522       4853       2625       7478       3408       1.05       0.60     7104.30    12530.66     2492   
4968750.00    6172       2193       8365       4328       2307       6635       3376       1.05       0.63     6327.61    13307.34     2211   
5062500.00    5710       1939       7649       4790       2561       7351       7351       1.05       0.61     7024.82    12610.13     7351   
5156250.00    6244       2219       8463       4256       2281       6537       3173       1.06       0.63     6180.06    13454.90     2179   
5250000.00    5586       1856       7442       4914       2644       7558       5624       1.05       0.60     7213.24    12421.72     3779   
5343750.00    6262       2200       8462       4238       2300       6538       4404       1.05       0.63     6251.86    13383.10     2179   
5437500.00    6967       2562       9529       3533       1938       5471       5471       1.04       0.66     5245.24    14389.72     5471   
5531250.00    5892       1950       7842       4608       2550       7158       3944       1.04       0.61     6859.73    12775.23     2386   
5625000.00    6915       2518       9433       3585       1982       5567       5567       1.05       0.66     5292.41    14342.55     5567   
5718750.00    5721       1908       7629       4779       2592       7371       6346       1.03       0.61     7126.81    12508.15     3685   
5812500.00    6539       2319       8858       3961       2181       6142       6142       1.04       0.65     5911.25    13723.71     6142   
5906250.00    6100       2160       8260       4400       2340       6740       5624       1.05       0.63     6444.87    13190.08     3370   
6000000.00    5984       2090       8074       4516       2410       6926       5909       1.04       0.62     6636.88    12998.08     3463   
6093750.00    5758       1992       7750       4742       2508       7250       5722       1.04       0.61     6996.91    12638.04     3625   
6187500.00    5909       2103       8012       4591       2397       6988       6988       1.04       0.62     6695.54    12939.42     6988   
6281250.00    6163       2197       8360       4337       2303       6640       2970       1.05       0.63     6335.70    13299.26     2213   
6375000.00    5876       2023       7899       4624       2477       7101       3973       1.04       0.62     6826.92    12808.03     3550   
6468750.00    6593       2330       8923       3907       2170       6077       6077       1.05       0.64     5789.81    13845.15     6077   
6562500.00    6599       2376       8975       3901       2124       6025       4724       1.05       0.65     5748.90    13886.05     3012   
6656250.00    6786       2482       9268       3714       2018       5732       2348       1.04       0.66     5502.16    14132.79     1910   
6750000.00    6283       2166       8449       4217       2334       6551       2352       1.04       0.63     6295.64    13339.32     2183   
6843750.00    6982       2537       9519       3518       1963       5481       1889       1.05       0.66     5229.31    14405.64     1827   
6937500.00    7180       2707       9887       3320       1793       5113       1777       1.05       0.67     4890.52    14744.43     1704   
7031250.00    6922       2542       9464       3578       1958       5536       1941       1.05       0.66     5263.00    14371.95     1845   
7125000.00    7012       2500       9512       3488       2000       5488       2139       1.05       0.66     5215.15    14419.80     1829   
7218750.00    6753       2446       9199       3747       2054       5801       4010       1.05       0.65     5541.15    14093.81     2900   
7312500.00    6333       2265       8598       4167       2235       6402       4834       1.04       0.64     6146.50    13488.45     3201   
7406250.00    6651       2377       9028       3849       2123       5972       4594       1.05       0.65     5691.10    13943.85     2986   
7500000.00    6418       2259       8677       4082       2241       6323       4987       1.04       0.64     6070.39    13564.56     3161   
7593750.00    6400       2280       8680       4100       2220       6320       5128       1.04       0.64     6098.00    13536.95     3160   
7687500.00    6866       2507       9373       3634       1993       5627       4495       1.05       0.66     5335.95    14299.00     2813   
7781250.00    6729       2400       9129       3771       2100       5871       4713       1.04       0.65     5621.11    14013.85     2935   
7875000.00    6654       2404       9058       3846       2096       5942       3243       1.05       0.65     5638.60    13996.35     1980   
7968750.00    6609       2354       8963       3891       2146       6037       3137       1.05       0.64     5726.62    13908.33     2012   
8062500.00    6538       2286       8824       3962       2214       6176       3172       1.05       0.64     5854.42    13780.53     2058   
8156250.00    6531       2319       8850       3969       2181       6150       5001       1.06       0.64     5827.92    13807.04     3075   
8250000.00    6323       2189       8512       4177       2311       6488       3357       1.06       0.63     6135.06    13499.89     2162   
8343750.00    6516       2314       8830       3984       2186       6170       4798       1.07       0.64     5786.18    13848.77     3085   
8437500.00    6563       2367       8930       3937       2133       6070       4627       1.07       0.64     5685.94    13949.01     3035   
8531250.00    6420       2322       8742       4080       2178       6258       4734       1.06       0.64     5884.82    13750.13     3129   
8625000.00    6173       2172       8345       4327       2328       6655       5142       1.06       0.62     6257.99    13376.97     3327   
8718750.00    6206       2211       8417       4294       2289       6583       4977       1.07       0.62     6150.67    13484.29     3291   
8812500.00    5880       2002       7882       4620       2498       7118       5447       1.07       0.61     6632.05    13002.91     3559   
8906250.00    5879       2009       7888       4621       2491       7112       5400       1.07       0.61     6633.13    13001.82     3556   
9000000.00    5935       2063       7998       4565       2437       7002       5326       1.08       0.61     6493.22    13141.73     3501   
9093750.00    6067       2129       8196       4433       2371       6804       5284       1.07       0.62     6331.67    13303.28     3402   
9187500.00    5901       2030       7931       4599       2470       7069       5383       1.08       0.61     6573.44    13061.52     3534   
9281250.00    5840       1979       7819       4660       2521       7181       5424       1.07       0.60     6680.67    12954.28     3590   
9375000.00    5776       1946       7722       4724       2554       7278       5580       1.08       0.60     6752.32    12882.63     3639   
9468750.00    5954       2110       8064       4546       2390       6936       5344       1.08       0.61     6411.54    13223.41     3468   
9562500.00    6073       2140       8213       4427       2360       6787       5213       1.07       0.62     6324.12    13310.84     3393   
9656250.00    5951       2077       8028       4549       2423       6972       5211       1.07       0.61     6515.43    13119.52     3486   
9750000.00    6115       2158       8273       4385       2342       6727       5301       1.07       0.62     6276.63    13358.32     3363   
9843750.00    6187       2211       8398       4313       2289       6602       5205       1.07       0.62     6160.80    13474.16     3301   
9937500.00    6164       2219       8383       4336       2281       6617       5069       1.07       0.62     6202.75    13432.21     3308   
10031250.00    6082       2118       8200       4418       2382       6800       5197       1.07       0.62     6372.38    13262.58     3400   
10125000.00    6128       2114       8242       4372       2386       6758       5246       1.08       0.62     6274.22    13360.73     3379   
10218750.00    6056       2087       8143       4444       2413       6857       5370       1.08       0.61     6365.03    13269.93     3428   
10312500.00    5886       1993       7879       4614       2507       7121       5605       1.07       0.61     6629.34    13005.61     3560   
10406250.00    6064       2078       8142       4436       2422       6858       5542       1.08       0.61     6368.88    13266.07     3429   
10500000.00    5871       1981       7852       4629       2519       7148       5699       1.07       0.61     6695.64    12939.31     3574   
10593750.00    5775       1934       7709       4725       2566       7291       5879       1.07       0.60     6825.37    12809.59     3645   
10687500.00    5813       1954       7767       4687       2546       7233       5789       1.07       0.60     6784.53    12850.43     3616   
10781250.00    5972       2052       8024       4528       2448       6976       5735       1.07       0.61     6491.97    13142.99     3488   
10875000.00    6799       2519       9318       3701       1981       5682       5682       1.09       0.65     5210.17    14424.79     5682   
10968750.00    6808       2533       9341       3692       1967       5659       5659       1.09       0.65     5175.12    14459.83     5659   
11062500.00    6740       2497       9237       3760       2003       5763       5763       1.09       0.64     5309.56    14325.39     5763   
11156250.00    6823       2537       9360       3677       1963       5640       5640       1.08       0.65     5205.54    14429.41     5640   
11250000.00    5960       2150       8110       4540       2350       6890       6890       1.07       0.62     6462.69    13172.26     6890   
11343750.00    6040       2145       8185       4460       2355       6815       5717       1.06       0.62     6412.04    13222.91     3407   
11437500.00    6419       2415       8834       4081       2085       6166       6166       1.08       0.64     5734.78    13900.17     6166   
11531250.00    5754       2028       7782       4746       2472       7218       7218       1.07       0.61     6775.92    12859.03     7218   
11625000.00    5644       1967       7611       4856       2533       7389       7389       1.06       0.60     6947.53    12687.42     7389   
11718750.00    5781       1978       7759       4719       2522       7241       7241       1.07       0.60     6770.15    12864.81     7241   
11812500.00    5725       1956       7681       4775       2544       7319       7319       1.06       0.60     6890.10    12744.86     7319   
11906250.00    5597       1919       7516       4903       2581       7484       7484       1.06       0.60     7067.43    12567.52     7484   
12000000.00    5532       1861       7393       4968       2639       7607       7607       1.06       0.59     7157.01    12477.94     7607   
12093750.00    5339       1753       7092       5161       2747       7908       7908       1.07       0.58     7408.69    12226.26     7908   
12187500.00    5434       1808       7242       5066       2692       7758       7758       1.07       0.59     7269.93    12365.03     7758   
12281250.00    5856       2029       7885       4644       2471       7115       7115       1.07       0.61     6648.11    12986.85     7115   
12375000.00    5540       1873       7413       4960       2627       7587       7587       1.07       0.59     7079.22    12555.73     7587   
12468750.00    5687       1947       7634       4813       2553       7366       7366       1.07       0.60     6868.72    12766.23     7366   
12562500.00    5538       1851       7389       4962       2649       7611       7611       1.07       0.59     7109.11    12525.84     7611   
12656250.00    5324       1742       7066       5176       2758       7934       7934       1.07       0.58     7442.43    12192.53     7934   
12750000.00    5408       1787       7195       5092       2713       7805       5888       1.08       0.58     7256.05    12378.90     3902   
12843750.00    5460       1832       7292       5040       2668       7708       7708       1.07       0.59     7201.33    12433.63     7708   
12937500.00    5655       1845       7500       4845       2655       7500       7500       1.07       0.59     6981.96    12653.00     7500   
13031250.00    5870       1998       7868       4630       2502       7132       7132       1.07       0.61     6665.94    12969.01     7132   
13125000.00    5881       2038       7919       4619       2462       7081       7081       1.06       0.61     6700.60    12934.36     7081   
13218750.00    6074       2114       8188       4426       2386       6812       6812       1.05       0.62     6482.07    13152.88     6812   
13312500.00    5927       1997       7924       4573       2503       7076       4505       1.05       0.61     6736.76    12898.19     3538   
13406250.00    6081       2061       8142       4419       2439       6858       6858       1.06       0.62     6487.62    13147.33     6858   
13500000.00    6076       2070       8146       4424       2430       6854       3518       1.06       0.62     6493.06    13141.89     3427   
13593750.00    6254       2168       8422       4246       2332       6578       6578       1.06       0.63     6180.10    13454.86     6578   
13687500.00    6337       2233       8570       4163       2267       6430       6430       1.06       0.63     6039.98    13594.97     6430   
13781250.00    6315       2144       8459       4185       2356       6541       6541       1.06       0.63     6147.47    13487.48     6541   
13875000.00    6313       2181       8494       4187       2319       6506       6506       1.07       0.63     6091.03    13543.92     6506   
13968750.00    6146       2104       8250       4354       2396       6750       6750       1.07       0.62     6282.02    13352.93     6750   
14062500.00    6001       2080       8081       4499       2420       6919       6919       1.07       0.61     6440.58    13194.38     6919   
14156250.00    5830       1974       7804       4670       2526       7196       7196       1.06       0.61     6766.61    12868.35     7196   
14250000.00    6337       2173       8510       4163       2327       6490       6490       1.07       0.63     6070.02    13564.94     6490   
14343750.00    6250       2159       8409       4250       2341       6591       6591       1.07       0.62     6163.53    13471.43     6591   
14437500.00    6036       2085       8121       4464       2415       6879       6879       1.06       0.62     6492.81    13142.14     6879   
14531250.00    6066       2068       8134       4434       2432       6866       6866       1.07       0.61     6390.85    13244.11     6866   
14625000.00    5993       2081       8074       4507       2419       6926       6926       1.08       0.61     6441.35    13193.61     6926   
14718750.00    5996       2081       8077       4504       2419       6923       6923       1.08       0.61     6422.04    13212.92     6923   
14812500.00    5910       1989       7899       4590       2511       7101       7101       1.08       0.61     6591.43    13043.52     7101   
14906250.00    5929       2059       7988       4571       2441       7012       7012       1.08       0.61     6486.63    13148.32     7012   
15000000.00    6088       2110       8198       4412       2390       6802       6802       1.08       0.62     6318.03    13316.92     6802   
15093750.00    5869       1986       7855       4631       2514       7145       7145       1.07       0.61     6679.48    12955.47     7145   
15187500.00    5949       1980       7929       4551       2520       7071       7071       1.07       0.61     6589.19    13045.76     7071   
15281250.00    6002       2009       8011       4498       2491       6989       6989       1.08       0.61     6491.14    13143.81     6989   
15375000.00    5870       1934       7804       4630       2566       7196       7196       1.08       0.60     6662.38    12972.58     7196   
15468750.00    5829       1883       7712       4671       2617       7288       7288       1.08       0.60     6751.61    12883.34     7288   
15562500.00    5867       1912       7779       4633       2588       7221       7221       1.09       0.60     6636.48    12998.47     7221   
15656250.00    5621       1827       7448       4879       2673       7552       7552       1.09       0.59     6934.98    12699.98     7552   
15750000.00    5504       1766       7270       4996       2734       7730       7730       1.09       0.58     7119.17    12515.79     7730   
15843750.00    5441       1709       7150       5059       2791       7850       7850       1.09       0.58     7232.31    12402.64     7850   
15937500.00    5543       1771       7314       4957       2729       7686       7686       1.09       0.58     7083.45    12551.50     7686   
16031250.00    5807       1890       7697       4693       2610       7303       7303       1.08       0.60     6758.68    12876.28     7303   
16125000.00    5624       1831       7455       4876       2669       7545       7545       1.08       0.59     7003.33    12631.62     7545   
16218750.00    5700       1824       7524       4800       2676       7476       7476       1.08       0.59     6922.70    12712.25     7476   
16312500.00    5462       1746       7208       5038       2754       7792       7792       1.08       0.58     7213.68    12421.27     7792   
16406250.00    5372       1650       7022       5128       2850       7978       4575       1.08       0.57     7375.33    12259.63     3989   
16500000.00    5381       1641       7022       5119       2859       7978       7978       1.08       0.57     7396.51    12238.44     7978   
16593750.00    5452       1711       7163       5048       2789       7837       7837       1.08       0.58     7239.61    12395.34     7837   
16687500.00    5416       1674       7090       5084       2826       7910       7910       1.08       0.58     7353.69    12281.27     7910   
16781250.00    5448       1683       7131       5052       2817       7869       7869       1.07       0.58     7365.39    12269.56     7869   
16875000.00    5799       1850       7649       4701       2650       7351       7351       1.07       0.60     6841.88    12793.07     7351   
16968750.00    5840       1927       7767       4660       2573       7233       7233       1.08       0.60     6666.81    12968.15     7233   
17062500.00    5633       1826       7459       4867       2674       7541       7541       1.08       0.59     6966.46    12668.49     7541   
17156250.00    5653       1837       7490       4847       2663       7510       7510       1.08       0.59     6930.43    12704.53     7510   
17250000.00    5272       1665       6937       5228       2835       8063       8063       1.07       0.57     7515.35    12119.61     8063   
17343750.00    5666       1844       7510       4834       2656       7490       7490       1.08       0.59     6937.62    12697.33     7490   
17437500.00    5335       1671       7006       5165       2829       7994       7994       1.08       0.57     7427.18    12207.78     7994   
17531250.00    5571       1803       7374       4929       2697       7626       7626       1.08       0.59     7065.30    12569.66     7626   
17625000.00    5282       1669       6951       5218       2831       8049       8049       1.07       0.57     7514.12    12120.84     8049   
17718750.00    5584       1834       7418       4916       2666       7582       7582       1.07       0.59     7097.02    12537.93     7582   
17812500.00    5623       1849       7472       4877       2651       7528       7528       1.07       0.59     7028.85    12606.11     7528   
17906250.00    5440       1775       7215       5060       2725       7785       7785       1.06       0.59     7358.77    12276.19     7785   
18000000.00    5840       2008       7848       4660       2492       7152       7152       1.07       0.61     6697.06    12937.89     7152   
18093750.00    6073       2111       8184       4427       2389       6816       6816       1.07       0.62     6375.06    13259.90     6816   
18187500.00    6223       2160       8383       4277       2340       6617       6617       1.06       0.63     6224.37    13410.59     6617   
18281250.00    6110       2142       8252       4390       2358       6748       6748       1.07       0.62     6335.46    13299.49     6748   
18375000.00    6243       2233       8476       4257       2267       6524       6524       1.07       0.63     6083.36    13551.60     6524   
18468750.00    6196       2227       8423       4304       2273       6577       6577       1.07       0.62     6125.83    13509.13     6577   
18562500.00    6075       2120       8195       4425       2380       6805       6805       1.08       0.61     6307.55    13327.40     6805   
18656250.00    6108       2116       8224       4392       2384       6776       6776       1.08       0.62     6275.14    13359.82     6776   
18750000.00    6038       2096       8134       4462       2404       6866       6866       1.08       0.61     6337.03    13297.92     6866   
18843750.00    5867       1965       7832       4633       2535       7168       7168       1.08       0.60     6646.89    12988.06     7168   
18937500.00    5843       1962       7805       4657       2538       7195       7195       1.08       0.60     6673.65    12961.31     7195   
19031250.00    5685       1896       7581       4815       2604       7419       7419       1.07       0.60     6927.51    12707.45     7419   
19125000.00    5696       1906       7602       4804       2594       7398       7398       1.07       0.60     6900.33    12734.62     7398   
19218750.00    5592       1896       7488       4908       2604       7512       7512       1.07       0.59     7005.43    12629.52     7512   
19312500.00    5553       1860       7413       4947       2640       7587       7587       1.07       0.59     7099.69    12535.27     7587   
19406250.00    5090       1640       6730       5410       2860       8270       8270       1.07       0.57     7763.17    11871.79     8270   
19500000.00    5302       1736       7038       5198       2764       7962       7962       1.07       0.58     7420.86    12214.09     7962   
19593750.00    5426       1759       7185       5074       2741       7815       7815       1.08       0.58     7249.61    12385.34     7815   
19687500.00    5271       1660       6931       5229       2840       8069       8069       1.07       0.57     7519.55    12115.41     8069   
19781250.00    5018       1596       6614       5482       2904       8386       8386       1.07       0.56     7821.64    11813.31     8386   
19875000.00    5255       1641       6896       5245       2859       8104       8104       1.08       0.57     7529.68    12105.27     8104   
19968750.00    5468       1748       7216       5032       2752       7784       7784       1.07       0.58     7247.72    12387.23     7784   
20062500.00    5720       1889       7609       4780       2611       7391       7391       1.07       0.60     6883.01    12751.94     7391   
20156250.00    6289       2184       8473       4211       2316       6527       6527       1.09       0.62     6005.49    13629.47     6527   
20250000.00    5605       1841       7446       4895       2659       7554       7554       1.08       0.59     7006.12    12628.83     7554   
20343750.00    5482       1783       7265       5018       2717       7735       7735       1.08       0.58     7157.58    12477.37     7735   
20437500.00    5504       1775       7279       4996       2725       7721       7721       1.08       0.58     7149.90    12485.06     7721   
20531250.00    5534       1815       7349       4966       2685       7651       7651       1.08       0.59     7080.01    12554.95     7651   
20625000.00    5843       1981       7824       4657       2519       7176       7176       1.09       0.60     6591.17    13043.78     7176   
20718750.00    5531       1841       7372       4969       2659       7628       7628       1.08       0.59     7040.57    12594.38     7628   
20812500.00    5600       1831       7431       4900       2669       7569       7569       1.08       0.59     6993.28    12641.68     7569   
20906250.00    5556       1834       7390       4944       2666       7610       7610       1.07       0.59     7079.13    12555.82     7610   
21000000.00    5591       1917       7508       4909       2583       7492       7492       1.08       0.59     6960.30    12674.66     7492   
21093750.00    5772       1983       7755       4728       2517       7245       7245       1.08       0.60     6694.10    12940.86     7245   
21187500.00    5617       1876       7493       4883       2624       7507       7507       1.08       0.59     6933.79    12701.17     7507   
21281250.00    5473       1793       7266       5027       2707       7734       7734       1.08       0.58     7152.10    12482.85     7734   
21375000.00    5551       1793       7344       4949       2707       7656       7656       1.08       0.59     7085.91    12549.05     7656   
21468750.00    5544       1812       7356       4956       2688       7644       7644       1.08       0.59     7105.53    12529.43     7644   
21562500.00    5632       1839       7471       4868       2661       7529       7529       1.08       0.59     6949.62    12685.33     7529   
21656250.00    5794       1929       7723       4706       2571       7277       7277       1.08       0.60     6757.12    12877.84     7277   
21750000.00    6015       2055       8070       4485       2445       6930       6930       1.07       0.61     6462.36    13172.59     6930   
21843750.00    5929       2020       7949       4571       2480       7051       7051       1.07       0.61     6571.92    13063.03     7051   
21937500.00    5780       1941       7721       4720       2559       7279       7279       1.07       0.60     6802.64    12832.32     7279   
22031250.00    5766       1911       7677       4734       2589       7323       5759       1.08       0.60     6806.13    12828.82     3661   
22125000.00    5524       1824       7348       4976       2676       7652       7652       1.07       0.59     7144.32    12490.64     7652   
22218750.00    5796       2009       7805       4704       2491       7195       7195       1.08       0.60     6678.88    12956.07     7195   
22312500.00    5728       2000       7728       4772       2500       7272       7272       1.08       0.60     6751.80    12883.16     7272   
22406250.00    5477       1819       7296       5023       2681       7704       7704       1.08       0.58     7140.61    12494.34     7704   
22500000.00    5592       1874       7466       4908       2626       7534       7534       1.08       0.59     6986.68    12648.28     7534   
22593750.00    5495       1820       7315       5005       2680       7685       7685       1.08       0.58     7107.73    12527.23     7685   
22687500.00    5680       1900       7580       4820       2600       7420       7420       1.09       0.59     6810.64    12824.31     7420   
22781250.00    5588       1880       7468       4912       2620       7532       7532       1.08       0.59     6952.09    12682.86     7532   
22875000.00    5460       1814       7274       5040       2686       7726       6179       1.08       0.58     7130.05    12504.90     3863   
22968750.00    5512       1833       7345       4988       2667       7655       7655       1.08       0.58     7071.64    12563.31     7655   
23062500.00    5290       1712       7002       5210       2788       7998       6368       1.08       0.57     7379.45    12255.51     3999   
23156250.00    5254       1716       6970       5246       2784       8030       6393       1.09       0.57     7394.77    12240.19     4015   
23250000.00    5243       1699       6942       5257       2801       8058       6256       1.08       0.57     7454.74    12180.22     4029   
23343750.00    5249       1678       6927       5251       2822       8073       8073       1.08       0.57     7472.09    12162.87     8073   
23437500.00    5397       1803       7200       5103       2697       7800       7800       1.08       0.58     7201.40    12433.56     7800   
23531250.00    5283       1736       7019       5217       2764       7981       7981       1.09       0.57     7339.88    12295.07     7981   
23625000.00    5515       1868       7383       4985       2632       7617       7617       1.09       0.58     6982.60    12652.36     7617   
23718750.00    5497       1879       7376       5003       2621       7624       7624       1.09       0.58     7008.22    12626.73     7624   
23812500.00    5350       1765       7115       5150       2735       7885       7885       1.09       0.57     7216.32    12418.63     7885   
23906250.00    5140       1658       6798       5360       2842       8202       8202       1.09       0.56     7546.02    12088.93     8202   
24000000.00    5227       1718       6945       5273       2782       8055       8055       1.09       0.57     7398.73    12236.22     8055   
24093750.00    5070       1609       6679       5430       2891       8321       8321       1.08       0.56     7681.86    11953.10     8321   
24187500.00    5197       1650       6847       5303       2850       8153       8153       1.08       0.57     7531.73    12103.23     8153   
24281250.00    5164       1664       6828       5336       2836       8172       8172       1.08       0.56     7537.53    12097.43     8172   
24375000.00    5278       1709       6987       5222       2791       8013       6823       1.08       0.57     7426.55    12208.41     4006   
24468750.00    5357       1766       7123       5143       2734       7877       6773       1.07       0.58     7327.70    12307.26     3938   
24562500.00    5237       1704       6941       5263       2796       8059       8059       1.07       0.57     7559.98    12074.98     8059   
24656250.00    5574       1854       7428       4926       2646       7572       7572       1.07       0.59     7064.67    12570.28     7572   
24750000.00    5464       1823       7287       5036       2677       7713       7713       1.07       0.59     7227.11    12407.85     7713   
24843750.00    5581       1861       7442       4919       2639       7558       7558       1.07       0.59     7039.13    12595.83     7558   
24937500.00    5682       1863       7545       4818       2637       7455       7455       1.07       0.59     6940.67    12694.28     7455   
25031250.00    5509       1757       7266       4991       2743       7734       7734       1.07       0.59     7251.64    12383.31     7734   
25125000.00    5758       1871       7629       4742       2629       7371       7371       1.07       0.60     6896.49    12738.47     7371   
25218750.00    5891       1884       7775       4609       2616       7225       7225       1.07       0.60     6782.75    12852.20     7225   
25312500.00    5669       1832       7501       4831       2668       7499       7499       1.06       0.60     7103.75    12531.20     7499   
25406250.00    5755       1821       7576       4745       2679       7424       7424       1.06       0.60     7009.72    12625.23     7424   
25500000.00    5629       1771       7400       4871       2729       7600       7600       1.07       0.59     7129.39    12505.57     7600   
25593750.00    5496       1690       7186       5004       2810       7814       7814       1.07       0.58     7333.41    12301.54     7814   
25687500.00    5360       1635       6995       5140       2865       8005       8005       1.06       0.58     7536.34    12098.61     8005   
25781250.00    5343       1651       6994       5157       2849       8006       6769       1.05       0.58     7592.48    12042.47     4003   
25875000.00    5401       1717       7118       5099       2783       7882       6492       1.06       0.58     7443.55    12191.41     3941   
25968750.00    5531       1768       7299       4969       2732       7701       4471       1.06       0.59     7260.66    12374.29     2567   
26062500.00    5603       1805       7408       4897       2695       7592       7592       1.06       0.59     7146.17    12488.78     7592   
26156250.00    6300       2195       8495       4200       2305       6505       6505       1.07       0.63     6093.30    13541.66     6505   
26250000.00    6048       2052       8100       4452       2448       6900       6900       1.06       0.62     6505.24    13129.72     6900   
26343750.00    6083       2114       8197       4417       2386       6803       6803       1.06       0.62     6396.12    13238.83     6803   
26437500.00    6121       2083       8204       4379       2417       6796       6796       1.07       0.62     6358.64    13276.31     6796   
26531250.00    5914       1934       7848       4586       2566       7152       7152       1.06       0.61     6717.19    12917.77     7152   
26625000.00    5989       2024       8013       4511       2476       6987       5147       1.06       0.61     6566.31    13068.64     3493   
26718750.00    5968       2039       8007       4532       2461       6993       5127       1.07       0.61     6561.85    13073.11     3496   
26812500.00    5903       2057       7960       4597       2443       7040       7040       1.06       0.61     6642.26    12992.70     7040   
26906250.00    5848       1949       7797       4652       2551       7203       7203       1.05       0.61     6881.24    12753.71     7203   
27000000.00    5905       2008       7913       4595       2492       7087       4896       1.05       0.61     6753.47    12881.48     3543   
27093750.00    6191       2125       8316       4309       2375       6684       6684       1.05       0.63     6369.49    13265.47     6684   
27187500.00    5829       2005       7834       4671       2495       7166       7166       1.05       0.61     6849.10    12785.85     7166   
27281250.00    5617       1882       7499       4883       2618       7501       4333       1.04       0.60     7189.90    12445.05     3750   
27375000.00    5626       1916       7542       4874       2584       7458       7458       1.05       0.60     7096.60    12538.35     7458   
27468750.00    5420       1782       7202       5080       2718       7798       5031       1.05       0.59     7445.82    12189.14     3899   
27562500.00    5496       1778       7274       5004       2722       7726       7726       1.06       0.59     7312.39    12322.56     7726   
27656250.00    5242       1725       6967       5258       2775       8033       8033       1.06       0.58     7557.80    12077.16     8033   
27750000.00    5166       1656       6822       5334       2844       8178       8178       1.07       0.57     7640.21    11994.74     8178   
27843750.00    4965       1545       6510       5535       2955       8490       8490       1.06       0.56     7997.24    11637.71     8490   
27937500.00    5083       1592       6675       5417       2908       8325       8325       1.06       0.57     7837.73    11797.22     8325   
28031250.00    5119       1641       6760       5381       2859       8240       5462       1.06       0.57     7805.18    11829.77     4120   
28125000.00    5234       1657       6891       5266       2843       8109       5413       1.05       0.58     7698.78    11936.18     2703   
28218750.00    5251       1665       6916       5249       2835       8084       8084       1.05       0.58     7693.61    11941.35     8084   
28312500.00    5905       1954       7859       4595       2546       7141       7141       1.05       0.61     6771.95    12863.00     7141   
28406250.00    5963       1990       7953       4537       2510       7047       7047       1.06       0.61     6671.21    12963.75     7047   
28500000.00    5812       1928       7740       4688       2572       7260       7260       1.06       0.61     6867.87    12767.09     7260   
28593750.00    5901       1977       7878       4599       2523       7122       7122       1.05       0.61     6753.58    12881.38     7122   
28687500.00    5702       1924       7626       4798       2576       7374       5423       1.04       0.61     7073.05    12561.91     3687   
28781250.00    5615       1865       7480       4885       2635       7520       4538       1.04       0.60     7198.15    12436.80     2506   
28875000.00    6007       2029       8036       4493       2471       6964       3094       1.05       0.62     6625.49    13009.46     2321   
28968750.00    5739       1939       7678       4761       2561       7322       3483       1.05       0.61     6974.37    12660.59     2440   
29062500.00    6480       2271       8751       4020       2229       6249       3273       1.05       0.64     5935.26    13699.69     2083   
29156250.00    6158       2166       8324       4342       2334       6676       3745       1.05       0.63     6361.07    13273.88     2225   
29250000.00    5982       2051       8033       4518       2449       6967       5069       1.05       0.62     6633.42    13001.54     3483   
29343750.00    5869       2022       7891       4631       2478       7109       7109       1.05       0.61     6761.54    12873.42     7109   
29437500.00    5800       2008       7808       4700       2492       7192       5218       1.05       0.61     6853.41    12781.55     3596   
29531250.00    5543       1897       7440       4957       2603       7560       7560       1.05       0.60     7219.06    12415.89     7560   
29625000.00    5951       2087       8038       4549       2413       6962       6962       1.05       0.62     6645.77    12989.19     6962   
29718750.00    5661       1964       7625       4839       2536       7375       7375       1.05       0.60     7005.56    12629.39     7375   
29812500.00    5577       1924       7501       4923       2576       7499       5298       1.05       0.60     7149.05    12485.90     2499   
29906250.00    5532       1839       7371       4968       2661       7629       3820       1.05       0.60     7268.59    12366.36     2543   
30000000.00    6402       2291       8693       4098       2209       6307       2518       1.06       0.64     5969.84    13665.11     2102   
30093750.00    6178       2192       8370       4322       2308       6630       3334       1.05       0.63     6308.90    13326.05     2210   
30187500.00    6243       2188       8431       4257       2312       6569       2975       1.06       0.63     6217.04    13417.91     2189   
30281250.00    6077       2134       8211       4423       2366       6789       6789       1.05       0.62     6449.00    13185.95     6789   
30375000.00    6001       2095       8096       4499       2405       6904       4958       1.06       0.62     6534.89    13100.07     3452   
30468750.00    5828       1989       7817       4672       2511       7183       5288       1.06       0.61     6794.42    12840.53     3591   
30562500.00    5850       2031       7881       4650       2469       7119       5472       1.06       0.61     6732.58    12902.38     3559   
30656250.00    6085       2195       8280       4415       2305       6720       6720       1.05       0.62     6370.17    13264.78     6720   
30750000.00    5807       2015       7822       4693       2485       7178       4213       1.05       0.61     6835.81    12799.15     3589   
30843750.00    5760       2021       7781       4740       2479       7219       7219       1.06       0.61     6834.94    12800.01     7219   
30937500.00    5860       2044       7904       4640       2456       7096       2815       1.06       0.61     6723.59    12911.37     2365   
31031250.00    5790       2049       7839       4710       2451       7161       5343       1.06       0.61     6732.94    12902.02     3580   
31125000.00    5913       2077       7990       4587       2423       7010       5443       1.07       0.61     6561.29    13073.67     3505   
31218750.00    5620       1984       7604       4880       2516       7396       7396       1.07       0.60     6914.88    12720.08     7396   
31312500.00    5621       1955       7576       4879       2545       7424       5674       1.07       0.60     6907.50    12727.45     3712   
31406250.00    5452       1861       7313       5048       2639       7687       7687       1.07       0.59     7161.59    12473.37     7687   
31500000.00    5377       1835       7212       5123       2665       7788       7788       1.07       0.58     7270.79    12364.16     7788   
31593750.00    5585       1904       7489       4915       2596       7511       7511       1.07       0.59     7006.11    12628.85     7511   
31687500.00    5419       1849       7268       5081       2651       7732       7732       1.07       0.59     7220.93    12414.02     7732   
31781250.00    5541       1905       7446       4959       2595       7554       7554       1.07       0.59     7029.63    12605.32     7554   
31875000.00    5620       1942       7562       4880       2558       7438       7438       1.08       0.59     6912.78    12722.17     7438   
31968750.00    5525       1856       7381       4975       2644       7619       7619       1.08       0.59     7072.58    12562.38     7619   
32062500.00    5411       1813       7224       5089       2687       7776       7776       1.07       0.58     7249.55    12385.41     7776   
32156250.00    5475       1841       7316       5025       2659       7684       7684       1.07       0.59     7181.90    12453.05     7684   
32250000.00    5860       2108       7968       4640       2392       7032       7032       1.07       0.61     6567.84    13067.11     7032   
32343750.00    5645       1977       7622       4855       2523       7378       7378       1.07       0.60     6870.21    12764.74     7378   
32437500.00    5652       1938       7590       4848       2562       7410       7410       1.07       0.60     6953.60    12681.36     7410   
32531250.00    5746       1973       7719       4754       2527       7281       7281       1.07       0.60     6825.20    12809.76     7281   
32625000.00    5785       1972       7757       4715       2528       7243       7243       1.07       0.60     6742.93    12892.03     7243   
32718750.00    5788       1999       7787       4712       2501       7213       7213       1.08       0.60     6703.80    12931.16     7213   
32812500.00    5807       2030       7837       4693       2470       7163       7163       1.08       0.60     6647.36    12987.60     7163   
32906250.00    5875       2016       7891       4625       2484       7109       7109       1.08       0.60     6567.15    13067.81     7109   
33000000.00    5800       1952       7752       4700       2548       7248       7248       1.08       0.60     6737.52    12897.44     7248   
33093750.00    5730       1926       7656       4770       2574       7344       7344       1.07       0.60     6888.69    12746.26     7344   
33187500.00    5810       1980       7790       4690       2520       7210       7210       1.07       0.60     6717.19    12917.76     7210   
33281250.00    5842       1971       7813       4658       2529       7187       7187       1.08       0.60     6647.95    12987.01     7187   
33375000.00    5284       1709       6993       5216       2791       8007       8007       1.08       0.57     7446.99    12187.96     8007   
33468750.00    5359       1672       7031       5141       2828       7969       7969       1.07       0.58     7427.45    12207.51     7969   
33562500.00    5409       1741       7150       5091       2759       7850       7850       1.07       0.58     7361.85    12273.11     7850   
33656250.00    5494       1786       7280       5006       2714       7720       7720       1.07       0.59     7206.58    12428.38     7720   
33750000.00    5381       1689       7070       5119       2811       7930       7930       1.07       0.58     7424.60    12210.35     7930   
33843750.00    5287       1659       6946       5213       2841       8054       8054       1.07       0.57     7516.69    12118.27     8054   
33937500.00    5399       1732       7131       5101       2768       7869       7869       1.07       0.58     7346.76    12288.19     7869   
34031250.00    5356       1693       7049       5144       2807       7951       7951       1.07       0.58     7417.49    12217.46     7951   
34125000.00    5175       1606       6781       5325       2894       8219       8219       1.07       0.57     7708.00    11926.96     8219   
34218750.00    5278       1647       6925       5222       2853       8075       8075       1.07       0.57     7573.95    12061.01     8075   
34312500.00    5414       1692       7106       5086       2808       7894       6310       1.07       0.58     7396.01    12238.94     3947   
34406250.00    5451       1745       7196       5049       2755       7804       4016       1.06       0.59     7344.61    12290.34     3902   
34500000.00    5425       1756       7181       5075       2744       7819       4172       1.06       0.59     7378.53    12256.42     3909   
34593750.00    6290       2248       8538       4210       2252       6462       6462       1.07       0.63     6047.95    13587.01     6462   
34687500.00    6304       2268       8572       4196       2232       6428       6428       1.08       0.63     5965.57    13669.39     6428   
34781250.00    5670       1922       7592       4830       2578       7408       7408       1.07       0.60     6917.08    12717.87     7408   
34875000.00    5881       2016       7897       4619       2484       7103       7103       1.08       0.61     6598.70    13036.25     7103   
34968750.00    5609       1851       7460       4891       2649       7540       7540       1.07       0.59     7065.05    12569.91     7540   
35062500.00    5747       1992       7739       4753       2508       7261       7261       1.08       0.60     6722.74    12912.22     7261   
35156250.00    5707       1921       7628       4793       2579       7372       7372       1.08       0.60     6826.37    12808.58     7372   
35250000.00    5702       1921       7623       4798       2579       7377       7377       1.08       0.59     6804.39    12830.57     7377   
35343750.00    5627       1839       7466       4873       2661       7534       7534       1.07       0.59     7011.05    12623.91     7534   
35437500.00    5535       1832       7367       4965       2668       7633       7633       1.07       0.59     7118.47    12516.48     7633   
35531250.00    5394       1739       7133       5106       2761       7867       7867       1.07       0.58     7362.70    12272.25     7867   
35625000.00    5254       1643       6897       5246       2857       8103       8103       1.06       0.57     7632.34    12002.61     8103   
35718750.00    5474       1758       7232       5026       2742       7768       7768       1.06       0.59     7322.08    12312.88     7768   
35812500.00    5397       1673       7070       5103       2827       7930       7930       1.06       0.58     7472.81    12162.14     7930   
35906250.00    5706       1862       7568       4794       2638       7432       7432       1.06       0.60     6979.29    12655.67     7432   
36000000.00    5801       1892       7693       4699       2608       7307       7307       1.06       0.60     6903.47    12731.49     7307   
36093750.00    5667       1842       7509       4833       2658       7491       7491       1.05       0.60     7125.65    12509.30     7491   
36187500.00    5632       1836       7468       4868       2664       7532       7532       1.06       0.60     7123.79    12511.16     7532   
36281250.00    5593       1859       7452       4907       2641       7548       7548       1.06       0.59     7091.01    12543.94     7548   
36375000.00    5567       1785       7352       4933       2715       7648       7648       1.07       0.59     7163.56    12471.39     7648   
36468750.00    5619       1828       7447       4881       2672       7553       7553       1.06       0.59     7092.29    12542.67     7553   
36562500.00    5650       1873       7523       4850       2627       7477       4439       1.06       0.60     7056.03    12578.92     3738   
36656250.00    5739       1935       7674       4761       2565       7326       4284       1.06       0.60     6893.71    12741.25     3663   
36750000.00    5816       1971       7787       4684       2529       7213       7213       1.06       0.61     6773.66    12861.30     7213   
36843750.00    5681       1934       7615       4819       2566       7385       4295       1.06       0.60     6948.57    12686.38     3692   
36937500.00    5622       1865       7487       4878       2635       7513       4363       1.07       0.59     7051.34    12583.61     3756   
37031250.00    5862       1901       7763       4638       2599       7237       4243       1.06       0.61     6811.00    12823.95     3618   
37125000.00    5916       1965       7881       4584       2535       7119       4349       1.06       0.61     6688.33    12946.62     3559   
37218750.00    5847       1899       7746       4653       2601       7254       4431       1.06       0.60     6830.07    12804.88     3627   
37312500.00    5682       1816       7498       4818       2684       7502       7502       1.06       0.60     7077.50    12557.45     7502   
37406250.00    6191       2098       8289       4309       2402       6711       4480       1.07       0.62     6282.40    13352.55     3355   
