 Timestep    Gas_A      Gas_B     Gas_tot    Dense_A    Dense_B   Dense_tot   Lg_clust  DP_density GP_density Clust_area  Gas_area     MCS    
   0.00       3000      12000      15000        0          0          0          5         0.00       0.76       0.00     19634.96      0     
156249.00     2597      10041      12638       403        1959       2362       1250       0.95       0.74     2480.90    17154.06     1181   
312498.00     2274       8435      10709       726        3565       4291       2019       1.02       0.69     4202.16    15432.80     1430   
468747.00     1588       5014       6602       1412       6986       8398       5764       1.06       0.57     7956.82    11678.13     2799   
624996.00     1321       3614       4935       1679       8386      10065       7185       1.07       0.48     9365.87    10269.09     3355   
781245.00     1084       2473       3557       1916       9527      11443       8044       1.09       0.39     10514.31   9120.65      3814   
937494.00     1059       2204       3263       1941       9796      11737       8190       1.10       0.36     10658.85   8976.10      3912   
1093743.00    942        2036       2978       2058       9964      12022       8477       1.10       0.34     10957.50   8677.46      4007   
1249992.00    979        2205       3184       2021       9795      11816       7124       1.10       0.36     10730.29   8904.66      2954   
1406241.00    1013       2407       3420       1987       9593      11580       8343       1.10       0.37     10493.66   9141.29      5790   
1562490.00    952        2099       3051       2048       9901      11949       8713       1.11       0.34     10760.77   8874.19      3983   
1718739.00    911        1912       2823       2089      10088      12177       9000       1.11       0.32     10922.26   8712.69      6088   
1874988.00    875        1813       2688       2125      10187      12312       9212       1.13       0.31     10929.86   8705.10      6156   
2031237.00    892        1821       2713       2108      10179      12287       9389       1.12       0.31     10926.96   8708.00      6143   
2187486.00    886        1769       2655       2114      10231      12345       9599       1.13       0.30     10918.99   8715.96      6172   
2343735.00    866        1699       2565       2134      10301      12435       9718       1.13       0.30     10989.03   8645.93      6217   
2499984.00    878        1754       2632       2122      10246      12368       9776       1.13       0.30     10945.60   8689.35      6184   
2656233.00    838        1687       2525       2162      10313      12475       9927       1.13       0.29     11020.93   8614.03      6237   
2812482.00    811        1627       2438       2189      10373      12562      10114       1.14       0.28     11032.49   8602.47      6281   
2968731.00    799        1528       2327       2201      10472      12673      10300       1.14       0.27     11157.12   8477.84      6336   
3124980.00    829        1618       2447       2171      10382      12553      10331       1.14       0.28     11039.75   8595.21      6276   
3281229.00    825        1615       2440       2175      10385      12560      10428       1.13       0.28     11069.65   8565.30      6280   
3437478.00    857        1740       2597       2143      10260      12403      10489       1.14       0.30     10898.86   8736.09      6201   
3593727.00    811        1552       2363       2189      10448      12637      10639       1.14       0.28     11063.51   8571.45      6318   
3749976.00    814        1474       2288       2186      10526      12712      10838       1.14       0.27     11119.91   8515.05      6356   
3906225.00    780        1413       2193       2220      10587      12807      10922       1.13       0.26     11303.16   8331.80      6403   
4062474.00    808        1485       2293       2192      10515      12707      10861       1.13       0.27     11273.61   8361.35      6353   
4218723.00    856        1837       2693       2144      10163      12307      10596       1.13       0.31     10927.35   8707.61      6153   
4374972.00    836        1726       2562       2164      10274      12438      10735       1.13       0.30     10980.56   8654.39      6219   
4531221.00    884        1831       2715       2116      10169      12285      10736       1.14       0.31     10781.17   8853.79      6142   
4687470.00    851        1631       2482       2149      10369      12518      11023       1.14       0.29     10940.25   8694.70      6259   
4843719.00    789        1464       2253       2211      10536      12747      11253       1.14       0.27     11184.12   8450.84      6373   
4999968.00    789        1564       2353       2211      10436      12647      11334       1.15       0.27     11031.50   8603.45      6323   
5156217.00    789        1435       2224       2211      10565      12776      11543       1.15       0.26     11143.18   8491.78      6388   
5312466.00    789        1482       2271       2211      10518      12729      11530       1.14       0.27     11145.19   8489.76      6364   
5468715.00    840        1745       2585       2160      10255      12415      11359       1.13       0.30     10977.73   8657.22      6207   
5624964.00    1023       2610       3633       1977       9390      11367      11367       1.15       0.37     9862.90    9772.06     11367   
5781213.00    985        2392       3377       2015       9608      11623      11623       1.15       0.35     10077.14   9557.82     11623   
5937462.00    986        2220       3206       2014       9780      11794      11794       1.17       0.34     10109.87   9525.09     11794   
6093711.00    963        2114       3077       2037       9886      11923      11923       1.17       0.33     10183.52   9451.43     11923   
6249960.00    964        2012       2976       2036       9988      12024      12024       1.16       0.32     10323.30   9311.66     12024   
6406209.00    881        1803       2684       2119      10197      12316      12316       1.16       0.30     10577.03   9057.93     12316   
6562458.00    859        1784       2643       2141      10216      12357      12357       1.16       0.30     10696.64   8938.31     12357   
6718707.00    876        1854       2730       2124      10146      12270      12270       1.16       0.30     10613.32   9021.64     12270   
6874956.00    815        1696       2511       2185      10304      12489      12489       1.16       0.28     10759.75   8875.20     12489   
7031205.00    770        1453       2223       2230      10547      12777      12777       1.16       0.26     10970.16   8664.80     12777   
7187454.00    756        1416       2172       2244      10584      12828      12828       1.17       0.25     11011.09   8623.87     12828   
7343703.00    772        1432       2204       2228      10568      12796      12796       1.16       0.26     11031.06   8603.89     12796   
7499952.00    766        1435       2201       2234      10565      12799      12799       1.16       0.26     11010.07   8624.89     12799   
7656201.00    755        1341       2096       2245      10659      12904      12904       1.16       0.25     11084.06   8550.89     12904   
7812450.00    763        1406       2169       2237      10594      12831      12831       1.17       0.25     10989.73   8645.22     12831   
7968699.00    757        1351       2108       2243      10649      12892      12892       1.16       0.25     11083.08   8551.87     12892   
8124948.00    768        1327       2095       2232      10673      12905      12905       1.16       0.25     11162.25   8472.70     12905   
8281197.00    718        1283       2001       2282      10717      12999      12999       1.16       0.24     11176.00   8458.95     12999   
8437446.00    727        1180       1907       2273      10820      13093      13093       1.16       0.23     11280.30   8354.66     13093   
8593695.00    739        1214       1953       2261      10786      13047      13047       1.15       0.23     11314.46   8320.50     13047   
8749944.00    773        1326       2099       2227      10674      12901      12901       1.16       0.25     11159.76   8475.19     12901   
8906193.00    774        1306       2080       2226      10694      12920      12920       1.16       0.25     11167.86   8467.10     12920   
9062442.00    758        1271       2029       2242      10729      12971      12971       1.15       0.24     11266.00   8368.96     12971   
9218691.00    740        1321       2061       2260      10679      12939      12939       1.15       0.25     11264.18   8370.77     12939   
9374940.00    797        1512       2309       2203      10488      12691      12691       1.16       0.27     10940.49   8694.47     12691   
9531189.00    819        1574       2393       2181      10426      12607      12607       1.17       0.27     10777.72   8857.24     12607   
9687438.00    765        1465       2230       2235      10535      12770      12770       1.17       0.26     10890.14   8744.81     12770   
9843687.00    773        1328       2101       2227      10672      12899      12899       1.17       0.25     11066.05   8568.91     12899   
9999936.00    759        1280       2039       2241      10720      12961      12961       1.17       0.24     11030.82   8604.13     12961   
10156185.00    757        1298       2055       2243      10702      12945      12945       1.18       0.24     11001.41   8633.55     12945   
10312434.00    735        1329       2064       2265      10671      12936      12936       1.18       0.24     11007.10   8627.85     12936   
10468683.00    696        1186       1882       2304      10814      13118      13118       1.17       0.22     11245.57   8389.39     13118   
10624932.00    713        1185       1898       2287      10815      13102      13102       1.16       0.23     11339.56   8295.39     13102   
10781181.00    729        1288       2017       2271      10712      12983      12983       1.16       0.24     11221.72   8413.24     12983   
10937430.00    733        1296       2029       2267      10704      12971      12971       1.16       0.24     11183.86   8451.10     12971   
11093679.00    785        1376       2161       2215      10624      12839      12839       1.16       0.25     11021.19   8613.77     12839   
11249928.00    778        1347       2125       2222      10653      12875      12875       1.17       0.25     11051.07   8583.88     12875   
11406177.00    775        1337       2112       2225      10663      12888      12888       1.17       0.25     11054.18   8580.78     12888   
11562426.00    773        1279       2052       2227      10721      12948      12948       1.17       0.24     11064.74   8570.22     12948   
11718675.00    729        1217       1946       2271      10783      13054      13054       1.16       0.23     11223.00   8411.95     13054   
11874924.00    722        1236       1958       2278      10764      13042      13042       1.16       0.23     11211.27   8423.69     13042   
12031173.00    702        1210       1912       2298      10790      13088      13088       1.16       0.23     11297.05   8337.91     13088   
12187422.00    707        1236       1943       2293      10764      13057      13057       1.16       0.23     11252.50   8382.46     13057   
12343671.00    726        1360       2086       2274      10640      12914      12914       1.16       0.24     11096.52   8538.43     12914   
12499920.00    740        1338       2078       2260      10662      12922      12922       1.17       0.24     11075.05   8559.91     12922   
12656169.00    711        1340       2051       2289      10660      12949      12949       1.16       0.24     11136.12   8498.83     12949   
12812418.00    682        1212       1894       2318      10788      13106      13106       1.16       0.23     11258.17   8376.79     13106   
12968667.00    677        1137       1814       2323      10863      13186      13186       1.16       0.22     11335.61   8299.34     13186   
13124916.00    715        1240       1955       2285      10760      13045      13045       1.16       0.23     11210.81   8424.15     13045   
13281165.00    762        1415       2177       2238      10585      12823      12823       1.16       0.25     11070.21   8564.75     12823   
13437414.00    748        1415       2163       2252      10585      12837      12837       1.16       0.25     11062.69   8572.26     12837   
13593663.00    750        1351       2101       2250      10649      12899      12899       1.17       0.24     11024.57   8610.38     12899   
13749912.00    752        1300       2052       2248      10700      12948      12948       1.18       0.24     11001.02   8633.94     12948   
13906161.00    720        1212       1932       2280      10788      13068      13068       1.17       0.23     11141.63   8493.33     13068   
14062410.00    717        1261       1978       2283      10739      13022      13022       1.16       0.23     11213.90   8421.06     13022   
14218659.00    730        1280       2010       2270      10720      12990      12990       1.15       0.24     11316.33   8318.62     12990   
14374908.00    694        1223       1917       2306      10777      13083      13083       1.14       0.23     11440.77   8194.19     13083   
14531157.00    691        1292       1983       2309      10708      13017      13017       1.14       0.24     11409.73   8225.22     13017   
14687406.00    719        1274       1993       2281      10726      13007      13007       1.14       0.24     11361.30   8273.65     13007   
14843655.00    749        1271       2020       2251      10729      12980      12980       1.14       0.24     11341.72   8293.23     12980   
14999904.00    757        1374       2131       2243      10626      12869      12869       1.15       0.25     11179.25   8455.71     12869   
15156153.00    751        1312       2063       2249      10688      12937      12937       1.15       0.25     11275.23   8359.72     12937   
15312402.00    746        1464       2210       2254      10536      12790      12790       1.15       0.26     11145.76   8489.19     12790   
15468651.00    694        1219       1913       2306      10781      13087      13087       1.16       0.23     11296.30   8338.65     13087   
15624900.00    680        1149       1829       2320      10851      13171      13171       1.15       0.22     11443.77   8191.18     13171   
15781149.00    688        1221       1909       2312      10779      13091      13091       1.15       0.23     11359.34   8275.61     13091   
15937398.00    687        1189       1876       2313      10811      13124      13124       1.15       0.23     11435.02   8199.93     13124   
16093647.00    715        1368       2083       2285      10632      12917      12917       1.15       0.25     11262.98   8371.97     12917   
16249896.00    741        1325       2066       2259      10675      12934      12934       1.15       0.25     11244.89   8390.07     12934   
16406145.00    710        1405       2115       2290      10595      12885      12885       1.15       0.25     11185.74   8449.22     12885   
16562394.00    709        1327       2036       2291      10673      12964      12964       1.16       0.24     11181.93   8453.03     12964   
16718643.00    715        1428       2143       2285      10572      12857      12857       1.15       0.25     11138.71   8496.25     12857   
16874892.00    721        1403       2124       2279      10597      12876      12876       1.15       0.25     11188.36   8446.59     12876   
17031141.00    795        1617       2412       2205      10383      12588      12588       1.16       0.28     10895.24   8739.72     12588   
17187390.00    784        1511       2295       2216      10489      12705      12705       1.15       0.27     11001.98   8632.98     12705   
17343639.00    773        1496       2269       2227      10504      12731      12731       1.16       0.26     10989.76   8645.19     12731   
17499888.00    744        1419       2163       2256      10581      12837      12837       1.16       0.25     11087.73   8547.22     12837   
17656137.00    746        1425       2171       2254      10575      12829      12829       1.16       0.25     11033.56   8601.39     12829   
17812386.00    746        1405       2151       2254      10595      12849      12849       1.17       0.25     11002.96   8631.99     12849   
17968635.00    744        1377       2121       2256      10623      12879      12879       1.16       0.25     11096.17   8538.79     12879   
18124884.00    733        1445       2178       2267      10555      12822      12822       1.17       0.25     10998.08   8636.88     12822   
18281133.00    775        1468       2243       2225      10532      12757      12757       1.17       0.26     10881.06   8753.90     12757   
18437382.00    743        1369       2112       2257      10631      12888      12888       1.17       0.24     10969.96   8665.00     12888   
18593631.00    706        1245       1951       2294      10755      13049      13049       1.17       0.23     11147.98   8486.98     13049   
18749880.00    714        1271       1985       2286      10729      13015      13015       1.16       0.23     11175.03   8459.92     13015   
18906129.00    717        1271       1988       2283      10729      13012      13012       1.16       0.24     11227.89   8407.06     13012   
19062378.00    715        1309       2024       2285      10691      12976      12976       1.16       0.24     11199.72   8435.24     12976   
19218627.00    727        1450       2177       2273      10550      12823      12823       1.16       0.25     11011.26   8623.70     12823   
19374876.00    688        1272       1960       2312      10728      13040      13040       1.17       0.23     11150.24   8484.72     13040   
19531125.00    671        1226       1897       2329      10774      13103      13103       1.17       0.23     11214.62   8420.34     13103   
19687374.00    641        1177       1818       2359      10823      13182      13182       1.16       0.22     11328.11   8306.84     13182   
19843623.00    652        1176       1828       2348      10824      13172      13172       1.16       0.22     11359.96   8274.99     13172   
19999872.00    682        1256       1938       2318      10744      13062      13062       1.15       0.23     11318.76   8316.19     13062   
20156121.00    691        1345       2036       2309      10655      12964      12964       1.15       0.24     11261.05   8373.91     12964   
20312370.00    751        1486       2237       2249      10514      12763      12763       1.16       0.26     11027.23   8607.73     12763   
20468619.00    730        1492       2222       2270      10508      12778      12778       1.15       0.26     11076.01   8558.94     12778   
20624868.00    749        1454       2203       2251      10546      12797      12797       1.17       0.25     10927.51   8707.44     12797   
20781117.00    721        1331       2052       2279      10669      12948      12948       1.17       0.24     11067.72   8567.24     12948   
20937366.00    703        1229       1932       2297      10771      13068      13068       1.17       0.23     11200.76   8434.19     13068   
21093615.00    694        1155       1849       2306      10845      13151      13151       1.16       0.22     11332.49   8302.46     13151   
21249864.00    732        1225       1957       2268      10775      13043      13043       1.16       0.23     11252.03   8382.93     13043   
21406113.00    733        1329       2062       2267      10671      12938      12938       1.16       0.24     11188.34   8446.62     12938   
21562362.00    771        1454       2225       2229      10546      12775      12775       1.16       0.26     10974.30   8660.65     12775   
21718611.00    759        1588       2347       2241      10412      12653      12653       1.17       0.27     10817.02   8817.93     12653   
21874860.00    733        1462       2195       2267      10538      12805      12805       1.17       0.25     10926.89   8708.07     12805   
22031109.00    705        1284       1989       2295      10716      13011      13011       1.17       0.23     11132.29   8502.66     13011   
22187358.00    700        1221       1921       2300      10779      13079      13079       1.17       0.23     11158.38   8476.57     13079   
22343607.00    701        1243       1944       2299      10757      13056      13056       1.16       0.23     11213.56   8421.39     13056   
22499856.00    707        1241       1948       2293      10759      13052      13052       1.16       0.23     11206.22   8428.74     13052   
22656105.00    741        1399       2140       2259      10601      12860      12860       1.16       0.25     11070.39   8564.57     12860   
22812354.00    727        1399       2126       2273      10601      12874      12874       1.17       0.25     11041.61   8593.34     12874   
22968603.00    732        1340       2072       2268      10660      12928      12928       1.17       0.24     11039.21   8595.75     12928   
23124852.00    757        1347       2104       2243      10653      12896      12896       1.17       0.24     11038.73   8596.23     12896   
23281101.00    767        1435       2202       2233      10565      12798      12798       1.17       0.25     10972.39   8662.57     12798   
23437350.00    759        1400       2159       2241      10600      12841      12841       1.17       0.25     10955.27   8679.68     12841   
23593599.00    761        1415       2176       2239      10585      12824      12824       1.17       0.25     10960.13   8674.83     12824   
23749848.00    719        1273       1992       2281      10727      13008      13008       1.16       0.24     11170.03   8464.93     13008   
23906097.00    734        1303       2037       2266      10697      12963      12963       1.17       0.24     11083.46   8551.50     12963   
24062346.00    702        1219       1921       2298      10781      13079      13079       1.17       0.23     11137.92   8497.03     13079   
24218595.00    726        1285       2011       2274      10715      12989      12989       1.17       0.23     11067.26   8567.70     12989   
24374844.00    735        1321       2056       2265      10679      12944      12944       1.16       0.24     11111.50   8523.46     12944   
24531093.00    735        1353       2088       2265      10647      12912      12912       1.16       0.25     11117.14   8517.82     12912   
24687342.00    714        1379       2093       2286      10621      12907      12907       1.16       0.25     11141.58   8493.38     12907   
24843591.00    744        1513       2257       2256      10487      12743      12743       1.16       0.26     10976.64   8658.31     12743   
24999840.00    755        1487       2242       2245      10513      12758      12758       1.17       0.26     10905.52   8729.44     12758   
25156089.00    711        1380       2091       2289      10620      12909      12909       1.17       0.24     10997.86   8637.09     12909   
25312338.00    704        1336       2040       2296      10664      12960      12960       1.18       0.24     11006.63   8628.33     12960   
25468587.00    765        1487       2252       2235      10513      12748      12748       1.17       0.26     10889.59   8745.36     12748   
25624836.00    762        1429       2191       2238      10571      12809      12809       1.18       0.25     10859.81   8775.14     12809   
25781085.00    697        1329       2026       2303      10671      12974      12974       1.18       0.23     10981.83   8653.12     12974   
25937334.00    715        1258       1973       2285      10742      13027      13027       1.18       0.23     11077.84   8557.12     13027   
26093583.00    684        1224       1908       2316      10776      13092      13092       1.16       0.23     11263.10   8371.86     13092   
26249832.00    715        1238       1953       2285      10762      13047      13047       1.16       0.23     11271.45   8363.50     13047   
26406081.00    748        1326       2074       2252      10674      12926      12926       1.16       0.24     11108.55   8526.41     12926   
26562330.00    739        1339       2078       2261      10661      12922      12922       1.17       0.24     11054.75   8580.20     12922   
26718579.00    711        1271       1982       2289      10729      13018      13018       1.17       0.23     11172.84   8462.11     13018   
26874828.00    772        1358       2130       2228      10642      12870      12870       1.16       0.25     11113.77   8521.19     12870   
27031077.00    807        1500       2307       2193      10500      12693      12693       1.17       0.26     10879.96   8754.99     12693   
27187326.00    771        1397       2168       2229      10603      12832      12832       1.17       0.25     10973.95   8661.00     12832   
27343575.00    752        1329       2081       2248      10671      12919      12919       1.16       0.25     11179.05   8455.90     12919   
27499824.00    731        1367       2098       2269      10633      12902      12902       1.14       0.25     11291.26   8343.70     12902   
27656073.00    766        1508       2274       2234      10492      12726      12726       1.15       0.27     11073.40   8561.56     12726   
27812322.00    744        1388       2132       2256      10612      12868      12868       1.15       0.25     11232.22   8402.73     12868   
27968571.00    742        1327       2069       2258      10673      12931      12931       1.15       0.25     11291.71   8343.25     12931   
28124820.00    743        1281       2024       2257      10719      12976      12976       1.15       0.24     11254.19   8380.77     12976   
28281069.00    740        1310       2050       2260      10690      12950      12950       1.15       0.25     11300.52   8334.43     12950   
28437318.00    752        1493       2245       2248      10507      12755      12755       1.14       0.27     11173.21   8461.74     12755   
28593567.00    804        1726       2530       2196      10274      12470      12470       1.15       0.29     10828.63   8806.32     12470   
28749816.00    768        1571       2339       2232      10429      12661      12661       1.17       0.27     10848.41   8786.54     12661   
28906065.00    749        1543       2292       2251      10457      12708      12708       1.16       0.26     10937.48   8697.47     12708   
29062314.00    735        1415       2150       2265      10585      12850      12850       1.16       0.25     11108.83   8526.13     12850   
29218563.00    776        1580       2356       2224      10420      12644      12644       1.16       0.27     10883.14   8751.81     12644   
29374812.00    767        1452       2219       2233      10548      12781      12781       1.17       0.26     10949.24   8685.71     12781   
29531061.00    721        1371       2092       2279      10629      12908      12908       1.17       0.24     10993.98   8640.97     12908   
29687310.00    730        1327       2057       2270      10673      12943      12943       1.17       0.24     11106.42   8528.53     12943   
29843559.00    720        1331       2051       2280      10669      12949      12949       1.17       0.24     11103.47   8531.49     12949   
29999808.00    705        1411       2116       2295      10589      12884      12884       1.16       0.25     11070.98   8563.97     12884   
30156057.00    709        1396       2105       2291      10604      12895      12895       1.17       0.24     11025.66   8609.30     12895   
30312306.00    695        1296       1991       2305      10704      13009      13009       1.17       0.24     11164.76   8470.20     13009   
30468555.00    652        1158       1810       2348      10842      13190      13190       1.16       0.22     11406.83   8228.12     13190   
30624804.00    707        1295       2002       2293      10705      12998      12998       1.16       0.24     11217.19   8417.76     12998   
30781053.00    685        1322       2007       2315      10678      12993      12993       1.15       0.24     11265.29   8369.66     12993   
30937302.00    752        1458       2210       2248      10542      12790      12790       1.15       0.26     11123.93   8511.02     12790   
31093551.00    770        1486       2256       2230      10514      12744      12744       1.14       0.27     11131.87   8503.08     12744   
31249800.00    764        1468       2232       2236      10532      12768      12768       1.15       0.26     11108.15   8526.81     12768   
31406049.00    786        1586       2372       2214      10414      12628      12628       1.15       0.27     10947.46   8687.50     12628   
31562298.00    813        1631       2444       2187      10369      12556      12556       1.15       0.28     10884.28   8750.68     12556   
31718547.00    768        1358       2126       2232      10642      12874      12874       1.15       0.25     11150.15   8484.80     12874   
31874796.00    752        1263       2015       2248      10737      12985      12985       1.15       0.24     11259.48   8375.48     12985   
32031045.00    754        1216       1970       2246      10784      13030      13030       1.16       0.24     11257.25   8377.71     13030   
32187294.00    748        1280       2028       2252      10720      12972      12972       1.16       0.24     11181.78   8453.18     12972   
32343543.00    776        1372       2148       2224      10628      12852      12852       1.16       0.25     11118.21   8516.75     12852   
32499792.00    773        1381       2154       2227      10619      12846      12846       1.15       0.25     11168.79   8466.17     12846   
32656041.00    766        1452       2218       2234      10548      12782      12782       1.16       0.26     11049.13   8585.82     12782   
32812290.00    732        1311       2043       2268      10689      12957      12957       1.15       0.24     11238.95   8396.00     12957   
32968539.00    732        1292       2024       2268      10708      12976      12976       1.15       0.24     11276.89   8358.07     12976   
33124788.00    708        1270       1978       2292      10730      13022      13022       1.15       0.24     11313.73   8321.22     13022   
33281037.00    762        1442       2204       2238      10558      12796      12796       1.15       0.26     11166.14   8468.81     12796   
33437286.00    748        1449       2197       2252      10551      12803      12803       1.15       0.26     11101.32   8533.63     12803   
33593535.00    740        1353       2093       2260      10647      12907      12907       1.15       0.25     11195.52   8439.44     12907   
33749784.00    720        1295       2015       2280      10705      12985      12985       1.15       0.24     11296.05   8338.91     12985   
33906033.00    746        1355       2101       2254      10645      12899      12899       1.15       0.25     11202.30   8432.65     12899   
34062282.00    767        1408       2175       2233      10592      12825      12825       1.15       0.26     11111.39   8523.56     12825   
34218531.00    811        1489       2300       2189      10511      12700      12700       1.16       0.27     10985.26   8649.69     12700   
34374780.00    799        1468       2267       2201      10532      12733      12733       1.16       0.26     10991.58   8643.38     12733   
34531029.00    798        1474       2272       2202      10526      12728      12728       1.17       0.26     10896.78   8738.18     12728   
34687278.00    800        1464       2264       2200      10536      12736      12736       1.17       0.26     10890.94   8744.02     12736   
34843527.00    761        1256       2017       2239      10744      12983      12983       1.17       0.24     11118.94   8516.01     12983   
34999776.00    769        1260       2029       2231      10740      12971      12971       1.17       0.24     11121.70   8513.26     12971   
35156025.00    773        1262       2035       2227      10738      12965      12965       1.16       0.24     11201.03   8433.92     12965   
35312274.00    759        1354       2113       2241      10646      12887      12887       1.16       0.25     11099.62   8535.33     12887   
35468523.00    759        1430       2189       2241      10570      12811      12811       1.16       0.25     11043.67   8591.29     12811   
35624772.00    799        1529       2328       2201      10471      12672      12672       1.17       0.26     10834.51   8800.44     12672   
35781021.00    735        1384       2119       2265      10616      12881      12881       1.17       0.25     10989.40   8645.55     12881   
35937270.00    712        1250       1962       2288      10750      13038      13038       1.17       0.23     11157.59   8477.37     13038   
36093519.00    734        1291       2025       2266      10709      12975      12975       1.17       0.24     11134.86   8500.09     12975   
36249768.00    758        1331       2089       2242      10669      12911      12911       1.17       0.24     11038.63   8596.32     12911   
36406017.00    770        1390       2160       2230      10610      12840      12840       1.17       0.25     10987.35   8647.61     12840   
36562266.00    800        1441       2241       2200      10559      12759      12759       1.16       0.26     10982.40   8652.56     12759   
36718515.00    768        1368       2136       2232      10632      12864      12864       1.16       0.25     11077.84   8557.12     12864   
36874764.00    772        1335       2107       2228      10665      12893      12893       1.16       0.25     11114.48   8520.48     12893   
37031013.00    790        1401       2191       2210      10599      12809      12809       1.16       0.25     11020.23   8614.73     12809   
37187262.00    742        1330       2072       2258      10670      12928      12928       1.17       0.24     11061.98   8572.98     12928   
37343511.00    751        1282       2033       2249      10718      12967      12967       1.17       0.24     11118.55   8516.41     12967   
37499760.00    703        1237       1940       2297      10763      13060      13060       1.16       0.23     11233.74   8401.22     13060   
37656009.00    715        1310       2025       2285      10690      12975      12975       1.16       0.24     11139.02   8495.94     12975   
37812258.00    751        1330       2081       2249      10670      12919      12919       1.16       0.24     11106.71   8528.24     12919   
37968507.00    773        1354       2127       2227      10646      12873      12873       1.17       0.25     11049.76   8585.20     12873   
38124756.00    740        1211       1951       2260      10789      13049      13049       1.16       0.23     11214.85   8420.11     13049   
38281005.00    755        1210       1965       2245      10790      13035      13035       1.17       0.23     11181.75   8453.20     13035   
38437254.00    746        1298       2044       2254      10702      12956      12956       1.16       0.24     11174.23   8460.73     12956   
38593503.00    794        1421       2215       2206      10579      12785      12785       1.17       0.26     10963.83   8671.13     12785   
38749752.00    845        1566       2411       2155      10434      12589      12589       1.17       0.27     10715.26   8919.70     12589   
38906001.00    782        1388       2170       2218      10612      12830      12830       1.18       0.25     10911.28   8723.67     12830   
39062250.00    742        1198       1940       2258      10802      13060      13060       1.17       0.23     11164.97   8469.99     13060   
39218499.00    729        1238       1967       2271      10762      13033      13033       1.16       0.23     11191.76   8443.20     13033   
39374748.00    699        1198       1897       2301      10802      13103      13103       1.16       0.23     11287.40   8347.55     13103   
39530997.00    723        1279       2002       2277      10721      12998      12998       1.16       0.24     11202.41   8432.55     12998   
39687246.00    744        1311       2055       2256      10689      12945      12945       1.16       0.24     11170.02   8464.94     12945   
39843495.00    711        1197       1908       2289      10803      13092      13092       1.16       0.23     11266.80   8368.16     13092   
39999744.00    707        1289       1996       2293      10711      13004      13004       1.17       0.24     11157.24   8477.72     13004   
40155993.00    707        1269       1976       2293      10731      13024      13024       1.16       0.23     11195.13   8439.83     13024   
40312242.00    766        1405       2171       2234      10595      12829      12829       1.16       0.25     11070.08   8564.88     12829   
40468491.00    772        1540       2312       2228      10460      12688      12688       1.15       0.27     10985.37   8649.58     12688   
40624740.00    792        1602       2394       2208      10398      12606      12606       1.16       0.27     10874.20   8760.75     12606   
40780989.00    757        1516       2273       2243      10484      12727      12727       1.16       0.26     10936.76   8698.19     12727   
40937238.00    704        1243       1947       2296      10757      13053      13053       1.16       0.23     11221.22   8413.73     13053   
41093487.00    677        1163       1840       2323      10837      13160      13160       1.16       0.22     11373.08   8261.88     13160   
41249736.00    719        1302       2021       2281      10698      12979      12979       1.16       0.24     11154.62   8480.33     12979   
41405985.00    734        1366       2100       2266      10634      12900      12900       1.16       0.25     11127.98   8506.98     12900   
41562234.00    771        1477       2248       2229      10523      12752      12752       1.16       0.26     10956.28   8678.68     12752   
41718483.00    756        1419       2175       2244      10581      12825      12825       1.17       0.25     10995.08   8639.88     12825   
41874732.00    735        1385       2120       2265      10615      12880      12880       1.16       0.25     11063.58   8571.38     12880   
42030981.00    739        1355       2094       2261      10645      12906      12906       1.17       0.24     11046.06   8588.90     12906   
42187230.00    764        1262       2026       2236      10738      12974      12974       1.17       0.24     11095.89   8539.06     12974   
42343479.00    724        1190       1914       2276      10810      13086      13086       1.17       0.23     11200.61   8434.35     13086   
42499728.00    705        1131       1836       2295      10869      13164      13164       1.16       0.22     11340.46   8294.49     13164   
42655977.00    732        1309       2041       2268      10691      12959      12959       1.16       0.24     11146.61   8488.35     12959   
42812226.00    748        1305       2053       2252      10695      12947      12947       1.16       0.24     11139.58   8495.38     12947   
42968475.00    738        1267       2005       2262      10733      12995      12995       1.16       0.24     11250.98   8383.97     12995   
43124724.00    711        1151       1862       2289      10849      13138      13138       1.15       0.23     11380.61   8254.34     13138   
43280973.00    696        1186       1882       2304      10814      13118      13118       1.15       0.23     11442.56   8192.39     13118   
43437222.00    757        1266       2023       2243      10734      12977      12977       1.15       0.24     11271.32   8363.64     12977   
43593471.00    732        1234       1966       2268      10766      13034      13034       1.16       0.23     11264.10   8370.86     13034   
43749720.00    734        1261       1995       2266      10739      13005      13005       1.16       0.24     11233.31   8401.65     13005   
43905969.00    752        1324       2076       2248      10676      12924      12924       1.16       0.24     11116.61   8518.34     12924   
44062218.00    777        1377       2154       2223      10623      12846      12846       1.17       0.25     11002.25   8632.70     12846   
44218467.00    737        1294       2031       2263      10706      12969      12969       1.16       0.24     11134.64   8500.32     12969   
44374716.00    747        1245       1992       2253      10755      13008      13008       1.16       0.24     11171.83   8463.13     13008   
44530965.00    757        1364       2121       2243      10636      12879      12879       1.16       0.25     11090.17   8544.78     12879   
44687214.00    772        1427       2199       2228      10573      12801      12801       1.16       0.26     11015.64   8619.31     12801   
44843463.00    801        1529       2330       2199      10471      12670      12670       1.18       0.26     10780.26   8854.69     12670   
44999712.00    780        1530       2310       2220      10470      12690      12690       1.18       0.26     10750.42   8884.54     12690   
45155961.00    740        1436       2176       2260      10564      12824      12824       1.17       0.25     10931.13   8703.82     12824   
45312210.00    707        1238       1945       2293      10762      13055      13055       1.17       0.23     11175.14   8459.81     13055   
45468459.00    752        1335       2087       2248      10665      12913      12913       1.17       0.24     11030.19   8604.77     12913   
45624708.00    715        1200       1915       2285      10800      13085      13085       1.17       0.23     11157.65   8477.31     13085   
45780957.00    699        1164       1863       2301      10836      13137      13137       1.17       0.22     11234.56   8400.40     13137   
45937206.00    685        1164       1849       2315      10836      13151      13151       1.17       0.22     11279.07   8355.88     13151   
46093455.00    738        1246       1984       2262      10754      13016      13016       1.17       0.23     11171.62   8463.34     13016   
46249704.00    696        1176       1872       2304      10824      13128      13128       1.16       0.22     11282.24   8352.71     13128   
46405953.00    728        1306       2034       2272      10694      12966      12966       1.17       0.24     11104.52   8530.43     12966   
46562202.00    762        1341       2103       2238      10659      12897      12897       1.17       0.24     11008.87   8626.08     12897   
46718451.00    709        1301       2010       2291      10699      12990      12990       1.17       0.24     11098.64   8536.32     12990   
46874700.00    720        1229       1949       2280      10771      13051      13051       1.17       0.23     11178.44   8456.51     13051   
47030949.00    713        1223       1936       2287      10777      13064      13064       1.15       0.23     11315.56   8319.39     13064   
47187198.00    748        1341       2089       2252      10659      12911      12911       1.15       0.25     11205.53   8429.42     12911   
47343447.00    708        1312       2020       2292      10688      12980      12980       1.16       0.24     11189.57   8445.39     12980   
47499696.00    688        1269       1957       2312      10731      13043      13043       1.15       0.24     11312.75   8322.20     13043   
47655945.00    716        1313       2029       2284      10687      12971      12971       1.15       0.24     11264.22   8370.74     12971   
47812194.00    701        1261       1962       2299      10739      13038      13038       1.16       0.23     11274.72   8360.23     13038   
47968443.00    741        1350       2091       2259      10650      12909      12909       1.15       0.25     11179.48   8455.47     12909   
48124692.00    721        1337       2058       2279      10663      12942      12942       1.15       0.25     11242.69   8392.27     12942   
48280941.00    706        1340       2046       2294      10660      12954      12954       1.15       0.24     11229.48   8405.48     12954   
48437190.00    688        1360       2048       2312      10640      12952      12952       1.15       0.25     11291.20   8343.75     12952   
48593439.00    720        1405       2125       2280      10595      12875      12875       1.14       0.25     11292.21   8342.74     12875   
48749688.00    722        1432       2154       2278      10568      12846      12846       1.15       0.25     11170.63   8464.32     12846   
48905937.00    696        1316       2012       2304      10684      12988      12988       1.16       0.24     11240.00   8394.95     12988   
49062186.00    680        1243       1923       2320      10757      13077      13077       1.15       0.23     11325.54   8309.42     13077   
49218435.00    711        1260       1971       2289      10740      13029      13029       1.15       0.24     11344.31   8290.65     13029   
49374684.00    719        1317       2036       2281      10683      12964      12964       1.15       0.24     11318.44   8316.51     12964   
49530933.00    758        1514       2272       2242      10486      12728      12728       1.15       0.26     11053.90   8581.05     12728   
49687182.00    795        1532       2327       2205      10468      12673      12673       1.15       0.27     10998.77   8636.18     12673   
49843431.00    819        1545       2364       2181      10455      12636      12636       1.15       0.27     11028.99   8605.96     12636   
49999680.00    751        1315       2066       2249      10685      12934      12934       1.14       0.25     11339.18   8295.77     12934   
50155929.00    745        1260       2005       2255      10740      12995      12995       1.13       0.25     11454.59   8180.36     12995   
50312178.00    774        1423       2197       2226      10577      12803      12803       1.13       0.26     11325.70   8309.26     12803   
50468427.00    846        1670       2516       2154      10330      12484      12484       1.14       0.29     10959.53   8675.42     12484   
50624676.00    763        1456       2219       2237      10544      12781      12781       1.14       0.26     11220.29   8414.66     12781   
50780925.00    817        1646       2463       2183      10354      12537      12537       1.14       0.29     11032.92   8602.03     12537   
50937174.00    858        1738       2596       2142      10262      12404      12404       1.14       0.30     10842.94   8792.01     12404   
51093423.00    873        1699       2572       2127      10301      12428      12428       1.14       0.29     10871.15   8763.80     12428   
51249672.00    868        1805       2673       2132      10195      12327      12327       1.15       0.30     10688.95   8946.01     12327   
51405921.00    837        1605       2442       2163      10395      12558      12558       1.16       0.28     10796.39   8838.56     12558   
51562170.00    788        1443       2231       2212      10557      12769      12769       1.16       0.26     11029.56   8605.39     12769   
51718419.00    786        1342       2128       2214      10658      12872      12872       1.14       0.25     11257.96   8376.99     12872   
51874668.00    806        1600       2406       2194      10400      12594      12594       1.15       0.28     10987.61   8647.34     12594   
52030917.00    790        1537       2327       2210      10463      12673      12673       1.15       0.27     11040.08   8594.87     12673   
52187166.00    771        1518       2289       2229      10482      12711      12711       1.15       0.27     11039.55   8595.41     12711   
52343415.00    731        1435       2166       2269      10565      12834      12834       1.15       0.26     11157.87   8477.09     12834   
52499664.00    750        1410       2160       2250      10590      12840      12840       1.15       0.25     11146.89   8488.07     12840   
52655913.00    770        1406       2176       2230      10594      12824      12824       1.14       0.26     11212.34   8422.62     12824   
52812162.00    783        1507       2290       2217      10493      12710      12710       1.15       0.27     11073.46   8561.49     12710   
52968411.00    781        1468       2249       2219      10532      12751      12751       1.15       0.26     11128.27   8506.69     12751   
53124660.00    793        1425       2218       2207      10575      12782      12782       1.15       0.26     11118.67   8516.28     12782   
53280909.00    758        1254       2012       2242      10746      12988      12988       1.14       0.24     11391.47   8243.48     12988   
53437158.00    837        1550       2387       2163      10450      12613      12613       1.15       0.28     10967.55   8667.41     12613   
53593407.00    811        1514       2325       2189      10486      12675      12675       1.15       0.27     11026.35   8608.61     12675   
53749656.00    787        1390       2177       2213      10610      12823      12823       1.14       0.26     11235.38   8399.58     12823   
53905905.00    803        1346       2149       2197      10654      12851      12851       1.14       0.26     11282.22   8352.74     12851   
54062154.00    817        1487       2304       2183      10513      12696      12696       1.14       0.27     11109.06   8525.90     12696   
54218403.00    775        1479       2254       2225      10521      12746      12746       1.14       0.27     11136.07   8498.89     12746   
54374652.00    809        1494       2303       2191      10506      12697      12697       1.14       0.27     11141.89   8493.06     12697   
54530901.00    753        1356       2109       2247      10644      12891      12891       1.14       0.25     11308.93   8326.03     12891   
54687150.00    764        1320       2084       2236      10680      12916      12916       1.14       0.25     11353.26   8281.69     12916   
54843399.00    797        1505       2302       2203      10495      12698      12698       1.14       0.27     11168.90   8466.05     12698   
54999648.00    805        1640       2445       2195      10360      12555      12555       1.14       0.28     11007.82   8627.13     12555   
55155897.00    781        1547       2328       2219      10453      12672      12672       1.14       0.27     11152.97   8481.98     12672   
55312146.00    831        1710       2541       2169      10290      12459      12459       1.14       0.29     10977.00   8657.95     12459   
55468395.00    854        1751       2605       2146      10249      12395      12395       1.15       0.30     10819.62   8815.33     12395   
55624644.00    812        1553       2365       2188      10447      12635      12635       1.15       0.27     10963.18   8671.77     12635   
55780893.00    809        1490       2299       2191      10510      12701      12701       1.15       0.27     11045.28   8589.68     12701   
55937142.00    798        1587       2385       2202      10413      12615      12615       1.15       0.27     10959.06   8675.90     12615   
56093391.00    795        1574       2369       2205      10426      12631      12631       1.15       0.28     11024.44   8610.52     12631   
56249640.00    835        1629       2464       2165      10371      12536      12536       1.15       0.28     10913.62   8721.34     12536   
56405889.00    828        1485       2313       2172      10515      12687      12687       1.16       0.27     10930.18   8704.78     12687   
56562138.00    777        1467       2244       2223      10533      12756      12756       1.16       0.26     11003.63   8631.32     12756   
56718387.00    780        1510       2290       2220      10490      12710      12710       1.16       0.26     10980.46   8654.49     12710   
56874636.00    758        1421       2179       2242      10579      12821      12821       1.16       0.25     11060.47   8574.49     12821   
57030885.00    786        1513       2299       2214      10487      12701      12701       1.15       0.27     11058.45   8576.50     12701   
57187134.00    865        1847       2712       2135      10153      12288      12288       1.15       0.30     10663.70   8971.26     12288   
57343383.00    820        1654       2474       2180      10346      12526      12526       1.15       0.28     10892.67   8742.28     12526   
57499632.00    816        1605       2421       2184      10395      12579      12579       1.15       0.28     10948.47   8686.48     12579   
57655881.00    821        1587       2408       2179      10413      12592      12592       1.16       0.27     10867.23   8767.73     12592   
57812130.00    818        1537       2355       2182      10463      12645      12645       1.16       0.27     10879.65   8755.31     12645   
57968379.00    794        1431       2225       2206      10569      12775      12775       1.17       0.26     10916.93   8718.03     12775   
58124628.00    762        1285       2047       2238      10715      12953      12953       1.17       0.24     11081.89   8553.07     12953   
58280877.00    726        1312       2038       2274      10688      12962      12962       1.16       0.24     11159.56   8475.39     12962   
58437126.00    696        1270       1966       2304      10730      13034      13034       1.15       0.24     11293.33   8341.62     13034   
58593375.00    773        1459       2232       2227      10541      12768      12768       1.16       0.26     11031.62   8603.33     12768   
58749624.00    764        1485       2249       2236      10515      12751      12751       1.16       0.26     11016.31   8618.64     12751   
58905873.00    767        1523       2290       2233      10477      12710      12710       1.17       0.26     10896.35   8738.60     12710   
59062122.00    771        1413       2184       2229      10587      12816      12816       1.17       0.25     10981.71   8653.25     12816   
59218371.00    786        1521       2307       2214      10479      12693      12693       1.17       0.26     10868.95   8766.00     12693   
59374620.00    766        1487       2253       2234      10513      12747      12747       1.16       0.26     10965.21   8669.74     12747   
59530869.00    787        1602       2389       2213      10398      12611      12611       1.16       0.27     10905.43   8729.53     12611   
59687118.00    785        1538       2323       2215      10462      12677      12677       1.16       0.27     10974.12   8660.84     12677   
59843367.00    777        1367       2144       2223      10633      12856      12856       1.16       0.25     11083.77   8551.19     12856   
59999616.00    776        1401       2177       2224      10599      12823      12823       1.15       0.26     11110.03   8524.93     12823   
60155865.00    797        1482       2279       2203      10518      12721      12721       1.17       0.26     10910.28   8724.68     12721   
60312114.00    795        1432       2227       2205      10568      12773      12773       1.17       0.26     10953.10   8681.85     12773   
60468363.00    774        1397       2171       2226      10603      12829      12829       1.17       0.25     10994.18   8640.78     12829   
60624612.00    738        1266       2004       2262      10734      12996      12996       1.16       0.24     11203.86   8431.09     12996   
60780861.00    785        1346       2131       2215      10654      12869      12869       1.16       0.25     11080.40   8554.56     12869   
60937110.00    775        1360       2135       2225      10640      12865      12865       1.15       0.25     11198.36   8436.59     12865   
61093359.00    789        1437       2226       2211      10563      12774      12774       1.15       0.26     11064.82   8570.14     12774   
61249608.00    773        1390       2163       2227      10610      12837      12837       1.15       0.26     11193.05   8441.90     12837   
61405857.00    805        1515       2320       2195      10485      12680      12680       1.14       0.27     11075.88   8559.07     12680   
61562106.00    823        1591       2414       2177      10409      12586      12586       1.15       0.28     10942.16   8692.80     12586   
61718355.00    852        1696       2548       2148      10304      12452      12452       1.15       0.29     10802.93   8832.02     12452   
61874604.00    841        1756       2597       2159      10244      12403      12403       1.15       0.29     10770.67   8864.29     12403   
62030853.00    847        1759       2606       2153      10241      12394      12394       1.16       0.29     10721.86   8913.09     12394   
62187102.00    827        1623       2450       2173      10377      12550      12550       1.16       0.28     10833.61   8801.34     12550   
62343351.00    802        1509       2311       2198      10491      12689      12689       1.17       0.26     10849.02   8785.94     12689   
62499600.00    728        1290       2018       2272      10710      12982      12982       1.17       0.24     11120.87   8514.09     12982   
