 Timestep    Gas_A      Gas_B     Gas_tot    Dense_A    Dense_B   Dense_tot   Lg_clust  DP_density GP_density Clust_area  Gas_area     MCS    
   0.00       3000      12000      15000        0          0          0          10        0.00       0.76       0.00     19634.96      0     
 20833.00     3000      12000      15000        0          0          0          69        0.00       0.76       0.00     19634.96      0     
 41666.00     3000      12000      15000        0          0          0          71        0.00       0.76       0.00     19634.96      0     
 62499.00     3000      12000      15000        0          0          0          74        0.00       0.76       0.00     19634.96      0     
 83332.00     3000      12000      15000        0          0          0          85        0.00       0.76       0.00     19634.96      0     
104165.00     3000      12000      15000        0          0          0         100        0.00       0.76       0.00     19634.96      0     
124998.00     3000      12000      15000        0          0          0         167        0.00       0.76       0.00     19634.96      0     
145831.00     3000      12000      15000        0          0          0         147        0.00       0.76       0.00     19634.96      0     
166664.00     3000      12000      15000        0          0          0         121        0.00       0.76       0.00     19634.96      0     
187497.00     3000      12000      15000        0          0          0         134        0.00       0.76       0.00     19634.96      0     
208330.00     3000      12000      15000        0          0          0         107        0.00       0.76       0.00     19634.96      0     
229163.00     3000      12000      15000        0          0          0         144        0.00       0.76       0.00     19634.96      0     
249996.00     3000      12000      15000        0          0          0         150        0.00       0.76       0.00     19634.96      0     
270829.00     3000      12000      15000        0          0          0         126        0.00       0.76       0.00     19634.96      0     
291662.00     3000      12000      15000        0          0          0         173        0.00       0.76       0.00     19634.96      0     
312495.00     3000      12000      15000        0          0          0         119        0.00       0.76       0.00     19634.96      0     
333328.00     3000      12000      15000        0          0          0         117        0.00       0.76       0.00     19634.96      0     
354161.00     3000      12000      15000        0          0          0         196        0.00       0.76       0.00     19634.96      0     
374994.00     3000      12000      15000        0          0          0         190        0.00       0.76       0.00     19634.96      0     
395827.00     3000      12000      15000        0          0          0         220        0.00       0.76       0.00     19634.96      0     
416660.00     3000      12000      15000        0          0          0         192        0.00       0.76       0.00     19634.96      0     
437493.00     3000      12000      15000        0          0          0         161        0.00       0.76       0.00     19634.96      0     
458326.00     3000      12000      15000        0          0          0         186        0.00       0.76       0.00     19634.96      0     
479159.00     3000      12000      15000        0          0          0         151        0.00       0.76       0.00     19634.96      0     
499992.00     3000      12000      15000        0          0          0         110        0.00       0.76       0.00     19634.96      0     
520825.00     3000      12000      15000        0          0          0         287        0.00       0.76       0.00     19634.96      0     
541658.00     3000      12000      15000        0          0          0         241        0.00       0.76       0.00     19634.96      0     
562491.00     3000      12000      15000        0          0          0         187        0.00       0.76       0.00     19634.96      0     
583324.00     3000      12000      15000        0          0          0         150        0.00       0.76       0.00     19634.96      0     
604157.00     3000      12000      15000        0          0          0         119        0.00       0.76       0.00     19634.96      0     
624990.00     3000      12000      15000        0          0          0         145        0.00       0.76       0.00     19634.96      0     
645823.00     3000      12000      15000        0          0          0         287        0.00       0.76       0.00     19634.96      0     
666656.00     3000      12000      15000        0          0          0         120        0.00       0.76       0.00     19634.96      0     
687489.00     3000      12000      15000        0          0          0         137        0.00       0.76       0.00     19634.96      0     
708322.00     3000      12000      15000        0          0          0         149        0.00       0.76       0.00     19634.96      0     
729155.00     3000      12000      15000        0          0          0         250        0.00       0.76       0.00     19634.96      0     
749988.00     3000      12000      15000        0          0          0         278        0.00       0.76       0.00     19634.96      0     
770821.00     3000      12000      15000        0          0          0         369        0.00       0.76       0.00     19634.96      0     
791654.00     3000      12000      15000        0          0          0         392        0.00       0.76       0.00     19634.96      0     
812487.00     3000      12000      15000        0          0          0         189        0.00       0.76       0.00     19634.96      0     
833320.00     3000      12000      15000        0          0          0         163        0.00       0.76       0.00     19634.96      0     
854153.00     3000      12000      15000        0          0          0         227        0.00       0.76       0.00     19634.96      0     
874986.00     3000      12000      15000        0          0          0         275        0.00       0.76       0.00     19634.96      0     
895819.00     3000      12000      15000        0          0          0         308        0.00       0.76       0.00     19634.96      0     
916652.00     3000      12000      15000        0          0          0         337        0.00       0.76       0.00     19634.96      0     
937485.00     3000      12000      15000        0          0          0         518        0.00       0.76       0.00     19634.96      0     
958318.00     3000      12000      15000        0          0          0         168        0.00       0.76       0.00     19634.96      0     
979151.00     3000      12000      15000        0          0          0         286        0.00       0.76       0.00     19634.96      0     
999984.00     3000      12000      15000        0          0          0         346        0.00       0.76       0.00     19634.96      0     
1020817.00    3000      12000      15000        0          0          0         223        0.00       0.76       0.00     19634.96      0     
1041650.00    3000      12000      15000        0          0          0         237        0.00       0.76       0.00     19634.96      0     
1062483.00    3000      12000      15000        0          0          0         162        0.00       0.76       0.00     19634.96      0     
1083316.00    3000      12000      15000        0          0          0         224        0.00       0.76       0.00     19634.96      0     
1104149.00    3000      12000      15000        0          0          0         153        0.00       0.76       0.00     19634.96      0     
1124982.00    3000      12000      15000        0          0          0         192        0.00       0.76       0.00     19634.96      0     
1145815.00    3000      12000      15000        0          0          0         292        0.00       0.76       0.00     19634.96      0     
1166648.00    3000      12000      15000        0          0          0         180        0.00       0.76       0.00     19634.96      0     
1187481.00    3000      12000      15000        0          0          0         254        0.00       0.76       0.00     19634.96      0     
1208314.00    3000      12000      15000        0          0          0         261        0.00       0.76       0.00     19634.96      0     
1229147.00    3000      12000      15000        0          0          0         218        0.00       0.76       0.00     19634.96      0     
1249980.00    3000      12000      15000        0          0          0         193        0.00       0.76       0.00     19634.96      0     
1270813.00    3000      12000      15000        0          0          0         117        0.00       0.76       0.00     19634.96      0     
1291646.00    3000      12000      15000        0          0          0         111        0.00       0.76       0.00     19634.96      0     
1312479.00    3000      12000      15000        0          0          0         226        0.00       0.76       0.00     19634.96      0     
1333312.00    3000      12000      15000        0          0          0         133        0.00       0.76       0.00     19634.96      0     
1354145.00    3000      12000      15000        0          0          0         209        0.00       0.76       0.00     19634.96      0     
1374978.00    3000      12000      15000        0          0          0         153        0.00       0.76       0.00     19634.96      0     
1395811.00    3000      12000      15000        0          0          0         120        0.00       0.76       0.00     19634.96      0     
1416644.00    3000      12000      15000        0          0          0         149        0.00       0.76       0.00     19634.96      0     
1437477.00    3000      12000      15000        0          0          0         169        0.00       0.76       0.00     19634.96      0     
1458310.00    3000      12000      15000        0          0          0         271        0.00       0.76       0.00     19634.96      0     
1479143.00    3000      12000      15000        0          0          0         135        0.00       0.76       0.00     19634.96      0     
1499976.00    3000      12000      15000        0          0          0         125        0.00       0.76       0.00     19634.96      0     
1520809.00    3000      12000      15000        0          0          0         112        0.00       0.76       0.00     19634.96      0     
1541642.00    3000      12000      15000        0          0          0         239        0.00       0.76       0.00     19634.96      0     
1562475.00    3000      12000      15000        0          0          0         181        0.00       0.76       0.00     19634.96      0     
1583308.00    3000      12000      15000        0          0          0         147        0.00       0.76       0.00     19634.96      0     
1604141.00    3000      12000      15000        0          0          0         139        0.00       0.76       0.00     19634.96      0     
1624974.00    3000      12000      15000        0          0          0         163        0.00       0.76       0.00     19634.96      0     
1645807.00    3000      12000      15000        0          0          0         138        0.00       0.76       0.00     19634.96      0     
1666640.00    3000      12000      15000        0          0          0         168        0.00       0.76       0.00     19634.96      0     
1687473.00    3000      12000      15000        0          0          0         161        0.00       0.76       0.00     19634.96      0     
1708306.00    3000      12000      15000        0          0          0         181        0.00       0.76       0.00     19634.96      0     
1729139.00    3000      12000      15000        0          0          0         128        0.00       0.76       0.00     19634.96      0     
1749972.00    3000      12000      15000        0          0          0         183        0.00       0.76       0.00     19634.96      0     
1770805.00    3000      12000      15000        0          0          0         213        0.00       0.76       0.00     19634.96      0     
1791638.00    3000      12000      15000        0          0          0         249        0.00       0.76       0.00     19634.96      0     
1812471.00    3000      12000      15000        0          0          0         173        0.00       0.76       0.00     19634.96      0     
1833304.00    3000      12000      15000        0          0          0         181        0.00       0.76       0.00     19634.96      0     
1854137.00    3000      12000      15000        0          0          0         279        0.00       0.76       0.00     19634.96      0     
1874970.00    3000      12000      15000        0          0          0         188        0.00       0.76       0.00     19634.96      0     
1895803.00    3000      12000      15000        0          0          0         180        0.00       0.76       0.00     19634.96      0     
1916636.00    3000      12000      15000        0          0          0         173        0.00       0.76       0.00     19634.96      0     
1937469.00    3000      12000      15000        0          0          0         234        0.00       0.76       0.00     19634.96      0     
1958302.00    3000      12000      15000        0          0          0         182        0.00       0.76       0.00     19634.96      0     
1979135.00    3000      12000      15000        0          0          0         107        0.00       0.76       0.00     19634.96      0     
1999968.00    3000      12000      15000        0          0          0         102        0.00       0.76       0.00     19634.96      0     
2020801.00    3000      12000      15000        0          0          0         147        0.00       0.76       0.00     19634.96      0     
2041634.00    3000      12000      15000        0          0          0         252        0.00       0.76       0.00     19634.96      0     
2062467.00    3000      12000      15000        0          0          0         149        0.00       0.76       0.00     19634.96      0     
2083300.00    3000      12000      15000        0          0          0         156        0.00       0.76       0.00     19634.96      0     
2104133.00    3000      12000      15000        0          0          0         173        0.00       0.76       0.00     19634.96      0     
2124966.00    3000      12000      15000        0          0          0         234        0.00       0.76       0.00     19634.96      0     
2145799.00    3000      12000      15000        0          0          0         224        0.00       0.76       0.00     19634.96      0     
2166632.00    3000      12000      15000        0          0          0         226        0.00       0.76       0.00     19634.96      0     
2187465.00    3000      12000      15000        0          0          0         157        0.00       0.76       0.00     19634.96      0     
2208298.00    3000      12000      15000        0          0          0         119        0.00       0.76       0.00     19634.96      0     
2229131.00    3000      12000      15000        0          0          0          97        0.00       0.76       0.00     19634.96      0     
2249964.00    3000      12000      15000        0          0          0         124        0.00       0.76       0.00     19634.96      0     
2270797.00    3000      12000      15000        0          0          0         148        0.00       0.76       0.00     19634.96      0     
2291630.00    3000      12000      15000        0          0          0         183        0.00       0.76       0.00     19634.96      0     
2312463.00    3000      12000      15000        0          0          0         141        0.00       0.76       0.00     19634.96      0     
2333296.00    3000      12000      15000        0          0          0         160        0.00       0.76       0.00     19634.96      0     
2354129.00    3000      12000      15000        0          0          0         140        0.00       0.76       0.00     19634.96      0     
2374962.00    3000      12000      15000        0          0          0         106        0.00       0.76       0.00     19634.96      0     
2395795.00    3000      12000      15000        0          0          0          92        0.00       0.76       0.00     19634.96      0     
2416628.00    3000      12000      15000        0          0          0         135        0.00       0.76       0.00     19634.96      0     
2437461.00    3000      12000      15000        0          0          0         198        0.00       0.76       0.00     19634.96      0     
2458294.00    3000      12000      15000        0          0          0         164        0.00       0.76       0.00     19634.96      0     
2479127.00    3000      12000      15000        0          0          0         162        0.00       0.76       0.00     19634.96      0     
2499960.00    3000      12000      15000        0          0          0         168        0.00       0.76       0.00     19634.96      0     
2520793.00    3000      12000      15000        0          0          0         230        0.00       0.76       0.00     19634.96      0     
2541626.00    3000      12000      15000        0          0          0         203        0.00       0.76       0.00     19634.96      0     
2562459.00    3000      12000      15000        0          0          0         143        0.00       0.76       0.00     19634.96      0     
2583292.00    3000      12000      15000        0          0          0         204        0.00       0.76       0.00     19634.96      0     
2604125.00    3000      12000      15000        0          0          0         352        0.00       0.76       0.00     19634.96      0     
2624958.00    3000      12000      15000        0          0          0         137        0.00       0.76       0.00     19634.96      0     
2645791.00    3000      12000      15000        0          0          0         339        0.00       0.76       0.00     19634.96      0     
2666624.00    3000      12000      15000        0          0          0         371        0.00       0.76       0.00     19634.96      0     
2687457.00    3000      12000      15000        0          0          0         297        0.00       0.76       0.00     19634.96      0     
2708290.00    3000      12000      15000        0          0          0         303        0.00       0.76       0.00     19634.96      0     
2729123.00    3000      12000      15000        0          0          0         210        0.00       0.76       0.00     19634.96      0     
2749956.00    3000      12000      15000        0          0          0         272        0.00       0.76       0.00     19634.96      0     
2770789.00    3000      12000      15000        0          0          0         266        0.00       0.76       0.00     19634.96      0     
2791622.00    3000      12000      15000        0          0          0         223        0.00       0.76       0.00     19634.96      0     
2812455.00    3000      12000      15000        0          0          0         147        0.00       0.76       0.00     19634.96      0     
2833288.00    3000      12000      15000        0          0          0         181        0.00       0.76       0.00     19634.96      0     
2854121.00    3000      12000      15000        0          0          0         163        0.00       0.76       0.00     19634.96      0     
2874954.00    3000      12000      15000        0          0          0         123        0.00       0.76       0.00     19634.96      0     
2895787.00    3000      12000      15000        0          0          0         183        0.00       0.76       0.00     19634.96      0     
2916620.00    3000      12000      15000        0          0          0          86        0.00       0.76       0.00     19634.96      0     
2937453.00    3000      12000      15000        0          0          0         178        0.00       0.76       0.00     19634.96      0     
2958286.00    3000      12000      15000        0          0          0         135        0.00       0.76       0.00     19634.96      0     
2979119.00    3000      12000      15000        0          0          0         113        0.00       0.76       0.00     19634.96      0     
2999952.00    3000      12000      15000        0          0          0         167        0.00       0.76       0.00     19634.96      0     
3020785.00    3000      12000      15000        0          0          0         280        0.00       0.76       0.00     19634.96      0     
3041618.00    3000      12000      15000        0          0          0         119        0.00       0.76       0.00     19634.96      0     
3062451.00    3000      12000      15000        0          0          0         137        0.00       0.76       0.00     19634.96      0     
3083284.00    3000      12000      15000        0          0          0         139        0.00       0.76       0.00     19634.96      0     
3104117.00    3000      12000      15000        0          0          0         170        0.00       0.76       0.00     19634.96      0     
3124950.00    3000      12000      15000        0          0          0         175        0.00       0.76       0.00     19634.96      0     
3145783.00    3000      12000      15000        0          0          0         124        0.00       0.76       0.00     19634.96      0     
3166616.00    3000      12000      15000        0          0          0         170        0.00       0.76       0.00     19634.96      0     
3187449.00    3000      12000      15000        0          0          0         123        0.00       0.76       0.00     19634.96      0     
3208282.00    3000      12000      15000        0          0          0         111        0.00       0.76       0.00     19634.96      0     
3229115.00    3000      12000      15000        0          0          0         153        0.00       0.76       0.00     19634.96      0     
3249948.00    3000      12000      15000        0          0          0         179        0.00       0.76       0.00     19634.96      0     
3270781.00    3000      12000      15000        0          0          0         219        0.00       0.76       0.00     19634.96      0     
3291614.00    3000      12000      15000        0          0          0         139        0.00       0.76       0.00     19634.96      0     
3312447.00    3000      12000      15000        0          0          0         186        0.00       0.76       0.00     19634.96      0     
3333280.00    3000      12000      15000        0          0          0         188        0.00       0.76       0.00     19634.96      0     
3354113.00    3000      12000      15000        0          0          0         127        0.00       0.76       0.00     19634.96      0     
3374946.00    3000      12000      15000        0          0          0         197        0.00       0.76       0.00     19634.96      0     
3395779.00    3000      12000      15000        0          0          0         215        0.00       0.76       0.00     19634.96      0     
3416612.00    3000      12000      15000        0          0          0         130        0.00       0.76       0.00     19634.96      0     
3437445.00    3000      12000      15000        0          0          0         120        0.00       0.76       0.00     19634.96      0     
3458278.00    3000      12000      15000        0          0          0         136        0.00       0.76       0.00     19634.96      0     
3479111.00    3000      12000      15000        0          0          0         135        0.00       0.76       0.00     19634.96      0     
3499944.00    3000      12000      15000        0          0          0         221        0.00       0.76       0.00     19634.96      0     
3520777.00    3000      12000      15000        0          0          0         189        0.00       0.76       0.00     19634.96      0     
3541610.00    3000      12000      15000        0          0          0         186        0.00       0.76       0.00     19634.96      0     
3562443.00    3000      12000      15000        0          0          0         157        0.00       0.76       0.00     19634.96      0     
3583276.00    3000      12000      15000        0          0          0         188        0.00       0.76       0.00     19634.96      0     
3604109.00    3000      12000      15000        0          0          0         209        0.00       0.76       0.00     19634.96      0     
3624942.00    3000      12000      15000        0          0          0         217        0.00       0.76       0.00     19634.96      0     
3645775.00    3000      12000      15000        0          0          0         308        0.00       0.76       0.00     19634.96      0     
3666608.00    3000      12000      15000        0          0          0         183        0.00       0.76       0.00     19634.96      0     
3687441.00    3000      12000      15000        0          0          0         246        0.00       0.76       0.00     19634.96      0     
3708274.00    3000      12000      15000        0          0          0         139        0.00       0.76       0.00     19634.96      0     
3729107.00    3000      12000      15000        0          0          0         133        0.00       0.76       0.00     19634.96      0     
3749940.00    3000      12000      15000        0          0          0         178        0.00       0.76       0.00     19634.96      0     
3770773.00    3000      12000      15000        0          0          0         211        0.00       0.76       0.00     19634.96      0     
3791606.00    3000      12000      15000        0          0          0         175        0.00       0.76       0.00     19634.96      0     
3812439.00    3000      12000      15000        0          0          0         169        0.00       0.76       0.00     19634.96      0     
3833272.00    3000      12000      15000        0          0          0         141        0.00       0.76       0.00     19634.96      0     
3854105.00    3000      12000      15000        0          0          0         143        0.00       0.76       0.00     19634.96      0     
3874938.00    3000      12000      15000        0          0          0         152        0.00       0.76       0.00     19634.96      0     
3895771.00    3000      12000      15000        0          0          0         127        0.00       0.76       0.00     19634.96      0     
3916604.00    3000      12000      15000        0          0          0         158        0.00       0.76       0.00     19634.96      0     
3937437.00    3000      12000      15000        0          0          0         164        0.00       0.76       0.00     19634.96      0     
3958270.00    3000      12000      15000        0          0          0         173        0.00       0.76       0.00     19634.96      0     
3979103.00    3000      12000      15000        0          0          0         270        0.00       0.76       0.00     19634.96      0     
3999936.00    3000      12000      15000        0          0          0         194        0.00       0.76       0.00     19634.96      0     
4020769.00    3000      12000      15000        0          0          0         149        0.00       0.76       0.00     19634.96      0     
4041602.00    3000      12000      15000        0          0          0         183        0.00       0.76       0.00     19634.96      0     
4062435.00    3000      12000      15000        0          0          0         157        0.00       0.76       0.00     19634.96      0     
4083268.00    3000      12000      15000        0          0          0         197        0.00       0.76       0.00     19634.96      0     
4104101.00    3000      12000      15000        0          0          0         196        0.00       0.76       0.00     19634.96      0     
4124934.00    3000      12000      15000        0          0          0         127        0.00       0.76       0.00     19634.96      0     
4145767.00    3000      12000      15000        0          0          0         128        0.00       0.76       0.00     19634.96      0     
4166600.00    3000      12000      15000        0          0          0         174        0.00       0.76       0.00     19634.96      0     
4187433.00    3000      12000      15000        0          0          0         110        0.00       0.76       0.00     19634.96      0     
4208266.00    3000      12000      15000        0          0          0         161        0.00       0.76       0.00     19634.96      0     
4229099.00    3000      12000      15000        0          0          0         211        0.00       0.76       0.00     19634.96      0     
4249932.00    3000      12000      15000        0          0          0         166        0.00       0.76       0.00     19634.96      0     
4270765.00    3000      12000      15000        0          0          0         209        0.00       0.76       0.00     19634.96      0     
4291598.00    3000      12000      15000        0          0          0         198        0.00       0.76       0.00     19634.96      0     
4312431.00    3000      12000      15000        0          0          0         131        0.00       0.76       0.00     19634.96      0     
4333264.00    3000      12000      15000        0          0          0         105        0.00       0.76       0.00     19634.96      0     
4354097.00    3000      12000      15000        0          0          0         163        0.00       0.76       0.00     19634.96      0     
4374930.00    3000      12000      15000        0          0          0         216        0.00       0.76       0.00     19634.96      0     
4395763.00    3000      12000      15000        0          0          0         164        0.00       0.76       0.00     19634.96      0     
4416596.00    3000      12000      15000        0          0          0          93        0.00       0.76       0.00     19634.96      0     
4437429.00    3000      12000      15000        0          0          0          99        0.00       0.76       0.00     19634.96      0     
4458262.00    3000      12000      15000        0          0          0         171        0.00       0.76       0.00     19634.96      0     
4479095.00    3000      12000      15000        0          0          0         180        0.00       0.76       0.00     19634.96      0     
4499928.00    3000      12000      15000        0          0          0         206        0.00       0.76       0.00     19634.96      0     
4520761.00    3000      12000      15000        0          0          0         150        0.00       0.76       0.00     19634.96      0     
4541594.00    3000      12000      15000        0          0          0         244        0.00       0.76       0.00     19634.96      0     
4562427.00    3000      12000      15000        0          0          0         237        0.00       0.76       0.00     19634.96      0     
4583260.00    3000      12000      15000        0          0          0         147        0.00       0.76       0.00     19634.96      0     
4604093.00    3000      12000      15000        0          0          0         118        0.00       0.76       0.00     19634.96      0     
4624926.00    3000      12000      15000        0          0          0         147        0.00       0.76       0.00     19634.96      0     
4645759.00    3000      12000      15000        0          0          0         208        0.00       0.76       0.00     19634.96      0     
4666592.00    3000      12000      15000        0          0          0         209        0.00       0.76       0.00     19634.96      0     
4687425.00    3000      12000      15000        0          0          0         163        0.00       0.76       0.00     19634.96      0     
4708258.00    3000      12000      15000        0          0          0         176        0.00       0.76       0.00     19634.96      0     
4729091.00    3000      12000      15000        0          0          0         267        0.00       0.76       0.00     19634.96      0     
4749924.00    3000      12000      15000        0          0          0         184        0.00       0.76       0.00     19634.96      0     
4770757.00    3000      12000      15000        0          0          0         151        0.00       0.76       0.00     19634.96      0     
4791590.00    3000      12000      15000        0          0          0         165        0.00       0.76       0.00     19634.96      0     
4812423.00    3000      12000      15000        0          0          0         281        0.00       0.76       0.00     19634.96      0     
4833256.00    3000      12000      15000        0          0          0         203        0.00       0.76       0.00     19634.96      0     
4854089.00    3000      12000      15000        0          0          0         162        0.00       0.76       0.00     19634.96      0     
4874922.00    3000      12000      15000        0          0          0         337        0.00       0.76       0.00     19634.96      0     
4895755.00    3000      12000      15000        0          0          0         192        0.00       0.76       0.00     19634.96      0     
4916588.00    3000      12000      15000        0          0          0         236        0.00       0.76       0.00     19634.96      0     
4937421.00    3000      12000      15000        0          0          0         158        0.00       0.76       0.00     19634.96      0     
4958254.00    3000      12000      15000        0          0          0         243        0.00       0.76       0.00     19634.96      0     
4979087.00    3000      12000      15000        0          0          0         284        0.00       0.76       0.00     19634.96      0     
4999920.00    3000      12000      15000        0          0          0         236        0.00       0.76       0.00     19634.96      0     
5020753.00    3000      12000      15000        0          0          0         141        0.00       0.76       0.00     19634.96      0     
5041586.00    3000      12000      15000        0          0          0          74        0.00       0.76       0.00     19634.96      0     
5062419.00    3000      12000      15000        0          0          0         104        0.00       0.76       0.00     19634.96      0     
5083252.00    3000      12000      15000        0          0          0         153        0.00       0.76       0.00     19634.96      0     
5104085.00    3000      12000      15000        0          0          0         121        0.00       0.76       0.00     19634.96      0     
5124918.00    3000      12000      15000        0          0          0         144        0.00       0.76       0.00     19634.96      0     
5145751.00    3000      12000      15000        0          0          0         153        0.00       0.76       0.00     19634.96      0     
5166584.00    3000      12000      15000        0          0          0         168        0.00       0.76       0.00     19634.96      0     
5187417.00    3000      12000      15000        0          0          0         154        0.00       0.76       0.00     19634.96      0     
5208250.00    3000      12000      15000        0          0          0         201        0.00       0.76       0.00     19634.96      0     
5229083.00    3000      12000      15000        0          0          0         164        0.00       0.76       0.00     19634.96      0     
5249916.00    3000      12000      15000        0          0          0         127        0.00       0.76       0.00     19634.96      0     
5270749.00    3000      12000      15000        0          0          0         147        0.00       0.76       0.00     19634.96      0     
5291582.00    3000      12000      15000        0          0          0         153        0.00       0.76       0.00     19634.96      0     
5312415.00    3000      12000      15000        0          0          0         233        0.00       0.76       0.00     19634.96      0     
5333248.00    3000      12000      15000        0          0          0         175        0.00       0.76       0.00     19634.96      0     
5354081.00    3000      12000      15000        0          0          0         118        0.00       0.76       0.00     19634.96      0     
5374914.00    3000      12000      15000        0          0          0         118        0.00       0.76       0.00     19634.96      0     
5395747.00    3000      12000      15000        0          0          0         174        0.00       0.76       0.00     19634.96      0     
5416580.00    3000      12000      15000        0          0          0         157        0.00       0.76       0.00     19634.96      0     
5437413.00    3000      12000      15000        0          0          0         147        0.00       0.76       0.00     19634.96      0     
5458246.00    3000      12000      15000        0          0          0         114        0.00       0.76       0.00     19634.96      0     
5479079.00    3000      12000      15000        0          0          0         210        0.00       0.76       0.00     19634.96      0     
5499912.00    3000      12000      15000        0          0          0         367        0.00       0.76       0.00     19634.96      0     
5520745.00    3000      12000      15000        0          0          0         139        0.00       0.76       0.00     19634.96      0     
5541578.00    3000      12000      15000        0          0          0         146        0.00       0.76       0.00     19634.96      0     
5562411.00    3000      12000      15000        0          0          0         107        0.00       0.76       0.00     19634.96      0     
5583244.00    3000      12000      15000        0          0          0         214        0.00       0.76       0.00     19634.96      0     
5604077.00    3000      12000      15000        0          0          0         186        0.00       0.76       0.00     19634.96      0     
5624910.00    3000      12000      15000        0          0          0         169        0.00       0.76       0.00     19634.96      0     
5645743.00    3000      12000      15000        0          0          0         156        0.00       0.76       0.00     19634.96      0     
5666576.00    3000      12000      15000        0          0          0         113        0.00       0.76       0.00     19634.96      0     
5687409.00    3000      12000      15000        0          0          0         179        0.00       0.76       0.00     19634.96      0     
5708242.00    3000      12000      15000        0          0          0         199        0.00       0.76       0.00     19634.96      0     
5729075.00    3000      12000      15000        0          0          0         211        0.00       0.76       0.00     19634.96      0     
5749908.00    3000      12000      15000        0          0          0         153        0.00       0.76       0.00     19634.96      0     
5770741.00    3000      12000      15000        0          0          0         217        0.00       0.76       0.00     19634.96      0     
5791574.00    3000      12000      15000        0          0          0         215        0.00       0.76       0.00     19634.96      0     
5812407.00    3000      12000      15000        0          0          0         314        0.00       0.76       0.00     19634.96      0     
5833240.00    3000      12000      15000        0          0          0         133        0.00       0.76       0.00     19634.96      0     
5854073.00    3000      12000      15000        0          0          0         220        0.00       0.76       0.00     19634.96      0     
5874906.00    3000      12000      15000        0          0          0         200        0.00       0.76       0.00     19634.96      0     
5895739.00    3000      12000      15000        0          0          0         166        0.00       0.76       0.00     19634.96      0     
5916572.00    3000      12000      15000        0          0          0         186        0.00       0.76       0.00     19634.96      0     
5937405.00    3000      12000      15000        0          0          0         223        0.00       0.76       0.00     19634.96      0     
5958238.00    3000      12000      15000        0          0          0         141        0.00       0.76       0.00     19634.96      0     
5979071.00    3000      12000      15000        0          0          0         151        0.00       0.76       0.00     19634.96      0     
5999904.00    3000      12000      15000        0          0          0         127        0.00       0.76       0.00     19634.96      0     
6020737.00    3000      12000      15000        0          0          0         117        0.00       0.76       0.00     19634.96      0     
6041570.00    3000      12000      15000        0          0          0         158        0.00       0.76       0.00     19634.96      0     
6062403.00    3000      12000      15000        0          0          0         142        0.00       0.76       0.00     19634.96      0     
6083236.00    3000      12000      15000        0          0          0          92        0.00       0.76       0.00     19634.96      0     
6104069.00    3000      12000      15000        0          0          0         151        0.00       0.76       0.00     19634.96      0     
6124902.00    3000      12000      15000        0          0          0         114        0.00       0.76       0.00     19634.96      0     
6145735.00    3000      12000      15000        0          0          0         144        0.00       0.76       0.00     19634.96      0     
6166568.00    3000      12000      15000        0          0          0         148        0.00       0.76       0.00     19634.96      0     
6187401.00    3000      12000      15000        0          0          0         147        0.00       0.76       0.00     19634.96      0     
6208234.00    3000      12000      15000        0          0          0         144        0.00       0.76       0.00     19634.96      0     
6229067.00    3000      12000      15000        0          0          0         187        0.00       0.76       0.00     19634.96      0     
6249900.00    3000      12000      15000        0          0          0         139        0.00       0.76       0.00     19634.96      0     
6270733.00    3000      12000      15000        0          0          0         137        0.00       0.76       0.00     19634.96      0     
6291566.00    3000      12000      15000        0          0          0         103        0.00       0.76       0.00     19634.96      0     
6312399.00    3000      12000      15000        0          0          0          92        0.00       0.76       0.00     19634.96      0     
6333232.00    3000      12000      15000        0          0          0         144        0.00       0.76       0.00     19634.96      0     
6354065.00    3000      12000      15000        0          0          0         172        0.00       0.76       0.00     19634.96      0     
6374898.00    3000      12000      15000        0          0          0         234        0.00       0.76       0.00     19634.96      0     
6395731.00    3000      12000      15000        0          0          0         198        0.00       0.76       0.00     19634.96      0     
6416564.00    3000      12000      15000        0          0          0         156        0.00       0.76       0.00     19634.96      0     
6437397.00    3000      12000      15000        0          0          0         127        0.00       0.76       0.00     19634.96      0     
6458230.00    3000      12000      15000        0          0          0         148        0.00       0.76       0.00     19634.96      0     
6479063.00    3000      12000      15000        0          0          0         125        0.00       0.76       0.00     19634.96      0     
6499896.00    3000      12000      15000        0          0          0         158        0.00       0.76       0.00     19634.96      0     
6520729.00    3000      12000      15000        0          0          0         194        0.00       0.76       0.00     19634.96      0     
6541562.00    3000      12000      15000        0          0          0         167        0.00       0.76       0.00     19634.96      0     
6562395.00    3000      12000      15000        0          0          0         188        0.00       0.76       0.00     19634.96      0     
6583228.00    3000      12000      15000        0          0          0         201        0.00       0.76       0.00     19634.96      0     
6604061.00    3000      12000      15000        0          0          0         200        0.00       0.76       0.00     19634.96      0     
6624894.00    3000      12000      15000        0          0          0         186        0.00       0.76       0.00     19634.96      0     
6645727.00    3000      12000      15000        0          0          0         219        0.00       0.76       0.00     19634.96      0     
6666560.00    3000      12000      15000        0          0          0         291        0.00       0.76       0.00     19634.96      0     
6687393.00    3000      12000      15000        0          0          0         221        0.00       0.76       0.00     19634.96      0     
6708226.00    3000      12000      15000        0          0          0         186        0.00       0.76       0.00     19634.96      0     
6729059.00    3000      12000      15000        0          0          0         184        0.00       0.76       0.00     19634.96      0     
6749892.00    3000      12000      15000        0          0          0         238        0.00       0.76       0.00     19634.96      0     
6770725.00    3000      12000      15000        0          0          0         236        0.00       0.76       0.00     19634.96      0     
6791558.00    3000      12000      15000        0          0          0         122        0.00       0.76       0.00     19634.96      0     
6812391.00    3000      12000      15000        0          0          0         229        0.00       0.76       0.00     19634.96      0     
6833224.00    3000      12000      15000        0          0          0         168        0.00       0.76       0.00     19634.96      0     
6854057.00    3000      12000      15000        0          0          0         251        0.00       0.76       0.00     19634.96      0     
6874890.00    3000      12000      15000        0          0          0         157        0.00       0.76       0.00     19634.96      0     
6895723.00    3000      12000      15000        0          0          0         150        0.00       0.76       0.00     19634.96      0     
6916556.00    3000      12000      15000        0          0          0         271        0.00       0.76       0.00     19634.96      0     
6937389.00    3000      12000      15000        0          0          0         194        0.00       0.76       0.00     19634.96      0     
6958222.00    3000      12000      15000        0          0          0         149        0.00       0.76       0.00     19634.96      0     
6979055.00    3000      12000      15000        0          0          0         177        0.00       0.76       0.00     19634.96      0     
6999888.00    3000      12000      15000        0          0          0         137        0.00       0.76       0.00     19634.96      0     
7020721.00    3000      12000      15000        0          0          0         175        0.00       0.76       0.00     19634.96      0     
7041554.00    3000      12000      15000        0          0          0         206        0.00       0.76       0.00     19634.96      0     
7062387.00    3000      12000      15000        0          0          0         194        0.00       0.76       0.00     19634.96      0     
7083220.00    3000      12000      15000        0          0          0         143        0.00       0.76       0.00     19634.96      0     
7104053.00    3000      12000      15000        0          0          0         180        0.00       0.76       0.00     19634.96      0     
7124886.00    3000      12000      15000        0          0          0         135        0.00       0.76       0.00     19634.96      0     
7145719.00    3000      12000      15000        0          0          0         128        0.00       0.76       0.00     19634.96      0     
7166552.00    3000      12000      15000        0          0          0         179        0.00       0.76       0.00     19634.96      0     
7187385.00    3000      12000      15000        0          0          0         177        0.00       0.76       0.00     19634.96      0     
7208218.00    3000      12000      15000        0          0          0         157        0.00       0.76       0.00     19634.96      0     
7229051.00    3000      12000      15000        0          0          0         138        0.00       0.76       0.00     19634.96      0     
7249884.00    3000      12000      15000        0          0          0         273        0.00       0.76       0.00     19634.96      0     
7270717.00    3000      12000      15000        0          0          0         243        0.00       0.76       0.00     19634.96      0     
7291550.00    3000      12000      15000        0          0          0         164        0.00       0.76       0.00     19634.96      0     
7312383.00    3000      12000      15000        0          0          0         202        0.00       0.76       0.00     19634.96      0     
7333216.00    3000      12000      15000        0          0          0         301        0.00       0.76       0.00     19634.96      0     
7354049.00    3000      12000      15000        0          0          0         214        0.00       0.76       0.00     19634.96      0     
7374882.00    3000      12000      15000        0          0          0         180        0.00       0.76       0.00     19634.96      0     
7395715.00    3000      12000      15000        0          0          0          98        0.00       0.76       0.00     19634.96      0     
7416548.00    3000      12000      15000        0          0          0         244        0.00       0.76       0.00     19634.96      0     
7437381.00    3000      12000      15000        0          0          0         278        0.00       0.76       0.00     19634.96      0     
7458214.00    3000      12000      15000        0          0          0         312        0.00       0.76       0.00     19634.96      0     
7479047.00    3000      12000      15000        0          0          0         218        0.00       0.76       0.00     19634.96      0     
7499880.00    3000      12000      15000        0          0          0         173        0.00       0.76       0.00     19634.96      0     
7520713.00    3000      12000      15000        0          0          0         147        0.00       0.76       0.00     19634.96      0     
7541546.00    3000      12000      15000        0          0          0         110        0.00       0.76       0.00     19634.96      0     
7562379.00    3000      12000      15000        0          0          0         242        0.00       0.76       0.00     19634.96      0     
7583212.00    3000      12000      15000        0          0          0         229        0.00       0.76       0.00     19634.96      0     
7604045.00    3000      12000      15000        0          0          0         154        0.00       0.76       0.00     19634.96      0     
7624878.00    3000      12000      15000        0          0          0         140        0.00       0.76       0.00     19634.96      0     
7645711.00    3000      12000      15000        0          0          0         132        0.00       0.76       0.00     19634.96      0     
7666544.00    3000      12000      15000        0          0          0         133        0.00       0.76       0.00     19634.96      0     
7687377.00    3000      12000      15000        0          0          0         102        0.00       0.76       0.00     19634.96      0     
7708210.00    3000      12000      15000        0          0          0         123        0.00       0.76       0.00     19634.96      0     
7729043.00    3000      12000      15000        0          0          0         181        0.00       0.76       0.00     19634.96      0     
7749876.00    3000      12000      15000        0          0          0         110        0.00       0.76       0.00     19634.96      0     
7770709.00    3000      12000      15000        0          0          0         122        0.00       0.76       0.00     19634.96      0     
7791542.00    3000      12000      15000        0          0          0         109        0.00       0.76       0.00     19634.96      0     
7812375.00    3000      12000      15000        0          0          0          94        0.00       0.76       0.00     19634.96      0     
7833208.00    3000      12000      15000        0          0          0         102        0.00       0.76       0.00     19634.96      0     
7854041.00    3000      12000      15000        0          0          0         177        0.00       0.76       0.00     19634.96      0     
7874874.00    3000      12000      15000        0          0          0         122        0.00       0.76       0.00     19634.96      0     
7895707.00    3000      12000      15000        0          0          0         132        0.00       0.76       0.00     19634.96      0     
7916540.00    3000      12000      15000        0          0          0         140        0.00       0.76       0.00     19634.96      0     
7937373.00    3000      12000      15000        0          0          0         248        0.00       0.76       0.00     19634.96      0     
7958206.00    3000      12000      15000        0          0          0         254        0.00       0.76       0.00     19634.96      0     
7979039.00    3000      12000      15000        0          0          0         172        0.00       0.76       0.00     19634.96      0     
7999872.00    3000      12000      15000        0          0          0         125        0.00       0.76       0.00     19634.96      0     
8020705.00    3000      12000      15000        0          0          0         242        0.00       0.76       0.00     19634.96      0     
8041538.00    3000      12000      15000        0          0          0         142        0.00       0.76       0.00     19634.96      0     
8062371.00    3000      12000      15000        0          0          0         112        0.00       0.76       0.00     19634.96      0     
8083204.00    3000      12000      15000        0          0          0         122        0.00       0.76       0.00     19634.96      0     
8104037.00    3000      12000      15000        0          0          0         124        0.00       0.76       0.00     19634.96      0     
8124870.00    3000      12000      15000        0          0          0         165        0.00       0.76       0.00     19634.96      0     
8145703.00    3000      12000      15000        0          0          0         165        0.00       0.76       0.00     19634.96      0     
8166536.00    3000      12000      15000        0          0          0         122        0.00       0.76       0.00     19634.96      0     
8187369.00    3000      12000      15000        0          0          0         156        0.00       0.76       0.00     19634.96      0     
8208202.00    3000      12000      15000        0          0          0         191        0.00       0.76       0.00     19634.96      0     
8229035.00    3000      12000      15000        0          0          0         193        0.00       0.76       0.00     19634.96      0     
8249868.00    3000      12000      15000        0          0          0         180        0.00       0.76       0.00     19634.96      0     
8270701.00    3000      12000      15000        0          0          0         107        0.00       0.76       0.00     19634.96      0     
8291534.00    3000      12000      15000        0          0          0         157        0.00       0.76       0.00     19634.96      0     
8312367.00    3000      12000      15000        0          0          0         150        0.00       0.76       0.00     19634.96      0     
8333200.00    3000      12000      15000        0          0          0         169        0.00       0.76       0.00     19634.96      0     
