 Timestep    Gas_A      Gas_B     Gas_tot    Dense_A    Dense_B   Dense_tot   Lg_clust  DP_density GP_density Clust_area  Gas_area     MCS    
   0.00      12000       3000      15000        0          0          0          6         0.00       0.76       0.00     19634.96      0     
104166.00    12000       3000      15000        0          0          0         145        0.00       0.76       0.00     19634.96      0     
208332.00    12000       3000      15000        0          0          0         383        0.00       0.76       0.00     19634.96      0     
312498.00    12000       3000      15000        0          0          0         519        0.00       0.76       0.00     19634.96      0     
416664.00    12000       3000      15000        0          0          0         566        0.00       0.76       0.00     19634.96      0     
520830.00    12000       3000      15000        0          0          0         706        0.00       0.76       0.00     19634.96      0     
624996.00    12000       3000      15000        0          0          0         800        0.00       0.76       0.00     19634.96      0     
729162.00    12000       3000      15000        0          0          0         837        0.00       0.76       0.00     19634.96      0     
833328.00    11190       2729      13919       810        271        1081       1081       1.05       0.75     1028.16    18606.80     1081   
937494.00    10945       2648      13593       1055       352        1407       1407       1.05       0.74     1336.08    18298.87     1407   
1041660.00   10141       2374      12515       1859       626        2485       1459       1.05       0.72     2365.99    17268.97     1242   
1145826.00    9985       2354      12339       2015       646        2661       1563       1.03       0.72     2571.63    17063.33     1330   
1249992.00   10183       2412      12595       1817       588        2405       1255       1.04       0.73     2307.70    17327.25     1202   
1354158.00   10210       2417      12627       1790       583        2373       1275       1.03       0.73     2304.55    17330.40     1186   
1458324.00    9456       2172      11628       2544       828        3372       2136       1.03       0.71     3263.60    16371.35     1686   
1562490.00   10265       2413      12678       1735       587        2322       2322       1.04       0.73     2234.43    17400.52     2322   
1666656.00   10869       2663      13532       1131       337        1468       1468       1.06       0.74     1382.88    18252.08     1468   
1770822.00    9040       2054      11094       2960       946        3906       1538       1.05       0.70     3716.57    15918.38     1302   
1874988.00    9248       2107      11355       2752       893        3645       2570       1.04       0.70     3497.83    16137.12     1822   
1979154.00   10786       2599      13385       1214       401        1615       1615       1.07       0.74     1514.30    18120.66     1615   
2083320.00    9861       2298      12159       2139       702        2841       2841       1.04       0.72     2719.58    16915.37     2841   
2187486.00    9943       2325      12268       2057       675        2732       1664       1.05       0.72     2606.45    17028.51     1366   
2291652.00   10758       2602      13360       1242       398        1640       1640       1.06       0.74     1541.04    18093.92     1640   
2395818.00   10614       2564      13178       1386       436        1822       1822       1.05       0.74     1737.22    17897.74     1822   
2499984.00   10626       2581      13207       1374       419        1793       1793       1.04       0.74     1727.45    17907.51     1793   
2604150.00   10269       2457      12726       1731       543        2274       2274       1.05       0.73     2169.37    17465.59     2274   
2708316.00   10471       2505      12976       1529       495        2024       2024       1.03       0.73     1962.71    17672.24     2024   
2812482.00   10946       2675      13621       1054       325        1379       1379       1.03       0.74     1335.38    18299.57     1379   
2916648.00   10761       2586      13347       1239       414        1653       1653       1.02       0.74     1615.01    18019.94     1653   
3020814.00   10462       2501      12963       1538       499        2037       2037       1.04       0.73     1954.08    17680.88     2037   
3124980.00   11225       2750      13975       775        250        1025       1025       1.01       0.75     1009.94    18625.01     1025   
3229146.00   10837       2590      13427       1163       410        1573       1573       1.03       0.74     1526.76    18108.19     1573   
3333312.00    9764       2242      12006       2236       758        2994       1795       1.03       0.72     2913.81    16721.15     1497   
3437478.00    9929       2343      12272       2071       657        2728       1706       1.02       0.72     2663.33    16971.62     1364   
3541644.00   10277       2421      12698       1723       579        2302       1246       1.04       0.73     2224.13    17410.83     1151   
3645810.00   11015       2666      13681       985        334        1319       1319       1.05       0.74     1251.27    18383.69     1319   
3749976.00   10027       2312      12339       1973       688        2661       1505       1.04       0.72     2553.38    17081.58     1330   
3854142.00   11249       2738      13987       751        262        1013       1013       1.07       0.75      951.07    18683.88     1013   
3958308.00   11222       2733      13955       778        267        1045       1045       1.08       0.75      970.69    18664.27     1045   
4062474.00   10313       2415      12728       1687       585        2272       1245       1.03       0.73     2195.43    17439.52     1136   
4166640.00   11242       2737      13979       758        263        1021       1021       1.05       0.75      975.23    18659.73     1021   
4270806.00   11246       2748      13994       754        252        1006       1006       1.02       0.75      989.48    18645.48     1006   
4374972.00   12000       3000      15000        0          0          0         877        0.00       0.76       0.00     19634.96      0     
4479138.00   10888       2603      13491       1112       397        1509       1509       1.03       0.74     1465.94    18169.01     1509   
4583304.00   11108       2734      13842       892        266        1158       1158       1.00       0.75     1163.14    18471.81     1158   
4687470.00    8830       1933      10763       3170       1067       4237       1624       1.04       0.69     4071.97    15562.99     1412   
4791636.00   10054       2370      12424       1946       630        2576       1453       1.03       0.72     2492.93    17142.03     1288   
4895802.00    9224       2077      11301       2776       923        3699       1429       1.04       0.70     3561.99    16072.97     1233   
4999968.00    9960       2338      12298       2040       662        2702       2702       1.05       0.72     2562.62    17072.33     2702   
5104134.00    9044       2058      11102       2956       942        3898       1754       1.06       0.70     3679.42    15955.53     1299   
5208300.00    9462       2184      11646       2538       816        3354       2193       1.06       0.71     3171.00    16463.95     1677   
5312466.00    9451       2202      11653       2549       798        3347       1175       1.05       0.71     3189.13    16445.82     1115   
5416632.00    9318       2165      11483       2682       835        3517       2359       1.05       0.71     3363.16    16271.80     1758   
5520798.00    8669       1960      10629       3331       1040       4371       1622       1.04       0.69     4203.22    15431.74     1457   
5624964.00    8860       2044      10904       3140       956        4096       2726       1.04       0.69     3921.23    15713.73     2048   
5729130.00    9264       2163      11427       2736       837        3573       2244       1.04       0.70     3420.63    16214.33     1786   
5833296.00    9177       2132      11309       2823       868        3691       2420       1.03       0.70     3570.81    16064.15     1845   
5937462.00    8906       2061      10967       3094       939        4033       2627       1.04       0.70     3870.94    15764.01     2016   
6041628.00    9160       2140      11300       2840       860        3700       2296       1.05       0.70     3510.04    16124.91     1850   
6145794.00    8749       1960      10709       3251       1040       4291       2602       1.05       0.69     4082.20    15552.76     2145   
6249960.00    9319       2122      11441       2681       878        3559       2367       1.06       0.70     3350.25    16284.71     1779   
6354126.00    8839       1952      10791       3161       1048       4209       2412       1.04       0.69     4029.70    15605.26     2104   
6458292.00    9232       2084      11316       2768       916        3684       2110       1.05       0.70     3520.37    16114.59     1842   
6562458.00    8304       1775      10079       3696       1225       4921       2593       1.04       0.68     4740.70    14894.26     2460   
6666624.00   10148       2403      12551       1852       597        2449       2449       1.05       0.73     2334.71    17300.24     2449   
6770790.00    9068       2020      11088       2932       980        3912       2594       1.04       0.70     3764.65    15870.31     1956   
6874956.00    9346       2150      11496       2654       850        3504       1227       1.04       0.71     3375.27    16259.69     1168   
6979122.00    8275       1806      10081       3725       1194       4919       2527       1.04       0.68     4716.31    14918.64     1639   
7083288.00    7756       1659       9415       4244       1341       5585       2978       1.05       0.66     5342.34    14292.61     1861   
7187454.00    7953       1725       9678       4047       1275       5322       3200       1.04       0.67     5141.01    14493.94     2661   
7291620.00    8007       1703       9710       3993       1297       5290       5290       1.04       0.67     5084.21    14550.75     5290   
7395786.00    8545       1902      10447       3455       1098       4553       2131       1.03       0.69     4399.33    15235.63     1517   
7499952.00    8653       1916      10569       3347       1084       4431       2040       1.04       0.69     4254.04    15380.91     1477   
7604118.00    7769       1637       9406       4231       1363       5594       2109       1.04       0.66     5354.84    14280.11     1398   
7708284.00    8671       1878      10549       3329       1122       4451       2160       1.05       0.69     4243.98    15390.98     1483   
7812450.00    8555       1899      10454       3445       1101       4546       2240       1.06       0.68     4307.67    15327.29     1515   
7916616.00    8473       1812      10285       3527       1188       4715       1366       1.04       0.68     4513.48    15121.48     1178   
8020782.00    9043       2042      11085       2957       958        3915       1420       1.04       0.70     3751.63    15883.32     1305   
8124948.00    7914       1658       9572       4086       1342       5428       2290       1.04       0.66     5198.13    14436.83     1809   
8229114.00    8239       1780      10019       3761       1220       4981       2184       1.05       0.67     4742.44    14892.51     1660   
8333280.00    8902       1975      10877       3098       1025       4123       2227       1.04       0.69     3968.87    15666.09     2061   
8437446.00    8733       1926      10659       3267       1074       4341       2239       1.03       0.69     4219.80    15415.15     2170   
8541612.00    8781       1938      10719       3219       1062       4281       2365       1.04       0.69     4119.79    15515.17     2140   
8645778.00    8442       1814      10256       3558       1186       4744       2866       1.05       0.68     4522.34    15112.61     2372   
8749944.00    8195       1709       9904       3805       1291       5096       2075       1.05       0.67     4849.93    14785.03     1698   
8854110.00    8971       2016      10987       3029       984        4013       2103       1.04       0.70     3849.10    15785.86     2006   
8958276.00    9172       2091      11263       2828       909        3737       1889       1.05       0.70     3569.94    16065.02     1868   
9062442.00    9327       2157      11484       2673       843        3516       2045       1.05       0.71     3347.95    16287.00     1758   
9166608.00    8635       1946      10581       3365       1054       4419       2931       1.05       0.69     4225.46    15409.49     2209   
9270774.00    8414       1881      10295       3586       1119       4705       3134       1.04       0.68     4522.56    15112.40     2352   
9374940.00    7847       1714       9561       4153       1286       5439       2283       1.06       0.66     5148.51    14486.45     1813   
9479106.00    7749       1651       9400       4251       1349       5600       2462       1.06       0.65     5259.49    14375.47     1866   
9583272.00    7741       1639       9380       4259       1361       5620       1779       1.06       0.65     5294.99    14339.97     1405   
9687438.00    7336       1548       8884       4664       1452       6116       4436       1.06       0.64     5748.95    13886.00     3058   
9791604.00    7271       1510       8781       4729       1490       6219       2728       1.06       0.64     5850.56    13784.39     2073   
9895770.00    7096       1427       8523       4904       1573       6477       2875       1.06       0.63     6104.42    13530.53     2159   
9999936.00    7409       1531       8940       4591       1469       6060       3039       1.06       0.64     5729.86    13905.09     2020   
10104102.00    7348       1523       8871       4652       1477       6129       2834       1.06       0.64     5787.40    13847.55     2043   
10208268.00    7102       1428       8530       4898       1572       6470       3461       1.06       0.63     6131.42    13503.54     2156   
10312434.00    7204       1482       8686       4796       1518       6314       3313       1.06       0.64     5974.56    13660.39     2104   
10416600.00    7272       1520       8792       4728       1480       6208       3255       1.06       0.64     5861.73    13773.22     2069   
10520766.00    7360       1553       8913       4640       1447       6087       3244       1.06       0.64     5766.49    13868.46     2029   
10624932.00    7958       1782       9740       4042       1218       5260       3648       1.06       0.66     4959.52    14675.43     2630   
10729098.00    8060       1779       9839       3940       1221       5161       3668       1.07       0.66     4828.53    14806.42     2580   
10833264.00    7327       1500       8827       4673       1500       6173       5100       1.07       0.64     5755.80    13879.16     3086   
10937430.00    7194       1440       8634       4806       1560       6366       3767       1.07       0.63     5958.75    13676.20     2122   
11041596.00    7890       1675       9565       4110       1325       5435       3989       1.08       0.65     5029.15    14605.80     2717   
11145762.00    7729       1663       9392       4271       1337       5608       3836       1.08       0.65     5206.48    14428.47     2804   
11249928.00    7739       1658       9397       4261       1342       5603       4045       1.08       0.65     5186.66    14448.29     2801   
11354094.00    7772       1641       9413       4228       1359       5587       3884       1.08       0.65     5158.17    14476.78     2793   
11458260.00    6940       1356       8296       5060       1644       6704       3865       1.08       0.62     6236.11    13398.85     2234   
11562426.00    6926       1352       8278       5074       1648       6722       3969       1.08       0.62     6248.35    13386.61     2240   
11666592.00    6997       1339       8336       5003       1661       6664       3940       1.06       0.62     6257.59    13377.36     2221   
11770758.00    7839       1631       9470       4161       1369       5530       4163       1.07       0.65     5150.38    14484.57     2765   
11874924.00    8174       1715       9889       3826       1285       5111       5111       1.08       0.66     4717.03    14917.93     5111   
11979090.00    7977       1678       9655       4023       1322       5345       4188       1.08       0.66     4941.99    14692.97     2672   
12083256.00    7379       1448       8827       4621       1552       6173       4071       1.08       0.64     5737.15    13897.80     2057   
12187422.00    8122       1736       9858       3878       1264       5142       3771       1.08       0.66     4769.01    14865.94     2571   
12291588.00    8216       1749       9965       3784       1251       5035       3796       1.08       0.67     4657.24    14977.71     2517   
12395754.00    8262       1763      10025       3738       1237       4975       3660       1.08       0.67     4611.32    15023.63     2487   
12499920.00    7677       1563       9240       4323       1437       5760       3720       1.07       0.65     5406.37    14228.58     2880   
12604086.00    8199       1743       9942       3801       1257       5058       3665       1.07       0.67     4730.62    14904.34     2529   
12708252.00    8391       1783      10174       3609       1217       4826       3481       1.06       0.67     4542.60    15092.35     2413   
12812418.00    8669       1893      10562       3331       1107       4438       4438       1.06       0.68     4174.30    15460.66     4438   
12916584.00    8568       1833      10401       3432       1167       4599       4599       1.06       0.68     4336.03    15298.93     4599   
13020750.00    7954       1654       9608       4046       1346       5392       5392       1.07       0.66     5056.29    14578.67     5392   
13124916.00    8092       1684       9776       3908       1316       5224       5224       1.07       0.66     4884.72    14750.23     5224   
13229082.00    8441       1832      10273       3559       1168       4727       4727       1.07       0.68     4423.75    15211.21     4727   
13333248.00    8259       1780      10039       3741       1220       4961       4961       1.07       0.67     4617.20    15017.76     4961   
13437414.00    8398       1809      10207       3602       1191       4793       4793       1.08       0.67     4444.52    15190.43     4793   
13541580.00    7930       1628       9558       4070       1372       5442       4098       1.07       0.66     5084.78    14550.18     2721   
13645746.00    8901       1950      10851       3099       1050       4149       4149       1.08       0.69     3829.84    15805.12     4149   
13749912.00    7718       1567       9285       4282       1433       5715       4583       1.07       0.65     5365.35    14269.61     2857   
13854078.00    7886       1620       9506       4114       1380       5494       4314       1.07       0.66     5143.07    14491.89     2747   
13958244.00    8068       1712       9780       3932       1288       5220       4195       1.08       0.66     4846.50    14788.45     2610   
14062410.00    7955       1714       9669       4045       1286       5331       4237       1.08       0.66     4924.96    14710.00     2665   
14166576.00    8671       1929      10600       3329       1071       4400       4400       1.09       0.68     4035.59    15599.37     4400   
14270742.00    8324       1836      10160       3676       1164       4840       4840       1.08       0.67     4485.57    15149.39     4840   
14374908.00    8192       1767       9959       3808       1233       5041       5041       1.07       0.67     4699.08    14935.88     5041   
14479074.00    8623       1894      10517       3377       1106       4483       4483       1.07       0.68     4173.72    15461.24     4483   
14583240.00    8543       1878      10421       3457       1122       4579       4579       1.07       0.68     4295.93    15339.02     4579   
14687406.00    7688       1636       9324       4312       1364       5676       5676       1.06       0.65     5346.90    14288.06     5676   
14791572.00    7517       1572       9089       4483       1428       5911       4866       1.06       0.65     5582.03    14052.93     2955   
14895738.00    7617       1611       9228       4383       1389       5772       4686       1.06       0.65     5436.50    14198.45     2886   
14999904.00    8246       1799      10045       3754       1201       4955       4955       1.07       0.67     4650.04    14984.92     4955   
15104070.00    8043       1712       9755       3957       1288       5245       4121       1.07       0.66     4882.69    14752.27     2622   
15208236.00    7364       1484       8848       4636       1516       6152       5041       1.07       0.64     5745.97    13888.98     3076   
15312402.00    7305       1515       8820       4695       1485       6180       5067       1.06       0.64     5812.09    13822.87     3090   
15416568.00    7473       1577       9050       4527       1423       5950       4850       1.07       0.64     5585.61    14049.34     2975   
15520734.00    7826       1668       9494       4174       1332       5506       5506       1.06       0.66     5195.37    14439.58     5506   
15624900.00    8070       1795       9865       3930       1205       5135       5135       1.07       0.67     4814.74    14820.21     5135   
15729066.00    8111       1773       9884       3889       1227       5116       5116       1.07       0.67     4802.19    14832.77     5116   
15833232.00    8166       1802       9968       3834       1198       5032       5032       1.07       0.67     4702.94    14932.01     5032   
15937398.00    7949       1724       9673       4051       1276       5327       5327       1.07       0.66     4992.18    14642.78     5327   
16041564.00    7631       1622       9253       4369       1378       5747       5747       1.06       0.65     5412.44    14222.51     5747   
16145730.00    8295       1887      10182       3705       1113       4818       4818       1.07       0.67     4511.36    15123.59     4818   
16249896.00    8422       1903      10325       3578       1097       4675       4675       1.07       0.68     4379.29    15255.67     4675   
16354062.00    8431       1900      10331       3569       1100       4669       4669       1.07       0.68     4369.88    15265.08     4669   
16458228.00    8421       1888      10309       3579       1112       4691       4691       1.07       0.68     4382.03    15252.93     4691   
16562394.00    8176       1801       9977       3824       1199       5023       5023       1.07       0.67     4680.43    14954.52     5023   
16666560.00    8229       1827      10056       3771       1173       4944       4944       1.07       0.67     4609.82    15025.13     4944   
16770726.00    8031       1765       9796       3969       1235       5204       5204       1.07       0.66     4853.75    14781.20     5204   
16874892.00    8393       1885      10278       3607       1115       4722       4722       1.07       0.67     4404.98    15229.98     4722   
16979058.00    8416       1879      10295       3584       1121       4705       4705       1.07       0.68     4391.85    15243.11     4705   
17083224.00    7690       1675       9365       4310       1325       5635       5635       1.07       0.65     5289.70    14345.25     5635   
17187390.00    8596       1934      10530       3404       1066       4470       4470       1.07       0.68     4168.21    15466.74     4470   
17291556.00    7805       1696       9501       4195       1304       5499       5499       1.05       0.66     5212.72    14422.23     5499   
17395722.00    7459       1539       8998       4541       1461       6002       6002       1.06       0.64     5672.21    13962.74     6002   
17499888.00    7567       1616       9183       4433       1384       5817       5817       1.05       0.65     5527.05    14107.90     5817   
17604054.00    7148       1456       8604       4852       1544       6396       6396       1.05       0.63     6080.38    13554.57     6396   
17708220.00    7016       1438       8454       4984       1562       6546       6546       1.06       0.63     6204.73    13430.22     6546   
17812386.00    7222       1538       8760       4778       1462       6240       6240       1.06       0.64     5884.44    13750.51     6240   
17916552.00    7196       1518       8714       4804       1482       6286       6286       1.06       0.64     5935.25    13699.71     6286   
18020718.00    7862       1716       9578       4138       1284       5422       5422       1.06       0.66     5106.17    14528.78     5422   
18124884.00    7212       1498       8710       4788       1502       6290       6290       1.06       0.63     5916.39    13718.56     6290   
18229050.00    7093       1454       8547       4907       1546       6453       6453       1.07       0.63     6049.09    13585.87     6453   
18333216.00    6870       1354       8224       5130       1646       6776       6776       1.07       0.62     6326.11    13308.84     6776   
18437382.00    7162       1471       8633       4838       1529       6367       6367       1.07       0.63     5923.56    13711.40     6367   
18541548.00    7476       1578       9054       4524       1422       5946       5946       1.08       0.64     5493.31    14141.65     5946   
18645714.00    7526       1573       9099       4474       1427       5901       5901       1.07       0.64     5493.82    14141.14     5901   
18749880.00    7217       1491       8708       4783       1509       6292       6292       1.07       0.63     5880.86    13754.09     6292   
18854046.00    7255       1510       8765       4745       1490       6235       6235       1.07       0.63     5802.76    13832.20     6235   
18958212.00    6947       1420       8367       5053       1580       6633       6633       1.07       0.62     6222.76    13412.19     6633   
19062378.00    7228       1515       8743       4772       1485       6257       6257       1.07       0.63     5862.30    13772.66     6257   
19166544.00    7490       1593       9083       4510       1407       5917       5917       1.07       0.64     5517.42    14117.54     5917   
19270710.00    7062       1433       8495       4938       1567       6505       6505       1.07       0.63     6106.10    13528.86     6505   
19374876.00    7142       1462       8604       4858       1538       6396       6396       1.07       0.63     5997.27    13637.69     6396   
19479042.00    6803       1352       8155       5197       1648       6845       6845       1.07       0.62     6391.32    13243.63     6845   
19583208.00    6656       1347       8003       5344       1653       6997       6997       1.07       0.61     6531.46    13103.49     6997   
19687374.00    6929       1422       8351       5071       1578       6649       6649       1.08       0.62     6168.37    13466.59     6649   
19791540.00    6700       1351       8051       5300       1649       6949       6949       1.08       0.61     6453.25    13181.71     6949   
19895706.00    7350       1547       8897       4650       1453       6103       6103       1.08       0.64     5663.40    13971.55     6103   
19999872.00    6802       1335       8137       5198       1665       6863       6863       1.07       0.62     6418.26    13216.70     6863   
20104038.00    6867       1391       8258       5133       1609       6742       6742       1.07       0.62     6298.23    13336.73     6742   
20208204.00    6615       1282       7897       5385       1718       7103       7103       1.07       0.61     6665.06    12969.90     7103   
20312370.00    6619       1298       7917       5381       1702       7083       7083       1.07       0.61     6606.32    13028.64     7083   
20416536.00    6362       1240       7602       5638       1760       7398       7398       1.07       0.60     6889.35    12745.60     7398   
20520702.00    6726       1329       8055       5274       1671       6945       6945       1.08       0.61     6441.79    13193.17     6945   
20624868.00    6420       1192       7612       5580       1808       7388       7388       1.07       0.60     6896.75    12738.20     7388   
20729034.00    6502       1235       7737       5498       1765       7263       7263       1.07       0.60     6770.37    12864.59     7263   
20833200.00    6716       1325       8041       5284       1675       6959       6959       1.08       0.61     6448.15    13186.80     6959   
20937366.00    6623       1261       7884       5377       1739       7116       7116       1.07       0.61     6651.83    12983.12     7116   
21041532.00    6737       1336       8073       5263       1664       6927       6927       1.07       0.61     6491.78    13143.18     6927   
21145698.00    7024       1419       8443       4976       1581       6557       6557       1.06       0.63     6156.85    13478.11     6557   
21249864.00    6733       1306       8039       5267       1694       6961       6961       1.07       0.61     6523.43    13111.52     6961   
21354030.00    6757       1269       8026       5243       1731       6974       6974       1.07       0.61     6508.60    13126.36     6974   
21458196.00    6829       1290       8119       5171       1710       6881       6881       1.07       0.61     6425.77    13209.18     6881   
21562362.00    6858       1367       8225       5142       1633       6775       6775       1.07       0.62     6337.94    13297.02     6775   
21666528.00    6659       1279       7938       5341       1721       7062       7062       1.07       0.61     6612.16    13022.79     7062   
21770694.00    6686       1320       8006       5314       1680       6994       6994       1.07       0.61     6537.97    13096.99     6994   
21874860.00    6896       1427       8323       5104       1573       6677       6677       1.07       0.62     6218.07    13416.88     6677   
21979026.00    6937       1394       8331       5063       1606       6669       6669       1.07       0.62     6240.78    13394.17     6669   
22083192.00    6978       1430       8408       5022       1570       6592       6592       1.07       0.62     6148.30    13486.65     6592   
22187358.00    7182       1479       8661       4818       1521       6339       6339       1.08       0.63     5889.06    13745.90     6339   
22291524.00    7091       1447       8538       4909       1553       6462       6462       1.07       0.63     6021.09    13613.87     6462   
22395690.00    7123       1402       8525       4877       1598       6475       6475       1.06       0.63     6087.65    13547.31     6475   
22499856.00    7416       1543       8959       4584       1457       6041       6041       1.07       0.64     5638.77    13996.18     6041   
22604022.00    7116       1421       8537       4884       1579       6463       5379       1.06       0.63     6091.57    13543.39     3231   
22708188.00    7070       1416       8486       4930       1584       6514       6514       1.07       0.63     6108.76    13526.19     6514   
22812354.00    7169       1424       8593       4831       1576       6407       3861       1.07       0.63     6009.56    13625.39     3203   
22916520.00    7067       1384       8451       4933       1616       6549       6549       1.06       0.63     6183.09    13451.86     6549   
23020686.00    7366       1508       8874       4634       1492       6126       3746       1.06       0.64     5762.49    13872.46     2042   
23124852.00    7073       1389       8462       4927       1611       6538       6538       1.06       0.63     6171.70    13463.25     6538   
23229018.00    7484       1527       9011       4516       1473       5989       3927       1.06       0.64     5628.77    14006.18     2994   
23333184.00    7638       1561       9199       4362       1439       5801       5801       1.06       0.65     5470.35    14164.61     5801   
23437350.00    7635       1557       9192       4365       1443       5808       5808       1.06       0.65     5461.29    14173.66     5808   
23541516.00    7387       1502       8889       4613       1498       6111       3706       1.06       0.64     5784.79    13850.16     3055   
23645682.00    7675       1585       9260       4325       1415       5740       3558       1.06       0.65     5391.28    14243.68     2870   
23749848.00    7825       1607       9432       4175       1393       5568       3487       1.06       0.66     5240.01    14394.95     2784   
23854014.00    8163       1707       9870       3837       1293       5130       3560       1.07       0.67     4802.63    14832.32     2565   
23958180.00    8361       1780      10141       3639       1220       4859       3216       1.06       0.67     4576.05    15058.90     2429   
24062346.00    8254       1762      10016       3746       1238       4984       4984       1.07       0.67     4673.89    14961.06     4984   
24166512.00    8210       1756       9966       3790       1244       5034       5034       1.07       0.67     4692.84    14942.11     5034   
24270678.00    7886       1629       9515       4114       1371       5485       5485       1.07       0.66     5137.71    14497.24     5485   
24374844.00    8075       1648       9723       3925       1352       5277       5277       1.07       0.66     4939.50    14695.45     5277   
24479010.00    8054       1668       9722       3946       1332       5278       5278       1.06       0.66     4959.28    14675.67     5278   
24583176.00    8017       1663       9680       3983       1337       5320       5320       1.07       0.66     4957.16    14677.80     5320   
24687342.00    7958       1626       9584       4042       1374       5416       5416       1.07       0.66     5083.54    14551.41     5416   
24791508.00    7872       1599       9471       4128       1401       5529       5529       1.07       0.66     5190.44    14444.51     5529   
24895674.00    7944       1628       9572       4056       1372       5428       5428       1.07       0.66     5094.12    14540.83     5428   
24999840.00    7923       1616       9539       4077       1384       5461       5461       1.06       0.66     5141.53    14493.42     5461   
25104006.00    7595       1523       9118       4405       1477       5882       5882       1.06       0.65     5549.38    14085.58     5882   
25208172.00    7831       1579       9410       4169       1421       5590       5590       1.06       0.65     5250.37    14384.59     5590   
25312338.00    7434       1462       8896       4566       1538       6104       4065       1.06       0.64     5784.92    13850.04     3052   
25416504.00    7581       1485       9066       4419       1515       5934       5934       1.06       0.65     5597.97    14036.98     5934   
25520670.00    8168       1720       9888       3832       1280       5112       5112       1.06       0.67     4820.97    14813.99     5112   
25624836.00    8271       1758      10029       3729       1242       4971       3805       1.06       0.67     4692.99    14941.97     2485   
25729002.00    8521       1853      10374       3479       1147       4626       4626       1.08       0.68     4301.93    15333.02     4626   
25833168.00    8829       1921      10750       3171       1079       4250       4250       1.08       0.68     3933.64    15701.31     4250   
25937334.00    8460       1802      10262       3540       1198       4738       4738       1.06       0.68     4455.65    15179.30     4738   
26041500.00    8455       1809      10264       3545       1191       4736       4736       1.07       0.68     4445.43    15189.52     4736   
26145666.00    8171       1665       9836       3829       1335       5164       5164       1.06       0.67     4894.12    14740.83     5164   
26249832.00    8277       1696       9973       3723       1304       5027       5027       1.06       0.67     4743.47    14891.49     5027   
26353998.00    8155       1658       9813       3845       1342       5187       5187       1.05       0.67     4940.24    14694.71     5187   
26458164.00    8281       1775      10056       3719       1225       4944       4944       1.07       0.67     4641.80    14993.16     4944   
26562330.00    8058       1659       9717       3942       1341       5283       5283       1.06       0.66     4965.25    14669.70     5283   
26666496.00    8169       1731       9900       3831       1269       5100       5100       1.07       0.66     4744.31    14890.65     5100   
26770662.00    8255       1719       9974       3745       1281       5026       5026       1.08       0.67     4653.94    14981.01     5026   
26874828.00    8231       1710       9941       3769       1290       5059       5059       1.08       0.67     4687.83    14947.13     5059   
26978994.00    8130       1703       9833       3870       1297       5167       5167       1.08       0.66     4762.48    14872.48     5167   
27083160.00    8113       1694       9807       3887       1306       5193       5193       1.09       0.66     4769.25    14865.70     5193   
27187326.00    7794       1577       9371       4206       1423       5629       5629       1.09       0.65     5161.37    14473.59     5629   
27291492.00    7798       1607       9405       4202       1393       5595       5595       1.09       0.65     5127.37    14507.59     5595   
27395658.00    7577       1546       9123       4423       1454       5877       5877       1.08       0.64     5430.48    14204.48     5877   
27499824.00    7675       1563       9238       4325       1437       5762       5762       1.08       0.65     5343.74    14291.22     5762   
27603990.00    7583       1492       9075       4417       1508       5925       5925       1.08       0.64     5499.10    14135.85     5925   
27708156.00    7523       1488       9011       4477       1512       5989       5989       1.07       0.64     5574.33    14060.63     5989   
27812322.00    7551       1464       9015       4449       1536       5985       5985       1.08       0.64     5531.60    14103.35     5985   
27916488.00    7430       1433       8863       4570       1567       6137       6137       1.08       0.64     5682.34    13952.62     6137   
28020654.00    7212       1398       8610       4788       1602       6390       6390       1.08       0.63     5942.33    13692.63     6390   
28124820.00    7271       1450       8721       4729       1550       6279       6279       1.07       0.63     5858.68    13776.28     6279   
28228986.00    7806       1550       9356       4194       1450       5644       5644       1.06       0.65     5301.42    14333.54     5644   
28333152.00    7145       1376       8521       4855       1624       6479       6479       1.06       0.63     6115.99    13518.97     6479   
28437318.00    7181       1346       8527       4819       1654       6473       5000       1.07       0.63     6067.78    13567.17     3236   
28541484.00    7653       1503       9156       4347       1497       5844       5844       1.07       0.64     5439.27    14195.68     5844   
28645650.00    7451       1440       8891       4549       1560       6109       6109       1.07       0.64     5686.58    13948.38     6109   
28749816.00    7159       1340       8499       4841       1660       6501       4941       1.07       0.63     6097.22    13537.74     3250   
28853982.00    7221       1382       8603       4779       1618       6397       6397       1.05       0.63     6074.30    13560.65     6397   
28958148.00    7901       1585       9486       4099       1415       5514       4247       1.06       0.66     5190.52    14444.44     2757   
29062314.00    7684       1493       9177       4316       1507       5823       5823       1.07       0.65     5454.78    14180.18     5823   
29166480.00    7743       1514       9257       4257       1486       5743       5743       1.07       0.65     5353.99    14280.97     5743   
29270646.00    7782       1519       9301       4218       1481       5699       5699       1.08       0.65     5298.51    14336.44     5699   
29374812.00    7592       1489       9081       4408       1511       5919       5919       1.07       0.64     5540.50    14094.46     5919   
29478978.00    7679       1527       9206       4321       1473       5794       5794       1.07       0.65     5432.46    14202.49     5794   
29583144.00    7636       1468       9104       4364       1532       5896       5896       1.06       0.65     5542.82    14092.13     5896   
29687310.00    7868       1545       9413       4132       1455       5587       4497       1.06       0.66     5284.05    14350.91     2793   
29791476.00    7663       1484       9147       4337       1516       5853       4737       1.05       0.65     5581.56    14053.39     2926   
29895642.00    8342       1755      10097       3658       1245       4903       4903       1.06       0.67     4642.25    14992.71     4903   
29999808.00    8380       1754      10134       3620       1246       4866       4866       1.06       0.67     4589.39    15045.56     4866   
30103974.00    8425       1745      10170       3575       1255       4830       4830       1.06       0.67     4562.91    15072.04     4830   
30208140.00    8833       1892      10725       3167       1108       4275       4275       1.07       0.69     3981.17    15653.79     4275   
30312306.00    8466       1778      10244       3534       1222       4756       4756       1.07       0.67     4454.42    15180.54     4756   
30416472.00    8549       1816      10365       3451       1184       4635       4635       1.06       0.68     4354.51    15280.45     4635   
30520638.00    8592       1800      10392       3408       1200       4608       4608       1.06       0.68     4334.39    15300.56     4608   
30624804.00    8070       1667       9737       3930       1333       5263       5263       1.05       0.67     5006.79    14628.16     5263   
30728970.00    8260       1684       9944       3740       1316       5056       5056       1.06       0.67     4792.02    14842.93     5056   
30833136.00    8163       1655       9818       3837       1345       5182       5182       1.06       0.67     4906.08    14728.88     5182   
30937302.00    8034       1630       9664       3966       1370       5336       5336       1.06       0.66     5034.82    14600.14     5336   
31041468.00    8220       1669       9889       3780       1331       5111       5111       1.06       0.67     4820.51    14814.45     5111   
31145634.00    7849       1619       9468       4151       1381       5532       5532       1.06       0.66     5237.48    14397.47     5532   
31249800.00    7895       1646       9541       4105       1354       5459       5459       1.05       0.66     5186.84    14448.11     5459   
31353966.00    8211       1724       9935       3789       1276       5065       5065       1.06       0.67     4758.50    14876.45     5065   
31458132.00    8009       1681       9690       3991       1319       5310       5310       1.06       0.66     5005.56    14629.40     5310   
31562298.00    8251       1732       9983       3749       1268       5017       5017       1.07       0.67     4685.22    14949.74     5017   
31666464.00    8125       1714       9839       3875       1286       5161       5161       1.07       0.66     4808.07    14826.89     5161   
31770630.00    8224       1754       9978       3776       1246       5022       5022       1.08       0.67     4645.96    14989.00     5022   
31874796.00    8134       1725       9859       3866       1275       5141       5141       1.08       0.66     4768.05    14866.90     5141   
31978962.00    7914       1683       9597       4086       1317       5403       5403       1.08       0.66     5012.23    14622.73     5403   
32083128.00    7920       1702       9622       4080       1298       5378       5378       1.07       0.66     5025.98    14608.98     5378   
32187294.00    7865       1649       9514       4135       1351       5486       5486       1.07       0.65     5106.83    14528.12     5486   
32291460.00    7612       1586       9198       4388       1414       5802       5802       1.07       0.65     5418.64    14216.31     5802   
32395626.00    7691       1633       9324       4309       1367       5676       5676       1.07       0.65     5282.86    14352.10     5676   
32499792.00    7664       1587       9251       4336       1413       5749       5749       1.08       0.65     5340.28    14294.67     5749   
32603958.00    8219       1784      10003       3781       1216       4997       4997       1.09       0.66     4591.16    15043.80     4997   
32708124.00    7718       1621       9339       4282       1379       5661       5661       1.07       0.65     5281.23    14353.73     5661   
32812290.00    7833       1695       9528       4167       1305       5472       5472       1.08       0.66     5088.68    14546.28     5472   
32916456.00    7403       1552       8955       4597       1448       6045       6045       1.07       0.64     5664.41    13970.54     6045   
33020622.00    7478       1540       9018       4522       1460       5982       5982       1.07       0.64     5607.21    14027.74     5982   
33124788.00    7724       1586       9310       4276       1414       5690       5690       1.07       0.65     5332.95    14302.01     5690   
33228954.00    7908       1604       9512       4092       1396       5488       5488       1.07       0.66     5134.74    14500.21     5488   
33333120.00    7618       1552       9170       4382       1448       5830       5830       1.06       0.65     5497.05    14137.91     5830   
33437286.00    7818       1607       9425       4182       1393       5575       5575       1.07       0.65     5216.90    14418.05     5575   
33541452.00    8009       1644       9653       3991       1356       5347       5347       1.06       0.66     5048.42    14586.54     5347   
33645618.00    8244       1715       9959       3756       1285       5041       5041       1.05       0.67     4790.72    14844.24     5041   
33749784.00    8577       1868      10445       3423       1132       4555       4555       1.05       0.68     4319.30    15315.65     4555   
33853950.00    7944       1630       9574       4056       1370       5426       5426       1.06       0.66     5136.87    14498.08     5426   
33958116.00    7953       1629       9582       4047       1371       5418       5418       1.06       0.66     5120.77    14514.18     5418   
34062282.00    7880       1596       9476       4120       1404       5524       5524       1.06       0.66     5212.18    14422.78     5524   
34166448.00    7627       1484       9111       4373       1516       5889       3721       1.06       0.65     5566.91    14068.04     2944   
34270614.00    7553       1504       9057       4447       1496       5943       5943       1.06       0.65     5619.54    14015.42     5943   
34374780.00    8287       1736      10023       3713       1264       4977       3337       1.06       0.67     4677.99    14956.96     2488   
34478946.00    8388       1733      10121       3612       1267       4879       4879       1.07       0.67     4571.56    15063.40     4879   
34583112.00    8204       1688       9892       3796       1312       5108       3562       1.06       0.67     4822.97    14811.99     2554   
34687278.00    8123       1670       9793       3877       1330       5207       3471       1.05       0.67     4937.98    14696.98     2603   
34791444.00    7878       1595       9473       4122       1405       5527       5527       1.06       0.66     5228.77    14406.19     5527   
34895610.00    7552       1469       9021       4448       1531       5979       5979       1.05       0.65     5698.78    13936.18     5979   
34999776.00    7482       1512       8994       4518       1488       6006       6006       1.05       0.65     5723.25    13911.71     6006   
35103942.00    7992       1656       9648       4008       1344       5352       5352       1.05       0.66     5081.91    14553.04     5352   
35208108.00    7483       1487       8970       4517       1513       6030       3063       1.05       0.65     5732.81    13902.15     3015   
35312274.00    7542       1505       9047       4458       1495       5953       5953       1.05       0.65     5658.24    13976.72     5953   
35416440.00    7878       1624       9502       4122       1376       5498       2994       1.05       0.66     5228.17    14406.79     2749   
35520606.00    7997       1608       9605       4003       1392       5395       2957       1.04       0.66     5165.41    14469.55     2697   
35624772.00    8224       1723       9947       3776       1277       5053       2829       1.05       0.67     4791.69    14843.26     2526   
35728938.00    8125       1673       9798       3875       1327       5202       2601       1.05       0.67     4945.14    14689.81     2601   
35833104.00    8040       1683       9723       3960       1317       5277       2641       1.05       0.67     5036.78    14598.18     2638   
35937270.00    8189       1749       9938       3811       1251       5062       2677       1.05       0.67     4840.83    14794.13     2531   
36041436.00    8653       1894      10547       3347       1106       4453       2636       1.05       0.69     4249.91    15385.05     2226   
36145602.00    8547       1826      10373       3453       1174       4627       2620       1.05       0.68     4413.60    15221.36     2313   
36249768.00    7738       1557       9295       4262       1443       5705       5705       1.04       0.66     5461.42    14173.53     5705   
36353934.00    8190       1703       9893       3810       1297       5107       2785       1.06       0.67     4826.32    14808.63     2553   
36458100.00    8072       1632       9704       3928       1368       5296       2806       1.05       0.66     5030.75    14604.21     2648   
36562266.00    7921       1599       9520       4079       1401       5480       2788       1.05       0.66     5216.15    14418.81     2740   
36666432.00    8522       1825      10347       3478       1175       4653       2760       1.06       0.68     4398.45    15236.50     2326   
36770598.00    8490       1820      10310       3510       1180       4690       2854       1.05       0.68     4463.71    15171.24     2345   
36874764.00    7819       1629       9448       4181       1371       5552       2359       1.03       0.66     5393.72    14241.23     1850   
36978930.00    8037       1670       9707       3963       1330       5293       2495       1.05       0.67     5046.55    14588.40     1764   
37083096.00    8055       1702       9757       3945       1298       5243       2131       1.05       0.67     4980.41    14654.55     1747   
37187262.00    7989       1693       9682       4011       1307       5318       2447       1.05       0.66     5050.45    14584.50     1772   
37291428.00    7880       1645       9525       4120       1355       5475       2308       1.04       0.66     5242.91    14392.04     1825   
37395594.00    7814       1643       9457       4186       1357       5543       2493       1.05       0.66     5300.02    14334.94     1847   
37499760.00    7732       1587       9319       4268       1413       5681       2711       1.05       0.65     5404.03    14230.92     1893   
37603926.00    7489       1526       9015       4511       1474       5985       2771       1.04       0.65     5729.92    13905.04     1995   
37708092.00    7681       1609       9290       4319       1391       5710       2813       1.05       0.65     5430.76    14204.20     1903   
37812258.00    8859       1919      10778       3141       1081       4222       2797       1.06       0.69     3976.23    15658.72     2111   
37916424.00    9040       1990      11030       2960       1010       3970       2564       1.06       0.69     3741.02    15893.94     1985   
38020590.00    8232       1736       9968       3768       1264       5032       3736       1.05       0.67     4799.25    14835.71     2516   
38124756.00    9851       2259      12110       2149       741        2890       2890       1.07       0.72     2698.72    16936.24     2890   
38228922.00    8240       1752       9992       3760       1248       5008       3662       1.06       0.67     4706.02    14928.94     2504   
38333088.00    8459       1828      10287       3541       1172       4713       3285       1.07       0.68     4412.64    15222.31     2356   
38437254.00    8513       1815      10328       3487       1185       4672       3384       1.07       0.68     4384.18    15250.78     2336   
38541420.00    8570       1860      10430       3430       1140       4570       3211       1.07       0.68     4262.50    15372.45     2285   
38645586.00    8246       1767      10013       3754       1233       4987       3662       1.07       0.67     4657.02    14977.93     2493   
38749752.00    8300       1776      10076       3700       1224       4924       3533       1.07       0.67     4617.86    15017.10     2462   
38853918.00    8399       1784      10183       3601       1216       4817       3676       1.05       0.68     4569.70    15065.25     2408   
38958084.00    8518       1831      10349       3482       1169       4651       4651       1.04       0.68     4453.15    15181.80     4651   
39062250.00    8260       1756      10016       3740       1244       4984       3682       1.05       0.67     4761.41    14873.55     2492   
39166416.00    7508       1489       8997       4492       1511       6003       2289       1.05       0.65     5728.55    13906.41     1500   
39270582.00    9276       2109      11385       2724       891        3615       2176       1.05       0.70     3445.50    16189.46     1807   
39374748.00    7749       1567       9316       4251       1433       5684       2987       1.04       0.66     5446.63    14188.33     1894   
39478914.00    8899       1912      10811       3101       1088       4189       3168       1.05       0.69     4001.25    15633.71     2094   
39583080.00    8670       1868      10538       3330       1132       4462       3400       1.04       0.69     4278.10    15356.85     2231   
39687246.00   10246       2398      12644       1754       602        2356       2356       1.06       0.73     2220.58    17414.38     2356   
39791412.00    9222       2055      11277       2778       945        3723       2656       1.05       0.70     3529.74    16105.21     1861   
39895578.00    8986       1985      10971       3014       1015       4029       2943       1.05       0.69     3835.56    15799.40     2014   
39999744.00    9384       2078      11462       2616       922        3538       2517       1.06       0.70     3346.55    16288.40     1769   
40103910.00    8479       1826      10305       3521       1174       4695       3335       1.05       0.68     4462.98    15171.97     2347   
40208076.00    7883       1565       9448       4117       1435       5552       4208       1.05       0.66     5310.06    14324.89     2776   
40312242.00    7915       1622       9537       4085       1378       5463       2994       1.05       0.66     5202.96    14432.00     1821   
40416408.00    7749       1562       9311       4251       1438       5689       2564       1.05       0.65     5412.16    14222.79     1896   
40520574.00    7663       1583       9246       4337       1417       5754       2517       1.04       0.66     5530.18    14104.78     1918   
40624740.00    8168       1741       9909       3832       1259       5091       1864       1.05       0.67     4838.21    14796.75     1697   
40728906.00    8084       1730       9814       3916       1270       5186       1930       1.05       0.67     4961.74    14673.22     1728   
40833072.00    7996       1681       9677       4004       1319       5323       1961       1.03       0.67     5147.69    14487.26     1774   
40937238.00    7763       1617       9380       4237       1383       5620       4255       1.05       0.66     5368.39    14266.56     2810   
41041404.00    7739       1595       9334       4261       1405       5666       2625       1.04       0.66     5436.05    14198.91     1888   
41145570.00    7819       1669       9488       4181       1331       5512       4170       1.04       0.66     5302.85    14332.11     2756   
41249736.00    7988       1661       9649       4012       1339       5351       4004       1.03       0.67     5202.10    14432.85     2675   
41353902.00    8900       2038      10938       3100       962        4062       2737       1.04       0.70     3904.73    15730.22     2031   
41458068.00    8918       2013      10931       3082       987        4069       4069       1.05       0.69     3871.77    15763.19     4069   
41562234.00    9025       2031      11056       2975       969        3944       3944       1.06       0.70     3734.37    15900.59     3944   
41666400.00    7882       1601       9483       4118       1399       5517       4439       1.05       0.66     5269.10    14365.85     2758   
