 Timestep    Gas_A      Gas_B     Gas_tot    Dense_A    Dense_B   Dense_tot   Lg_clust  DP_density GP_density Clust_area  Gas_area     MCS    
   0.00       1500      13500      15000        0          0          0          6         0.00       0.76       0.00     19634.96      0     
104166.00     1500      13500      15000        0          0          0         762        0.00       0.76       0.00     19634.96      0     
208332.00     1255      11178      12433       245        2322       2567       2567       0.98       0.73     2621.62    17013.34     2567   
312498.00     918        7851       8769       582        5649       6231       2317       0.99       0.66     6296.32    13338.64     1557   
416664.00     912        7706       8618       588        5794       6382       2908       1.02       0.64     6265.37    13369.58     2127   
520830.00     730        6217       6947       770        7283       8053       3678       1.05       0.58     7668.84    11966.11     2013   
624996.00     531        4306       4837       969        9194      10163       5482       1.06       0.48     9609.05    10025.90     2540   
729162.00     510        4096       4606       990        9404      10394       4596       1.07       0.46     9707.86    9927.10      2598   
833328.00     472        3869       4341       1028       9631      10659       7625       1.08       0.44     9862.32    9772.64      3553   
937494.00     501        4332       4833       999        9168      10167       7891       1.09       0.47     9343.09    10291.86     3389   
1041660.00    415        3693       4108       1085       9807      10892      10892       1.09       0.43     9993.74    9641.22     10892   
1145826.00    421        3578       3999       1079       9922      11001      11001       1.10       0.41     9983.30    9651.65     11001   
1249992.00    402        3317       3719       1098      10183      11281      11281       1.11       0.39     10186.03   9448.93     11281   
1354158.00    428        3377       3805       1072      10123      11195      11195       1.11       0.40     10044.08   9590.87     11195   
1458324.00    366        3038       3404       1134      10462      11596      11596       1.11       0.37     10472.36   9162.59     11596   
1562490.00    372        2993       3365       1128      10507      11635      11635       1.11       0.37     10455.89   9179.07     11635   
1666656.00    366        2931       3297       1134      10569      11703      11703       1.11       0.36     10498.90   9136.06     11703   
1770822.00    350        2897       3247       1150      10603      11753      11753       1.12       0.36     10526.34   9108.61     11753   
1874988.00    327        2553       2880       1173      10947      12120      12120       1.12       0.33     10863.30   8771.66     12120   
1979154.00    311        2546       2857       1189      10954      12143      12143       1.12       0.33     10882.04   8752.92     12143   
2083320.00    325        2621       2946       1175      10879      12054      12054       1.12       0.33     10773.74   8861.22     12054   
2187486.00    323        2505       2828       1177      10995      12172      12172       1.13       0.32     10805.18   8829.78     12172   
2291652.00    294        2315       2609       1206      11185      12391      12391       1.12       0.30     11072.07   8562.88     12391   
2395818.00    288        2381       2669       1212      11119      12331      12331       1.12       0.31     11011.54   8623.41     12331   
2499984.00    275        2135       2410       1225      11365      12590      12590       1.12       0.29     11200.91   8434.05     12590   
2604150.00    287        2146       2433       1213      11354      12567      12567       1.12       0.29     11265.52   8369.44     12567   
2708316.00    284        2336       2620       1216      11164      12380      12380       1.11       0.31     11128.70   8506.26     12380   
2812482.00    289        2332       2621       1211      11168      12379      12379       1.11       0.31     11172.29   8462.66     12379   
2916648.00    333        2498       2831       1167      11002      12169      12169       1.11       0.33     10967.47   8667.48     12169   
3020814.00    308        2425       2733       1192      11075      12267      12267       1.12       0.32     10973.80   8661.16     12267   
3124980.00    296        2373       2669       1204      11127      12331      12331       1.12       0.31     10980.72   8654.23     12331   
3229146.00    299        2306       2605       1201      11194      12395      12395       1.13       0.30     11014.98   8619.98     12395   
3333312.00    338        2677       3015       1162      10823      11985      11985       1.14       0.33     10557.99   9076.96     11985   
3437478.00    333        2459       2792       1167      11041      12208      12208       1.13       0.32     10784.03   8850.93     12208   
3541644.00    313        2455       2768       1187      11045      12232      12232       1.13       0.31     10822.77   8812.18     12232   
3645810.00    296        2210       2506       1204      11290      12494      12494       1.13       0.29     11103.43   8531.52     12494   
3749976.00    307        2278       2585       1193      11222      12415      12415       1.12       0.30     11069.79   8565.16     12415   
3854142.00    334        2436       2770       1166      11064      12230      12230       1.13       0.32     10862.67   8772.28     12230   
3958308.00    313        2359       2672       1187      11141      12328      12328       1.12       0.31     10984.87   8650.09     12328   
4062474.00    328        2423       2751       1172      11077      12249      12249       1.12       0.32     10907.89   8727.07     12249   
4166640.00    305        2340       2645       1195      11160      12355      12355       1.12       0.31     10994.32   8640.63     12355   
4270806.00    298        2119       2417       1202      11381      12583      12583       1.13       0.29     11169.96   8465.00     12583   
4374972.00    303        2077       2380       1197      11423      12620      12620       1.13       0.28     11182.00   8452.95     12620   
4479138.00    270        2033       2303       1230      11467      12697      12697       1.13       0.27     11207.23   8427.72     12697   
4583304.00    282        2055       2337       1218      11445      12663      12663       1.13       0.28     11187.77   8447.19     12663   
4687470.00    296        2141       2437       1204      11359      12563      12563       1.13       0.28     11077.77   8557.19     12563   
4791636.00    285        2177       2462       1215      11323      12538      12538       1.15       0.28     10938.31   8696.65     12538   
4895802.00    296        2130       2426       1204      11370      12574      12574       1.14       0.28     11023.89   8611.07     12574   
4999968.00    299        2186       2485       1201      11314      12515      12515       1.13       0.29     11037.38   8597.58     12515   
5104134.00    318        2326       2644       1182      11174      12356      12356       1.13       0.31     10974.63   8660.32     12356   
5208300.00    317        2271       2588       1183      11229      12412      12412       1.13       0.30     11017.63   8617.33     12412   
5312466.00    292        2227       2519       1208      11273      12481      12481       1.13       0.29     11083.49   8551.46     12481   
5416632.00    303        2205       2508       1197      11295      12492      12492       1.13       0.29     11013.55   8621.41     12492   
5520798.00    312        2200       2512       1188      11300      12488      12488       1.13       0.29     11024.95   8610.00     12488   
5624964.00    316        2164       2480       1184      11336      12520      12520       1.13       0.29     11054.58   8580.38     12520   
5729130.00    286        2150       2436       1214      11350      12564      12564       1.13       0.29     11108.94   8526.01     12564   
5833296.00    269        2065       2334       1231      11435      12666      12666       1.13       0.28     11255.70   8379.25     12666   
5937462.00    294        2108       2402       1206      11392      12598       9501       1.13       0.28     11163.40   8471.56      6299   
6041628.00    277        2190       2467       1223      11310      12533       9545       1.13       0.29     11114.73   8520.22      6266   
6145794.00    309        2408       2717       1191      11092      12283       9310       1.13       0.31     10905.51   8729.44      6141   
6249960.00    297        2320       2617       1203      11180      12383      12383       1.12       0.30     11036.93   8598.03     12383   
6354126.00    308        2472       2780       1192      11028      12220      12220       1.13       0.31     10800.17   8834.78     12220   
6458292.00    295        2293       2588       1205      11207      12412       9276       1.14       0.30     10887.53   8747.42      6206   
6562458.00    293        2239       2532       1207      11261      12468      12468       1.14       0.29     10949.69   8685.26     12468   
6666624.00    320        2276       2596       1180      11224      12404       9307       1.14       0.30     10913.58   8721.37      6202   
6770790.00    304        2295       2599       1196      11205      12401       9268       1.14       0.30     10925.91   8709.05      6200   
6874956.00    323        2377       2700       1177      11123      12300       9157       1.14       0.31     10829.26   8805.69      6150   
6979122.00    323        2393       2716       1177      11107      12284       9182       1.13       0.31     10834.92   8800.03      6142   
7083288.00    355        2540       2895       1145      10960      12105      12105       1.14       0.32     10663.16   8971.79     12105   
7187454.00    327        2500       2827       1173      11000      12173      12173       1.13       0.32     10745.86   8889.10     12173   
7291620.00    332        2483       2815       1168      11017      12185      12185       1.14       0.32     10710.39   8924.57     12185   
7395786.00    325        2377       2702       1175      11123      12298      12298       1.14       0.30     10766.25   8868.71     12298   
7499952.00    301        2104       2405       1199      11396      12595      12595       1.14       0.28     11004.61   8630.35     12595   
7604118.00    302        2055       2357       1198      11445      12643      12643       1.15       0.27     10995.55   8639.40     12643   
7708284.00    311        2124       2435       1189      11376      12565      12565       1.15       0.28     10932.50   8702.46     12565   
7812450.00    285        2068       2353       1215      11432      12647      12647       1.14       0.28     11087.45   8547.51     12647   
7916616.00    301        1993       2294       1199      11507      12706      12706       1.14       0.27     11133.25   8501.70     12706   
8020782.00    291        1970       2261       1209      11530      12739      12739       1.14       0.27     11163.14   8471.82     12739   
8124948.00    310        2137       2447       1190      11363      12553      12553       1.14       0.28     11012.40   8622.55     12553   
8229114.00    283        2087       2370       1217      11413      12630      12630       1.14       0.28     11055.76   8579.20     12630   
8333280.00    276        2093       2369       1224      11407      12631      12631       1.14       0.28     11069.14   8565.82     12631   
8437446.00    295        2091       2386       1205      11409      12614      12614       1.14       0.28     11092.56   8542.40     12614   
8541612.00    288        2125       2413       1212      11375      12587      12587       1.14       0.28     11032.97   8601.98     12587   
8645778.00    273        2036       2309       1227      11464      12691      12691       1.14       0.27     11161.14   8473.82     12691   
8749944.00    278        2033       2311       1222      11467      12689      12689       1.14       0.27     11169.11   8465.85     12689   
8854110.00    315        2262       2577       1185      11238      12423      12423       1.14       0.29     10873.00   8761.95     12423   
8958276.00    292        2318       2610       1208      11182      12390      12390       1.14       0.30     10915.03   8719.92     12390   
9062442.00    289        2396       2685       1211      11104      12315      12315       1.13       0.31     10872.50   8762.45     12315   
9166608.00    291        2392       2683       1209      11108      12317      12317       1.14       0.30     10803.08   8831.88     12317   
9270774.00    292        2345       2637       1208      11155      12363      12363       1.14       0.30     10869.46   8765.49     12363   
9374940.00    318        2421       2739       1182      11079      12261      12261       1.14       0.31     10734.88   8900.07     12261   
9479106.00    297        2356       2653       1203      11144      12347      12347       1.14       0.30     10802.35   8832.60     12347   
9583272.00    293        2327       2620       1207      11173      12380      12380       1.15       0.29     10737.40   8897.55     12380   
9687438.00    272        2136       2408       1228      11364      12592      12592       1.15       0.28     10920.46   8714.50     12592   
9791604.00    277        2119       2396       1223      11381      12604      12604       1.15       0.27     10920.97   8713.98     12604   
9895770.00    266        2025       2291       1234      11475      12709      12709       1.16       0.27     10993.71   8641.25     12709   
9999936.00    254        1985       2239       1246      11515      12761      12761       1.16       0.26     10995.72   8639.23     12761   
10104102.00    236        1937       2173       1264      11563      12827      12827       1.17       0.25     10994.74   8640.21     12827   
10208268.00    255        1958       2213       1245      11542      12787      12787       1.16       0.26     10992.00   8642.95     12787   
10312434.00    257        1966       2223       1243      11534      12777      12777       1.16       0.26     11046.14   8588.82     12777   
10416600.00    264        1990       2254       1236      11510      12746      12746       1.16       0.26     10995.40   8639.56     12746   
10520766.00    274        1982       2256       1226      11518      12744      12744       1.16       0.26     10946.55   8688.41     12744   
10624932.00    254        1945       2199       1246      11555      12801      12801       1.16       0.26     11019.85   8615.11     12801   
10729098.00    256        1829       2085       1244      11671      12915      12915       1.16       0.24     11124.29   8510.66     12915   
10833264.00    254        1864       2118       1246      11636      12882      12882       1.16       0.25     11068.46   8566.49     12882   
10937430.00    270        1916       2186       1230      11584      12814      12814       1.16       0.25     11039.18   8595.77     12814   
11041596.00    273        1901       2174       1227      11599      12826      12826       1.16       0.25     11013.99   8620.97     12826   
11145762.00    284        2046       2330       1216      11454      12670      12670       1.15       0.27     10974.05   8660.90     12670   
11249928.00    289        2108       2397       1211      11392      12603      12603       1.15       0.28     10924.71   8710.25     12603   
11354094.00    282        2165       2447       1218      11335      12553      12553       1.15       0.28     10874.30   8760.65     12553   
11458260.00    280        2226       2506       1220      11274      12494      12494       1.16       0.28     10797.63   8837.33     12494   
11562426.00    289        2139       2428       1211      11361      12572      12572       1.15       0.28     10902.76   8732.19     12572   
11666592.00    289        2152       2441       1211      11348      12559      12559       1.16       0.28     10856.65   8778.30     12559   
11770758.00    284        2074       2358       1216      11426      12642      12642       1.16       0.27     10915.81   8719.14     12642   
11874924.00    285        2026       2311       1215      11474      12689      12689       1.16       0.27     10961.79   8673.16     12689   
11979090.00    291        2018       2309       1209      11482      12691      12691       1.16       0.27     10982.23   8652.72     12691   
12083256.00    288        1990       2278       1212      11510      12722      12722       1.15       0.27     11074.07   8560.89     12722   
12187422.00    287        2077       2364       1213      11423      12636      12636       1.16       0.27     10894.29   8740.66     12636   
12291588.00    290        2174       2464       1210      11326      12536      12536       1.17       0.28     10731.92   8903.04     12536   
12395754.00    292        2145       2437       1208      11355      12563      12563       1.17       0.28     10777.84   8857.11     12563   
12499920.00    298        2062       2360       1202      11438      12640      12640       1.16       0.27     10863.45   8771.51     12640   
12604086.00    276        1997       2273       1224      11503      12727      12727       1.16       0.26     10989.12   8645.84     12727   
12708252.00    260        1964       2224       1240      11536      12776      12776       1.16       0.26     10988.97   8645.99     12776   
12812418.00    240        1867       2107       1260      11633      12893      12893       1.16       0.25     11112.66   8522.29     12893   
12916584.00    238        1722       1960       1262      11778      13040      13040       1.16       0.23     11241.26   8393.69     13040   
13020750.00    242        1794       2036       1258      11706      12964      12964       1.16       0.24     11163.78   8471.18     12964   
13124916.00    250        1905       2155       1250      11595      12845      12845       1.17       0.25     11025.42   8609.54     12845   
13229082.00    241        1999       2240       1259      11501      12760      12760       1.16       0.26     11009.04   8625.91     12760   
13333248.00    251        2052       2303       1249      11448      12697      12697       1.15       0.27     11022.32   8612.63     12697   
13437414.00    259        2126       2385       1241      11374      12615      12615       1.15       0.28     11015.28   8619.67     12615   
13541580.00    279        2156       2435       1221      11344      12565      12565       1.15       0.28     10959.15   8675.81     12565   
13645746.00    282        2129       2411       1218      11371      12589      12589       1.15       0.28     10904.23   8730.73     12589   
13749912.00    276        2032       2308       1224      11468      12692      12692       1.15       0.27     10995.99   8638.96     12692   
13854078.00    297        2234       2531       1203      11266      12469      12469       1.16       0.29     10779.78   8855.17     12469   
13958244.00    267        2164       2431       1233      11336      12569      12569       1.16       0.28     10851.54   8783.41     12569   
14062410.00    264        2102       2366       1236      11398      12634      12634       1.17       0.27     10826.34   8808.61     12634   
14166576.00    241        1923       2164       1259      11577      12836      12836       1.17       0.25     11013.27   8621.69     12836   
14270742.00    240        1786       2026       1260      11714      12974      12974       1.16       0.24     11185.79   8449.16     12974   
14374908.00    251        1766       2017       1249      11734      12983      12983       1.16       0.24     11145.17   8489.78     12983   
14479074.00    243        1717       1960       1257      11783      13040      13040       1.17       0.23     11175.89   8459.07     13040   
14583240.00    239        1705       1944       1261      11795      13056      13056       1.16       0.23     11239.94   8395.01     13056   
14687406.00    229        1685       1914       1271      11815      13086      13086       1.16       0.23     11324.03   8310.92     13086   
14791572.00    230        1697       1927       1270      11803      13073      13073       1.15       0.23     11337.95   8297.00     13073   
14895738.00    241        1791       2032       1259      11709      12968      12968       1.14       0.25     11383.20   8251.75     12968   
14999904.00    271        2055       2326       1229      11445      12674      12674       1.14       0.27     11105.83   8529.13     12674   
15104070.00    292        2196       2488       1208      11304      12512      12512       1.15       0.28     10861.55   8773.40     12512   
15208236.00    300        2372       2672       1200      11128      12328      12328       1.16       0.30     10615.35   9019.60     12328   
15312402.00    293        2273       2566       1207      11227      12434      12434       1.16       0.29     10694.59   8940.37     12434   
15416568.00    307        2260       2567       1193      11240      12433      12433       1.17       0.29     10660.80   8974.15     12433   
15520734.00    299        2239       2538       1201      11261      12462      12462       1.17       0.28     10660.01   8974.94     12462   
15624900.00    310        2238       2548       1190      11262      12452      12452       1.17       0.28     10622.70   9012.26     12452   
15729066.00    299        2218       2517       1201      11282      12483      12483       1.17       0.28     10637.85   8997.11     12483   
15833232.00    308        2117       2425       1192      11383      12575      12575       1.17       0.27     10726.10   8908.85     12575   
15937398.00    285        1916       2201       1215      11584      12799      12799       1.17       0.25     10967.43   8667.52     12799   
16041564.00    265        1817       2082       1235      11683      12918      12918       1.16       0.24     11123.85   8511.10     12918   
16145730.00    272        1840       2112       1228      11660      12888      12888       1.16       0.25     11113.91   8521.04     12888   
16249896.00    245        1808       2053       1255      11692      12947      12947       1.15       0.24     11210.59   8424.36     12947   
16354062.00    244        1890       2134       1256      11610      12866      12866       1.15       0.25     11195.98   8438.97     12866   
16458228.00    265        2055       2320       1235      11445      12680      12680       1.15       0.27     11040.44   8594.51     12680   
16562394.00    266        2103       2369       1234      11397      12631      12631       1.15       0.27     10965.61   8669.35     12631   
16666560.00    260        1823       2083       1240      11677      12917      12917       1.15       0.25     11209.89   8425.07     12917   
16770726.00    256        1928       2184       1244      11572      12816      12816       1.15       0.26     11124.60   8510.35     12816   
16874892.00    277        1975       2252       1223      11525      12748      12748       1.15       0.26     11063.60   8571.35     12748   
16979058.00    278        2008       2286       1222      11492      12714      12714       1.15       0.27     11103.14   8531.81     12714   
17083224.00    293        2183       2476       1207      11317      12524      12524       1.15       0.28     10897.18   8737.77     12524   
17187390.00    275        2175       2450       1225      11325      12550      12550       1.15       0.28     10891.29   8743.66     12550   
17291556.00    268        2089       2357       1232      11411      12643      12643       1.15       0.27     10989.75   8645.21     12643   
17395722.00    259        1990       2249       1241      11510      12751      12751       1.15       0.26     11069.84   8565.12     12751   
17499888.00    282        2035       2317       1218      11465      12683      12683       1.15       0.27     11018.22   8616.74     12683   
17604054.00    281        2186       2467       1219      11314      12533      12533       1.15       0.28     10908.36   8726.59     12533   
17708220.00    274        2115       2389       1226      11385      12611      12611       1.14       0.28     11016.17   8618.79     12611   
17812386.00    293        2174       2467       1207      11326      12533      12533       1.14       0.28     10961.13   8673.82     12533   
17916552.00    269        2146       2415       1231      11354      12585      12585       1.15       0.28     10989.76   8645.19     12585   
18020718.00    281        2192       2473       1219      11308      12527      12527       1.15       0.28     10902.68   8732.28     12527   
18124884.00    275        2185       2460       1225      11315      12540      12540       1.15       0.28     10936.20   8698.76     12540   
18229050.00    265        2155       2420       1235      11345      12580      12580       1.14       0.28     11011.26   8623.70     12580   
18333216.00    250        2161       2411       1250      11339      12589      12589       1.14       0.28     11028.21   8606.74     12589   
18437382.00    238        2007       2245       1262      11493      12755      12755       1.14       0.26     11147.52   8487.44     12755   
18541548.00    258        1965       2223       1242      11535      12777      12777       1.14       0.26     11162.18   8472.78     12777   
18645714.00    257        2052       2309       1243      11448      12691      12691       1.14       0.27     11088.17   8546.78     12691   
18749880.00    264        2038       2302       1236      11462      12698      12698       1.14       0.27     11143.71   8491.25     12698   
18854046.00    282        2179       2461       1218      11321      12539      12539       1.15       0.28     10926.34   8708.62     12539   
18958212.00    268        2021       2289       1232      11479      12711      12711       1.15       0.27     11052.08   8582.87     12711   
19062378.00    249        1937       2186       1251      11563      12814      12814       1.15       0.26     11167.66   8467.29     12814   
19166544.00    263        2105       2368       1237      11395      12632      12632       1.14       0.28     11048.05   8586.91     12632   
19270710.00    259        2068       2327       1241      11432      12673      12673       1.14       0.27     11115.91   8519.04     12673   
19374876.00    261        2233       2494       1239      11267      12506      12506       1.15       0.29     10914.44   8720.51     12506   
19479042.00    288        2277       2565       1212      11223      12435      12435       1.15       0.29     10769.13   8865.82     12435   
19583208.00    269        1887       2156       1231      11613      12844      12844       1.15       0.25     11160.20   8474.75     12844   
19687374.00    278        2013       2291       1222      11487      12709      12709       1.15       0.27     11043.65   8591.31     12709   
19791540.00    291        2103       2394       1209      11397      12606      12606       1.15       0.28     10936.38   8698.58     12606   
19895706.00    283        2100       2383       1217      11400      12617      12617       1.15       0.28     11014.17   8620.78     12617   
19999872.00    296        2143       2439       1204      11357      12561      12561       1.15       0.28     10918.40   8716.56     12561   
20104038.00    286        2051       2337       1214      11449      12663      12663       1.15       0.27     10986.63   8648.33     12663   
20208204.00    285        2115       2400       1215      11385      12600      12600       1.15       0.28     10922.96   8711.99     12600   
20312370.00    284        2168       2452       1216      11332      12548      12548       1.17       0.28     10761.32   8873.64     12548   
20416536.00    310        2230       2540       1190      11270      12460      12460       1.16       0.28     10696.30   8938.66     12460   
20520702.00    321        2271       2592       1179      11229      12408      12408       1.17       0.29     10616.95   9018.01     12408   
20624868.00    297        2102       2399       1203      11398      12601      12601       1.17       0.27     10755.65   8879.31     12601   
20729034.00    261        1943       2204       1239      11557      12796      12796       1.16       0.25     10990.81   8644.14     12796   
20833200.00    238        1758       1996       1262      11742      13004      13004       1.16       0.24     11190.67   8444.28     13004   
20937366.00    240        1768       2008       1260      11732      12992      12992       1.16       0.24     11230.55   8404.40     12992   
21041532.00    228        1808       2036       1272      11692      12964      12964       1.16       0.24     11195.28   8439.68     12964   
21145698.00    262        1851       2113       1238      11649      12887      12887       1.16       0.25     11144.67   8490.28     12887   
21249864.00    231        1828       2059       1269      11672      12941      12941       1.16       0.24     11201.73   8433.22     12941   
21354030.00    243        1830       2073       1257      11670      12927      12927       1.16       0.24     11160.52   8474.44     12927   
21458196.00    241        1827       2068       1259      11673      12932      12932       1.16       0.24     11170.47   8464.49     12932   
21562362.00    251        1926       2177       1249      11574      12823      12823       1.16       0.25     11017.84   8617.12     12823   
21666528.00    257        1905       2162       1243      11595      12838      12838       1.16       0.25     11089.67   8545.28     12838   
21770694.00    264        1910       2174       1236      11590      12826      12826       1.15       0.26     11149.52   8485.43     12826   
21874860.00    279        2028       2307       1221      11472      12693      12693       1.15       0.27     11038.29   8596.66     12693   
21979026.00    278        1979       2257       1222      11521      12743      12743       1.15       0.26     11105.83   8529.13     12743   
22083192.00    272        1925       2197       1228      11575      12803      12803       1.15       0.26     11167.58   8467.38     12803   
22187358.00    257        1825       2082       1243      11675      12918      12918       1.14       0.25     11286.12   8348.84     12918   
22291524.00    262        1906       2168       1238      11594      12832      12832       1.14       0.26     11272.48   8362.48     12832   
22395690.00    296        2074       2370       1204      11426      12630      12630       1.14       0.28     11106.50   8528.45     12630   
22499856.00    294        2130       2424       1206      11370      12576      12576       1.14       0.28     11038.51   8596.45     12576   
22604022.00    305        2290       2595       1195      11210      12405      12405       1.14       0.30     10922.81   8712.15     12405   
22708188.00    322        2462       2784       1178      11038      12216      12216       1.14       0.31     10735.96   8899.00     12216   
22812354.00    354        2624       2978       1146      10876      12022      12022       1.14       0.33     10499.98   9134.97     12022   
22916520.00    361        2601       2962       1139      10899      12038      12038       1.15       0.32     10457.24   9177.72     12038   
23020686.00    343        2632       2975       1157      10868      12025      12025       1.15       0.33     10497.08   9137.88     12025   
23124852.00    329        2589       2918       1171      10911      12082      12082       1.15       0.32     10498.09   9136.86     12082   
23229018.00    290        2346       2636       1210      11154      12364      12364       1.15       0.30     10746.04   8888.91     12364   
23333184.00    311        2352       2663       1189      11148      12337      12337       1.15       0.30     10698.68   8936.27     12337   
23437350.00    280        2124       2404       1220      11376      12596      12596       1.16       0.27     10879.74   8755.22     12596   
23541516.00    274        2017       2291       1226      11483      12709      12709       1.16       0.26     10954.67   8680.29     12709   
23645682.00    259        1903       2162       1241      11597      12838      12838       1.16       0.25     11062.96   8571.99     12838   
23749848.00    272        1911       2183       1228      11589      12817      12817       1.16       0.25     11017.48   8617.47     12817   
23854014.00    255        1783       2038       1245      11717      12962      12962       1.16       0.24     11143.87   8491.09     12962   
23958180.00    251        1810       2061       1249      11690      12939      12939       1.16       0.24     11161.63   8473.33     12939   
24062346.00    267        1925       2192       1233      11575      12808      12808       1.16       0.26     11056.50   8578.45     12808   
24166512.00    278        1952       2230       1222      11548      12770      12770       1.15       0.26     11082.84   8552.12     12770   
24270678.00    281        1964       2245       1219      11536      12755      12755       1.15       0.26     11054.11   8580.84     12755   
24374844.00    271        2030       2301       1229      11470      12699      12699       1.15       0.27     11038.63   8596.33     12699   
24479010.00    263        1969       2232       1237      11531      12768      12768       1.15       0.26     11106.57   8528.38     12768   
24583176.00    274        2043       2317       1226      11457      12683      12683       1.15       0.27     11036.66   8598.29     12683   
24687342.00    285        2011       2296       1215      11489      12704      12704       1.15       0.27     11079.17   8555.78     12704   
24791508.00    275        1979       2254       1225      11521      12746      12746       1.15       0.26     11061.40   8573.56     12746   
24895674.00    289        1968       2257       1211      11532      12743      12743       1.15       0.26     11045.75   8589.20     12743   
24999840.00    254        1913       2167       1246      11587      12833      12833       1.15       0.26     11152.84   8482.12     12833   
25104006.00    266        1919       2185       1234      11581      12815      12815       1.15       0.26     11146.69   8488.26     12815   
25208172.00    261        1833       2094       1239      11667      12906      12906       1.15       0.25     11207.37   8427.58     12906   
25312338.00    294        1911       2205       1206      11589      12795      12795       1.16       0.26     11064.05   8570.91     12795   
25416504.00    292        1863       2155       1208      11637      12845      12845       1.15       0.25     11122.81   8512.14     12845   
25520670.00    292        2045       2337       1208      11455      12663      12663       1.15       0.27     10998.44   8636.51     12663   
25624836.00    274        2116       2390       1226      11384      12610      12610       1.15       0.28     10973.65   8661.31     12610   
25729002.00    298        2130       2428       1202      11370      12572      12572       1.15       0.28     10905.65   8729.30     12572   
25833168.00    290        2179       2469       1210      11321      12531      12531       1.16       0.28     10836.07   8798.88     12531   
25937334.00    274        2123       2397       1226      11377      12603      12603       1.15       0.28     10948.98   8685.97     12603   
26041500.00    278        2062       2340       1222      11438      12660      12660       1.15       0.27     10983.74   8651.22     12660   
26145666.00    268        1955       2223       1232      11545      12777      12777       1.15       0.26     11111.88   8523.08     12777   
26249832.00    290        2068       2358       1210      11432      12642      12642       1.15       0.27     11012.94   8622.02     12642   
26353998.00    312        2135       2447       1188      11365      12553      12553       1.15       0.28     10896.41   8738.54     12553   
26458164.00    309        2283       2592       1191      11217      12408      12408       1.16       0.29     10738.18   8896.77     12408   
26562330.00    307        2226       2533       1193      11274      12467      12467       1.16       0.29     10752.44   8882.52     12467   
26666496.00    311        2288       2599       1189      11212      12401      12401       1.16       0.29     10650.74   8984.21     12401   
26770662.00    317        2174       2491       1183      11326      12509      12509       1.16       0.28     10798.92   8836.03     12509   
26874828.00    297        2139       2436       1203      11361      12564      12564       1.16       0.28     10811.12   8823.83     12564   
26978994.00    283        1984       2267       1217      11516      12733      12733       1.16       0.26     10986.10   8648.86     12733   
27083160.00    272        1916       2188       1228      11584      12812      12812       1.16       0.25     11050.98   8583.97     12812   
27187326.00    283        1991       2274       1217      11509      12726      12726       1.16       0.26     10987.48   8647.47     12726   
27291492.00    290        1973       2263       1210      11527      12737      12737       1.16       0.26     10977.50   8657.46     12737   
27395658.00    278        1988       2266       1222      11512      12734      12734       1.16       0.26     10964.97   8669.99     12734   
27499824.00    272        1950       2222       1228      11550      12778      12778       1.16       0.26     11007.05   8627.90     12778   
27603990.00    277        1999       2276       1223      11501      12724      12724       1.16       0.26     10996.38   8638.57     12724   
27708156.00    275        1985       2260       1225      11515      12740      12740       1.16       0.26     10966.23   8668.73     12740   
27812322.00    297        2011       2308       1203      11489      12692      12692       1.17       0.26     10867.39   8767.57     12692   
27916488.00    279        2011       2290       1221      11489      12710      12710       1.17       0.26     10879.77   8755.19     12710   
28020654.00    278        2066       2344       1222      11434      12656      12656       1.16       0.27     10876.98   8757.98     12656   
28124820.00    261        2014       2275       1239      11486      12725      12725       1.16       0.26     10949.00   8685.96     12725   
28228986.00    269        1973       2242       1231      11527      12758      12758       1.16       0.26     10976.80   8658.16     12758   
28333152.00    271        1966       2237       1229      11534      12763      12763       1.16       0.26     10990.86   8644.10     12763   
28437318.00    252        1907       2159       1248      11593      12841      12841       1.16       0.25     11050.81   8584.15     12841   
28541484.00    237        1857       2094       1263      11643      12906      12906       1.16       0.25     11135.26   8499.69     12906   
28645650.00    249        1847       2096       1251      11653      12904      12904       1.15       0.25     11199.13   8435.82     12904   
28749816.00    251        1946       2197       1249      11554      12803      12803       1.15       0.26     11139.35   8495.61     12803   
28853982.00    259        2023       2282       1241      11477      12718      12718       1.15       0.27     11097.84   8537.11     12718   
28958148.00    262        2051       2313       1238      11449      12687      12687       1.15       0.27     11037.87   8597.08     12687   
29062314.00    264        2062       2326       1236      11438      12674      12674       1.15       0.27     11010.40   8624.56     12674   
29166480.00    280        2219       2499       1220      11281      12501      12501       1.15       0.28     10843.91   8791.05     12501   
29270646.00    278        2191       2469       1222      11309      12531      12531       1.16       0.28     10816.87   8818.08     12531   
29374812.00    289        2054       2343       1211      11446      12657      12657       1.15       0.27     10985.64   8649.31     12657   
29478978.00    297        2126       2423       1203      11374      12577      12577       1.15       0.28     10929.95   8705.00     12577   
29583144.00    299        2072       2371       1201      11428      12629      12629       1.15       0.27     10954.31   8680.65     12629   
29687310.00    303        2165       2468       1197      11335      12532      12532       1.15       0.28     10862.39   8772.57     12532   
29791476.00    279        2062       2341       1221      11438      12659      12659       1.15       0.27     10977.04   8657.92     12659   
29895642.00    290        2051       2341       1210      11449      12659      12659       1.15       0.27     11010.74   8624.22     12659   
29999808.00    314        2121       2435       1186      11379      12565      12565       1.16       0.28     10877.90   8757.06     12565   
30103974.00    313        2208       2521       1187      11292      12479      12479       1.16       0.28     10783.41   8851.54     12479   
30208140.00    343        2129       2472       1157      11371      12528      12528       1.16       0.28     10833.58   8801.38     12528   
30312306.00    335        2080       2415       1165      11420      12585      12585       1.16       0.28     10862.02   8772.93     12585   
30416472.00    324        1950       2274       1176      11550      12726      12726       1.15       0.26     11018.28   8616.68     12726   
30520638.00    313        1922       2235       1187      11578      12765      12765       1.15       0.26     11100.17   8534.78     12765   
30624804.00    316        1916       2232       1184      11584      12768      12768       1.14       0.26     11202.34   8432.62     12768   
30728970.00    318        2092       2410       1182      11408      12590      12590       1.14       0.28     11037.03   8597.92     12590   
30833136.00    316        2163       2479       1184      11337      12521      12521       1.15       0.28     10907.24   8727.71     12521   
30937302.00    298        2225       2523       1202      11275      12477      12477       1.16       0.29     10793.47   8841.48     12477   
31041468.00    311        2343       2654       1189      11157      12346      12346       1.16       0.29     10616.12   9018.83     12346   
31145634.00    293        2217       2510       1207      11283      12490      12490       1.17       0.28     10702.71   8932.25     12490   
31249800.00    267        2161       2428       1233      11339      12572      12572       1.16       0.27     10794.35   8840.61     12572   
31353966.00    278        2163       2441       1222      11337      12559      12559       1.17       0.28     10776.16   8858.80     12559   
31458132.00    272        2012       2284       1228      11488      12716      12716       1.16       0.26     10961.12   8673.84     12716   
31562298.00    273        1957       2230       1227      11543      12770      12770       1.16       0.26     11036.69   8598.26     12770   
31666464.00    268        1971       2239       1232      11529      12761      12761       1.15       0.26     11115.51   8519.44     12761   
31770630.00    287        1996       2283       1213      11504      12717      12717       1.14       0.27     11137.33   8497.62     12717   
31874796.00    279        2090       2369       1221      11410      12631      12631       1.15       0.27     10969.32   8665.64     12631   
31978962.00    289        2074       2363       1211      11426      12637      12637       1.16       0.27     10923.47   8711.48     12637   
32083128.00    268        1972       2240       1232      11528      12760      12760       1.16       0.26     11032.23   8602.73     12760   
32187294.00    252        1939       2191       1248      11561      12809      12809       1.16       0.25     11041.20   8593.75     12809   
32291460.00    248        1831       2079       1252      11669      12921      12921       1.16       0.24     11143.85   8491.11     12921   
32395626.00    233        1825       2058       1267      11675      12942      12942       1.15       0.25     11247.73   8387.22     12942   
32499792.00    245        1892       2137       1255      11608      12863      12863       1.16       0.25     11103.65   8531.31     12863   
32603958.00    247        1880       2127       1253      11620      12873      12873       1.15       0.25     11205.90   8429.06     12873   
32708124.00    267        1942       2209       1233      11558      12791      12791       1.16       0.26     11057.67   8577.29     12791   
32812290.00    269        1916       2185       1231      11584      12815      12815       1.16       0.25     11057.56   8577.40     12815   
32916456.00    268        1927       2195       1232      11573      12805      12805       1.16       0.26     11045.69   8589.26     12805   
33020622.00    263        1891       2154       1237      11609      12846      12846       1.16       0.25     11062.76   8572.19     12846   
33124788.00    245        1792       2037       1255      11708      12963      12963       1.16       0.24     11168.55   8466.40     12963   
33228954.00    248        1748       1996       1252      11752      13004      13004       1.16       0.24     11240.54   8394.42     13004   
33333120.00    244        1776       2020       1256      11724      12980      12980       1.15       0.24     11265.16   8369.79     12980   
33437286.00    222        1780       2002       1278      11720      12998      12998       1.15       0.24     11267.80   8367.16     12998   
33541452.00    231        1838       2069       1269      11662      12931      12931       1.16       0.25     11195.00   8439.95     12931   
33645618.00    225        1820       2045       1275      11680      12955      12955       1.15       0.25     11298.53   8336.42     12955   
33749784.00    248        1943       2191       1252      11557      12809      12809       1.16       0.26     11089.11   8545.84     12809   
33853950.00    240        1939       2179       1260      11561      12821      12821       1.16       0.25     11068.27   8566.68     12821   
33958116.00    244        1900       2144       1256      11600      12856      12856       1.16       0.25     11082.10   8552.85     12856   
34062282.00    260        1949       2209       1240      11551      12791      12791       1.16       0.26     11014.58   8620.38     12791   
34166448.00    257        1883       2140       1243      11617      12860      12860       1.15       0.25     11162.65   8472.30     12860   
34270614.00    248        1873       2121       1252      11627      12879      12879       1.15       0.25     11182.08   8452.88     12879   
34374780.00    266        2044       2310       1234      11456      12690      12690       1.15       0.27     11063.21   8571.74     12690   
34478946.00    280        2058       2338       1220      11442      12662      12662       1.15       0.27     10977.82   8657.13     12662   
34583112.00    275        2085       2360       1225      11415      12640      12640       1.15       0.27     10990.79   8644.16     12640   
34687278.00    249        2011       2260       1251      11489      12740      12740       1.15       0.26     11099.14   8535.82     12740   
34791444.00    259        2002       2261       1241      11498      12739      12739       1.15       0.26     11055.45   8579.50     12739   
34895610.00    260        2020       2280       1240      11480      12720      12720       1.16       0.26     10992.25   8642.71     12720   
34999776.00    249        1952       2201       1251      11548      12799      12799       1.16       0.26     11032.34   8602.61     12799   
35103942.00    253        1932       2185       1247      11568      12815      12815       1.16       0.25     11026.14   8608.81     12815   
35208108.00    238        1862       2100       1262      11638      12900      12900       1.16       0.25     11114.01   8520.95     12900   
35312274.00    243        1827       2070       1257      11673      12930      12930       1.16       0.24     11171.37   8463.59     12930   
35416440.00    259        1862       2121       1241      11638      12879      12879       1.14       0.25     11313.26   8321.70     12879   
35520606.00    249        2055       2304       1251      11445      12696      12696       1.14       0.27     11166.16   8468.80     12696   
35624772.00    284        2110       2394       1216      11390      12606      12606       1.14       0.28     11023.04   8611.91     12606   
35728938.00    324        2405       2729       1176      11095      12271      12271       1.15       0.30     10642.39   8992.57     12271   
35833104.00    311        2290       2601       1189      11210      12399      12399       1.15       0.29     10746.96   8888.00     12399   
35937270.00    283        2222       2505       1217      11278      12495      12495       1.15       0.28     10842.59   8792.37     12495   
36041436.00    282        2138       2420       1218      11362      12580      12580       1.15       0.28     10916.34   8718.61     12580   
36145602.00    264        2148       2412       1236      11352      12588      12588       1.16       0.28     10886.20   8748.76     12588   
36249768.00    271        2010       2281       1229      11490      12719      12719       1.16       0.26     10935.01   8699.95     12719   
36353934.00    260        1877       2137       1240      11623      12863      12863       1.16       0.25     11095.25   8539.71     12863   
36458100.00    255        1837       2092       1245      11663      12908      12908       1.16       0.25     11167.89   8467.06     12908   
36562266.00    252        1832       2084       1248      11668      12916      12916       1.16       0.25     11160.76   8474.19     12916   
36666432.00    260        1879       2139       1240      11621      12861      12861       1.15       0.25     11180.02   8454.93     12861   
36770598.00    253        1916       2169       1247      11584      12831      12831       1.15       0.26     11181.01   8453.94     12831   
36874764.00    261        1939       2200       1239      11561      12800      12800       1.15       0.26     11138.33   8496.62     12800   
36978930.00    249        1935       2184       1251      11565      12816      12816       1.15       0.26     11147.62   8487.34     12816   
37083096.00    262        2128       2390       1238      11372      12610      12610       1.14       0.28     11013.66   8621.30     12610   
37187262.00    285        2233       2518       1215      11267      12482      12482       1.15       0.29     10838.40   8796.55     12482   
37291428.00    280        2193       2473       1220      11307      12527      12527       1.16       0.28     10826.71   8808.25     12527   
37395594.00    284        2122       2406       1216      11378      12594      12594       1.16       0.28     10894.15   8740.80     12594   
37499760.00    293        2164       2457       1207      11336      12543      12543       1.16       0.28     10847.17   8787.79     12543   
37603926.00    300        2129       2429       1200      11371      12571      12571       1.15       0.28     10885.74   8749.21     12571   
37708092.00    288        2060       2348       1212      11440      12652      12652       1.15       0.27     10959.68   8675.28     12652   
37812258.00    298        2115       2413       1202      11385      12587      12587       1.15       0.28     10943.59   8691.36     12587   
37916424.00    297        2141       2438       1203      11359      12562      12562       1.15       0.28     10962.83   8672.12     12562   
38020590.00    311        2200       2511       1189      11300      12489      12489       1.15       0.29     10874.65   8760.30     12489   
38124756.00    318        2328       2646       1182      11172      12354      12354       1.15       0.30     10739.78   8895.17     12354   
38228922.00    307        2331       2638       1193      11169      12362      12362       1.15       0.30     10741.72   8893.23     12362   
38333088.00    319        2559       2878       1181      10941      12122      12122       1.16       0.31     10436.17   9198.79     12122   
38437254.00    305        2402       2707       1195      11098      12293      12293       1.16       0.30     10569.34   9065.62     12293   
38541420.00    281        2342       2623       1219      11158      12377      12377       1.17       0.29     10616.44   9018.52     12377   
38645586.00    287        2229       2516       1213      11271      12484      12484       1.16       0.28     10754.58   8880.37     12484   
38749752.00    262        2083       2345       1238      11417      12655      12655       1.16       0.27     10883.39   8751.57     12655   
38853918.00    245        1985       2230       1255      11515      12770      12770       1.16       0.26     11043.48   8591.47     12770   
38958084.00    241        2028       2269       1259      11472      12731      12731       1.15       0.26     11056.61   8578.35     12731   
39062250.00    251        1968       2219       1249      11532      12781      12781       1.16       0.26     11045.70   8589.26     12781   
39166416.00    250        1851       2101       1250      11649      12899      12899       1.16       0.25     11151.70   8483.26     12899   
39270582.00    238        1787       2025       1262      11713      12975      12975       1.16       0.24     11221.01   8413.94     12975   
39374748.00    227        1660       1887       1273      11840      13113      13113       1.15       0.23     11400.97   8233.99     13113   
39478914.00    228        1775       2003       1272      11725      12997      12997       1.15       0.24     11333.46   8301.50     12997   
39583080.00    260        1900       2160       1240      11600      12840      12840       1.14       0.26     11225.98   8408.98     12840   
39687246.00    273        1993       2266       1227      11507      12734      12734       1.15       0.27     11101.14   8533.82     12734   
39791412.00    274        2117       2391       1226      11383      12609      12609       1.15       0.28     10959.32   8675.63     12609   
39895578.00    274        2163       2437       1226      11337      12563      12563       1.16       0.28     10821.62   8813.34     12563   
39999744.00    267        2029       2296       1233      11471      12704      12704       1.17       0.26     10866.63   8768.33     12704   
40103910.00    259        1915       2174       1241      11585      12826      12826       1.16       0.25     11020.78   8614.18     12826   
40208076.00    254        1874       2128       1246      11626      12872      12872       1.16       0.25     11116.03   8518.93     12872   
40312242.00    257        1875       2132       1243      11625      12868      12868       1.15       0.25     11183.79   8451.16     12868   
40416408.00    265        1910       2175       1235      11590      12825      12825       1.16       0.25     11084.11   8550.85     12825   
40520574.00    254        1934       2188       1246      11566      12812      12812       1.16       0.26     11075.65   8559.30     12812   
40624740.00    263        1945       2208       1237      11555      12792      12792       1.15       0.26     11076.43   8558.52     12792   
40728906.00    264        2010       2274       1236      11490      12726      12726       1.15       0.26     11045.12   8589.83     12726   
40833072.00    283        2052       2335       1217      11448      12665      12665       1.15       0.27     10981.91   8653.04     12665   
40937238.00    277        2056       2333       1223      11444      12667      12667       1.15       0.27     10998.78   8636.17     12667   
41041404.00    269        2038       2307       1231      11462      12693      12693       1.15       0.27     10991.69   8643.26     12693   
41145570.00    280        2071       2351       1220      11429      12649      12649       1.16       0.27     10949.29   8685.66     12649   
41249736.00    284        2063       2347       1216      11437      12653      12653       1.16       0.27     10940.53   8694.43     12653   
41353902.00    269        2014       2283       1231      11486      12717      12717       1.15       0.27     11059.74   8575.22     12717   
41458068.00    296        2189       2485       1204      11311      12515      12515       1.16       0.28     10820.01   8814.95     12515   
41562234.00    288        2180       2468       1212      11320      12532      12532       1.16       0.28     10814.82   8820.14     12532   
41666400.00    276        2070       2346       1224      11430      12654      12654       1.16       0.27     10923.15   8711.81     12654   
