 Timestep    Gas_A      Gas_B     Gas_tot    Dense_A    Dense_B   Dense_tot   Lg_clust  DP_density GP_density Clust_area  Gas_area     MCS    
   0.00       3000      12000      15000        0          0          0          4         0.00       0.76       0.00     19634.96      0     
135416.00     3000      12000      15000        0          0          0         659        0.00       0.76       0.00     19634.96      0     
270832.00     2530       9568      12098       470        2432       2902       1627       0.97       0.73     2989.65    16645.31     1451   
406248.00     1985       6841       8826       1015       5159       6174       2780       1.01       0.65     6100.41    13534.55     2058   
541664.00     1643       4847       6490       1357       7153       8510       2788       1.04       0.57     8173.86    11461.09     2127   
677080.00     1609       4579       6188       1391       7421       8812       4758       1.06       0.55     8281.26    11353.70     2937   
812496.00     1597       4524       6121       1403       7476       8879       7872       1.09       0.53     8130.51    11504.45     4439   
947912.00     1415       3390       4805       1585       8610      10195       5651       1.09       0.47     9317.95    10317.00     3398   
1083328.00    1500       3375       4875       1500       8625      10125       3233       1.11       0.47     9162.05    10472.91     2531   
1218744.00    1415       2999       4414       1585       9001      10586       3609       1.12       0.43     9483.01    10151.94     2646   
1354160.00    1347       2490       3837       1653       9510      11163       6340       1.12       0.40     9977.11    9657.84      3721   
1489576.00    1265       2078       3343       1735       9922      11657       6623       1.11       0.36     10470.59   9164.36      5828   
1624992.00    1300       2063       3363       1700       9937      11637      11637       1.11       0.37     10473.40   9161.56     11637   
1760408.00    1311       2138       3449       1689       9862      11551      11551       1.12       0.37     10349.78   9285.18     11551   
1895824.00    1355       2181       3536       1645       9819      11464       6592       1.11       0.38     10285.28   9349.67      5732   
2031240.00    1388       2242       3630       1612       9758      11370      11370       1.12       0.38     10188.14   9446.82     11370   
2166656.00    1368       2263       3631       1632       9737      11369      11369       1.12       0.38     10167.12   9467.84     11369   
2302072.00    1349       2078       3427       1651       9922      11573      11573       1.12       0.37     10338.36   9296.59     11573   
2437488.00    1371       2119       3490       1629       9881      11510      11510       1.12       0.37     10270.16   9364.80     11510   
2572904.00    1348       2118       3466       1652       9882      11534      11534       1.12       0.37     10315.30   9319.65     11534   
2708320.00    1375       2184       3559       1625       9816      11441      11441       1.12       0.38     10254.36   9380.60     11441   
2843736.00    1367       2254       3621       1633       9746      11379      11379       1.12       0.38     10179.25   9455.71     11379   
2979152.00    1386       2369       3755       1614       9631      11245      11245       1.11       0.39     10087.60   9547.36     11245   
3114568.00    1379       2293       3672       1621       9707      11328      11328       1.12       0.39     10122.04   9512.91     11328   
3249984.00    1476       2587       4063       1524       9413      10937      10937       1.12       0.41     9763.81    9871.15     10937   
3385400.00    1497       2554       4051       1503       9446      10949      10949       1.13       0.41     9713.85    9921.10     10949   
3520816.00    1449       2418       3867       1551       9582      11133      11133       1.13       0.39     9840.39    9794.56     11133   
3656232.00    1394       2177       3571       1606       9823      11429      11429       1.14       0.37     10063.30   9571.65     11429   
3791648.00    1409       1987       3396       1591      10013      11604      11604       1.13       0.36     10269.06   9365.90     11604   
3927064.00    1394       2069       3463       1606       9931      11537      11537       1.13       0.37     10221.41   9413.55     11537   
4062480.00    1383       2013       3396       1617       9987      11604      11604       1.13       0.36     10307.13   9327.82     11604   
4197896.00    1403       2090       3493       1597       9910      11507      11507       1.12       0.37     10256.03   9378.93     11507   
4333312.00    1458       2296       3754       1542       9704      11246      11246       1.12       0.39     10023.47   9611.49     11246   
4468728.00    1449       2371       3820       1551       9629      11180      11180       1.12       0.39     9940.73    9694.22     11180   
4604144.00    1403       2287       3690       1597       9713      11310      11310       1.13       0.38     9982.53    9652.43     11310   
4739560.00    1380       2343       3723       1620       9657      11277      11277       1.14       0.38     9916.09    9718.86     11277   
4874976.00    1411       2425       3836       1589       9575      11164       9962       1.14       0.39     9775.01    9859.95      5582   
5010392.00    1376       2287       3663       1624       9713      11337      10170       1.14       0.38     9933.01    9701.95      5668   
5145808.00    1382       2248       3630       1618       9752      11370      10306       1.14       0.37     9932.73    9702.22      5685   
5281224.00    1466       3135       4601       1534       8865      10399      10399       1.16       0.43     8997.23    10637.72    10399   
5416640.00    1429       2944       4373       1571       9056      10627      10627       1.15       0.42     9223.79    10411.17    10627   
5552056.00    1417       2903       4320       1583       9097      10680      10680       1.16       0.42     9241.90    10393.06    10680   
5687472.00    1418       2803       4221       1582       9197      10779      10779       1.16       0.41     9260.57    10374.38    10779   
5822888.00    1386       2636       4022       1614       9364      10978      10978       1.16       0.39     9437.82    10197.13    10978   
5958304.00    1372       2630       4002       1628       9370      10998      10998       1.16       0.39     9455.42    10179.53    10998   
6093720.00    1346       2529       3875       1654       9471      11125      11125       1.16       0.38     9564.34    10070.61    11125   
6229136.00    1317       2368       3685       1683       9632      11315      11315       1.17       0.37     9683.69    9951.27     11315   
6364552.00    1285       2295       3580       1715       9705      11420      11420       1.18       0.36     9717.74    9917.21     11420   
6499968.00    1308       2234       3542       1692       9766      11458      11458       1.19       0.36     9664.48    9970.48     11458   
6635384.00    1242       1985       3227       1758      10015      11773      11773       1.18       0.33     9974.52    9660.44     11773   
6770800.00    1189       1792       2981       1811      10208      12019      12019       1.17       0.32     10245.89   9389.07     12019   
6906216.00    1214       1780       2994       1786      10220      12006      12006       1.17       0.32     10286.74   9348.21     12006   
7041632.00    1208       1750       2958       1792      10250      12042      12042       1.16       0.32     10353.40   9281.55     12042   
7177048.00    1234       1823       3057       1766      10177      11943      11943       1.17       0.33     10229.47   9405.48     11943   
7312464.00    1221       1763       2984       1779      10237      12016      12016       1.16       0.32     10382.01   9252.95     12016   
7447880.00    1281       1902       3183       1719      10098      11817      11817       1.16       0.34     10204.34   9430.62     11817   
7583296.00    1300       2014       3314       1700       9986      11686      11686       1.16       0.35     10074.94   9560.01     11686   
7718712.00    1311       2065       3376       1689       9935      11624      11624       1.16       0.35     10024.59   9610.37     11624   
7854128.00    1324       2143       3467       1676       9857      11533      11533       1.17       0.36     9899.03    9735.93     11533   
7989544.00    1313       2100       3413       1687       9900      11587      11587       1.16       0.35     9989.63    9645.33     11587   
8124960.00    1300       2112       3412       1700       9888      11588      11588       1.16       0.35     9981.84    9653.11     11588   
8260376.00    1272       2011       3283       1728       9989      11717      11717       1.16       0.34     10095.87   9539.08     11717   
8395792.00    1252       1955       3207       1748      10045      11793      11793       1.18       0.33     10030.99   9603.97     11793   
8531208.00    1271       1808       3079       1729      10192      11921      11921       1.17       0.32     10147.89   9487.06     11921   
8666624.00    1282       1791       3073       1718      10209      11927      11927       1.17       0.33     10194.89   9440.07     11927   
8802040.00    1284       1793       3077       1716      10207      11923      11923       1.17       0.33     10200.65   9434.30     11923   
8937456.00    1277       1833       3110       1723      10167      11890      11890       1.17       0.33     10184.52   9450.44     11890   
9072872.00    1287       1880       3167       1713      10120      11833      11833       1.17       0.33     10133.27   9501.69     11833   
9208288.00    1295       1888       3183       1705      10112      11817      11817       1.16       0.34     10159.08   9475.87     11817   
9343704.00    1296       1860       3156       1704      10140      11844      11844       1.16       0.33     10192.24   9442.71     11844   
9479120.00    1295       1919       3214       1705      10081      11786      11786       1.17       0.34     10097.74   9537.21     11786   
9614536.00    1260       1744       3004       1740      10256      11996      11996       1.16       0.32     10298.93   9336.03     11996   
9749952.00    1273       1819       3092       1727      10181      11908      11908       1.16       0.33     10233.16   9401.80     11908   
9885368.00    1290       1924       3214       1710      10076      11786      11786       1.17       0.34     10089.26   9545.69     11786   
10020784.00    1327       1904       3231       1673      10096      11769      11769       1.17       0.34     10044.80   9590.15     11769   
10156200.00    1329       1938       3267       1671      10062      11733      11733       1.17       0.34     10009.20   9625.76     11733   
10291616.00    1329       1870       3199       1671      10130      11801      11801       1.17       0.34     10105.83   9529.12     11801   
10427032.00    1321       1890       3211       1679      10110      11789      11789       1.16       0.34     10177.43   9457.53     11789   
10562448.00    1310       1891       3201       1690      10109      11799      11799       1.15       0.34     10231.14   9403.81     11799   
10697864.00    1336       2039       3375       1664       9961      11625      11625       1.15       0.35     10078.89   9556.06     11625   
10833280.00    1356       2131       3487       1644       9869      11513      11513       1.16       0.36     9926.46    9708.50     11513   
10968696.00    1372       2091       3463       1628       9909      11537      11537       1.16       0.36     9929.99    9704.97     11537   
11104112.00    1342       2039       3381       1658       9961      11619      11619       1.16       0.35     10043.12   9591.84     11619   
11239528.00    1328       1949       3277       1672      10051      11723      11723       1.16       0.34     10070.84   9564.11     11723   
11374944.00    1346       1973       3319       1654      10027      11681      11681       1.17       0.35     10014.75   9620.21     11681   
11510360.00    1358       2051       3409       1642       9949      11591      11591       1.17       0.35     9924.36    9710.59     11591   
11645776.00    1331       1946       3277       1669      10054      11723      11723       1.16       0.34     10065.41   9569.54     11723   
11781192.00    1362       2001       3363       1638       9999      11637      11637       1.16       0.35     10011.69   9623.26     11637   
11916608.00    1361       2063       3424       1639       9937      11576      11576       1.16       0.35     9974.68    9660.28     11576   
12052024.00    1348       2046       3394       1652       9954      11606      11606       1.16       0.35     10044.15   9590.81     11606   
12187440.00    1366       2063       3429       1634       9937      11571      11571       1.16       0.36     9980.38    9654.57     11571   
12322856.00    1335       1911       3246       1665      10089      11754      11754       1.16       0.34     10149.61   9485.34     11754   
12458272.00    1398       2044       3442       1602       9956      11558      11558       1.16       0.36     9994.24    9640.72     11558   
12593688.00    1373       2011       3384       1627       9989      11616      11616       1.16       0.35     10046.36   9588.60     11616   
12729104.00    1390       2053       3443       1610       9947      11557      11557       1.18       0.35     9810.05    9824.90     11557   
12864520.00    1354       1842       3196       1646      10158      11804      11804       1.18       0.33     10035.93   9599.03     11804   
12999936.00    1342       1765       3107       1658      10235      11893      11893       1.17       0.33     10128.02   9506.94     11893   
13135352.00    1337       1813       3150       1663      10187      11850      11850       1.17       0.33     10108.01   9526.94     11850   
13270768.00    1297       1627       2924       1703      10373      12076      12076       1.16       0.32     10436.33   9198.62     12076   
13406184.00    1324       1806       3130       1676      10194      11870      11870       1.16       0.33     10273.08   9361.88     11870   
13541600.00    1364       1923       3287       1636      10077      11713      11713       1.16       0.35     10131.81   9503.15     11713   
13677016.00    1382       1986       3368       1618      10014      11632      11632       1.16       0.35     10063.33   9571.63     11632   
13812432.00    1395       2042       3437       1605       9958      11563      11563       1.16       0.36     9995.14    9639.82     11563   
13947848.00    1374       2109       3483       1626       9891      11517      11517       1.16       0.36     9949.30    9685.65     11517   
14083264.00    1355       1945       3300       1645      10055      11700      11700       1.16       0.35     10104.94   9530.02     11700   
14218680.00    1352       1915       3267       1648      10085      11733      11733       1.16       0.34     10144.23   9490.72     11733   
14354096.00    1345       1779       3124       1655      10221      11876      11876       1.15       0.34     10344.53   9290.43     11876   
14489512.00    1326       1784       3110       1674      10216      11890      11890       1.14       0.34     10420.51   9214.45     11890   
14624928.00    1373       1851       3224       1627      10149      11776      11776       1.14       0.35     10366.49   9268.47     11776   
14760344.00    1429       2093       3522       1571       9907      11478      11478       1.13       0.37     10117.38   9517.57     11478   
14895760.00    1426       2125       3551       1574       9875      11449      11449       1.14       0.37     10036.05   9598.91     11449   
15031176.00    1443       2265       3708       1557       9735      11292      11292       1.14       0.38     9866.14    9768.81     11292   
15166592.00    1411       2093       3504       1589       9907      11496      11496       1.15       0.36     10018.04   9616.91     11496   
15302008.00    1426       2147       3573       1574       9853      11427      11427       1.15       0.37     9949.40    9685.55     11427   
15437424.00    1466       2141       3607       1534       9859      11393      11393       1.15       0.37     9882.75    9752.20     11393   
15572840.00    1462       2180       3642       1538       9820      11358      11358       1.16       0.37     9818.98    9815.97     11358   
15708256.00    1503       2357       3860       1497       9643      11140      11140       1.15       0.39     9660.83    9974.12     11140   
15843672.00    1488       2312       3800       1512       9688      11200      11200       1.16       0.38     9650.00    9984.95     11200   
15979088.00    1493       2257       3750       1507       9743      11250      11250       1.17       0.38     9653.57    9981.39     11250   
16114504.00    1451       2162       3613       1549       9838      11387      11387       1.17       0.36     9733.90    9901.05     11387   
16249920.00    1414       1982       3396       1586      10018      11604      11604       1.17       0.35     9945.08    9689.87     11604   
16385336.00    1413       1942       3355       1587      10058      11645      11645       1.16       0.35     10066.37   9568.59     11645   
16520752.00    1430       2050       3480       1570       9950      11520      11520       1.15       0.36     9982.73    9652.23     11520   
16656168.00    1468       2168       3636       1532       9832      11364      11364       1.15       0.37     9889.06    9745.89     11364   
16791584.00    1479       2139       3618       1521       9861      11382      11382       1.14       0.37     9978.80    9656.16     11382   
16927000.00    1522       2319       3841       1478       9681      11159      11159       1.14       0.39     9797.55    9837.41     11159   
17062416.00    1503       2176       3679       1497       9824      11321      11321       1.15       0.38     9856.36    9778.59     11321   
17197832.00    1520       2140       3660       1480       9860      11340      11340       1.15       0.37     9838.54    9796.42     11340   
17333248.00    1511       1991       3502       1489      10009      11498      11498       1.15       0.36     10004.96   9629.99     11498   
17468664.00    1508       2170       3678       1492       9830      11322      11322       1.14       0.38     9903.96    9731.00     11322   
17604080.00    1499       2147       3646       1501       9853      11354      11354       1.15       0.37     9897.41    9737.55     11354   
17739496.00    1503       2172       3675       1497       9828      11325      11325       1.16       0.37     9762.01    9872.95     11325   
17874912.00    1515       2229       3744       1485       9771      11256      11256       1.16       0.38     9730.25    9904.71     11256   
18010328.00    1509       2189       3698       1491       9811      11302      11302       1.16       0.37     9754.29    9880.66     11302   
18145744.00    1475       2178       3653       1525       9822      11347      11347       1.16       0.37     9808.19    9826.77     11347   
18281160.00    1449       2066       3515       1551       9934      11485      11485       1.15       0.36     9983.80    9651.15     11485   
18416576.00    1439       2035       3474       1561       9965      11526      11526       1.15       0.36     10031.80   9603.16     11526   
18551992.00    1432       2080       3512       1568       9920      11488      11488       1.15       0.36     9988.42    9646.54     11488   
18687408.00    1406       2096       3502       1594       9904      11498      11498       1.15       0.36     9980.40    9654.55     11498   
18822824.00    1445       2147       3592       1555       9853      11408      11408       1.17       0.36     9786.18    9848.78     11408   
18958240.00    1439       2003       3442       1561       9997      11558      11558       1.17       0.35     9886.40    9748.56     11558   
19093656.00    1398       1917       3315       1602      10083      11685      11685       1.17       0.34     10013.06   9621.90     11685   
19229072.00    1369       1845       3214       1631      10155      11786      11786       1.16       0.34     10163.73   9471.22     11786   
19364488.00    1354       1693       3047       1646      10307      11953      11953       1.15       0.33     10381.88   9253.07     11953   
19499904.00    1339       1753       3092       1661      10247      11908      11908       1.15       0.33     10347.11   9287.85     11908   
19635320.00    1328       1726       3054       1672      10274      11946      11946       1.16       0.33     10316.53   9318.42     11946   
19770736.00    1378       1851       3229       1622      10149      11771      11771       1.16       0.34     10173.04   9461.91     11771   
19906152.00    1383       1889       3272       1617      10111      11728      11728       1.16       0.34     10069.46   9565.50     11728   
20041568.00    1409       1936       3345       1591      10064      11655      11655       1.16       0.35     10058.28   9576.68     11655   
20176984.00    1424       2010       3434       1576       9990      11566      11566       1.16       0.36     9976.25    9658.70     11566   
20312400.00    1396       1867       3263       1604      10133      11737      11737       1.15       0.35     10196.41   9438.55     11737   
20447816.00    1418       2081       3499       1582       9919      11501      11501       1.15       0.36     9961.22    9673.74     11501   
20583232.00    1429       2047       3476       1571       9953      11524      11524       1.15       0.36     9988.79    9646.16     11524   
20718648.00    1396       1940       3336       1604      10060      11664      11664       1.15       0.35     10133.97   9500.99     11664   
20854064.00    1394       1853       3247       1606      10147      11753      11753       1.16       0.34     10096.88   9538.07     11753   
20989480.00    1425       1815       3240       1575      10185      11760      11760       1.16       0.34     10108.82   9526.13     11760   
21124896.00    1424       1752       3176       1576      10248      11824      11824       1.17       0.33     10116.89   9518.06     11824   
21260312.00    1418       1801       3219       1582      10199      11781      11781       1.17       0.34     10053.83   9581.12     11781   
21395728.00    1443       1881       3324       1557      10119      11676      11676       1.17       0.35     10013.23   9621.72     11676   
21531144.00    1426       1917       3343       1574      10083      11657      11657       1.17       0.35     9999.50    9635.45     11657   
21666560.00    1438       1926       3364       1562      10074      11636      11636       1.17       0.35     9960.90    9674.06     11636   
21801976.00    1417       1774       3191       1583      10226      11809      11809       1.16       0.34     10139.11   9495.85     11809   
21937392.00    1424       1795       3219       1576      10205      11781      11781       1.16       0.34     10183.61   9451.35     11781   
22072808.00    1427       1821       3248       1573      10179      11752      11752       1.16       0.34     10149.89   9485.07     11752   
22208224.00    1428       1931       3359       1572      10069      11641      11641       1.16       0.35     10048.68   9586.28     11641   
22343640.00    1421       1885       3306       1579      10115      11694      11694       1.16       0.35     10081.54   9553.42     11694   
22479056.00    1417       1930       3347       1583      10070      11653      11653       1.16       0.35     10002.89   9632.07     11653   
22614472.00    1429       1874       3303       1571      10126      11697      11697       1.16       0.34     10043.09   9591.87     11697   
22749888.00    1456       1982       3438       1544      10018      11562      11562       1.16       0.35     9943.28    9691.67     11562   
22885304.00    1470       1964       3434       1530      10036      11566      11566       1.16       0.35     9946.46    9688.49     11566   
23020720.00    1463       1963       3426       1537      10037      11574      11574       1.16       0.35     9969.66    9665.30     11574   
23156136.00    1440       1860       3300       1560      10140      11700      11700       1.16       0.35     10121.26   9513.70     11700   
23291552.00    1425       1910       3335       1575      10090      11665      11665       1.15       0.35     10100.19   9534.76     11665   
23426968.00    1488       2063       3551       1512       9937      11449      11449       1.16       0.36     9871.97    9762.99     11449   
23562384.00    1494       1900       3394       1506      10100      11606      11606       1.16       0.35     9968.12    9666.83     11606   
23697800.00    1494       1922       3416       1506      10078      11584      11584       1.17       0.35     9934.01    9700.94     11584   
23833216.00    1461       1796       3257       1539      10204      11743      11743       1.16       0.34     10149.00   9485.96     11743   
23968632.00    1472       1846       3318       1528      10154      11682      11682       1.15       0.35     10168.84   9466.11     11682   
24104048.00    1530       2043       3573       1470       9957      11427      11427       1.14       0.37     9994.94    9640.01     11427   
24239464.00    1533       2123       3656       1467       9877      11344      11344       1.15       0.37     9878.71    9756.25     11344   
24374880.00    1608       2291       3899       1392       9709      11101      11101       1.16       0.39     9538.51    10096.45    11101   
24510296.00    1584       2237       3821       1416       9763      11179      11179       1.17       0.38     9576.98    10057.97    11179   
24645712.00    1617       2296       3913       1383       9704      11087      11087       1.17       0.39     9497.56    10137.40    11087   
24781128.00    1611       2221       3832       1389       9779      11168      11168       1.17       0.38     9568.64    10066.31    11168   
24916544.00    1596       2154       3750       1404       9846      11250      11250       1.16       0.38     9670.89    9964.07     11250   
25051960.00    1565       2094       3659       1435       9906      11341      11341       1.16       0.37     9762.27    9872.69     11341   
25187376.00    1552       2033       3585       1448       9967      11415      11415       1.16       0.37     9857.31    9777.64     11415   
25322792.00    1543       1975       3518       1457      10025      11482      11482       1.16       0.36     9929.80    9705.16     11482   
25458208.00    1558       2028       3586       1442       9972      11414      11414       1.15       0.37     9897.00    9737.95     11414   
25593624.00    1558       2018       3576       1442       9982      11424      11424       1.16       0.36     9815.98    9818.97     11424   
25729040.00    1518       1874       3392       1482      10126      11608      11608       1.16       0.35     10001.04   9633.91     11608   
25864456.00    1525       1951       3476       1475      10049      11524      11524       1.16       0.36     9957.43    9677.53     11524   
25999872.00    1574       2055       3629       1426       9945      11371      11371       1.16       0.37     9799.32    9835.64     11371   
26135288.00    1548       2025       3573       1452       9975      11427      11427       1.15       0.37     9928.10    9706.86     11427   
26270704.00    1573       2023       3596       1427       9977      11404      11404       1.15       0.37     9892.02    9742.93     11404   
26406120.00    1589       2143       3732       1411       9857      11268      11268       1.16       0.38     9736.89    9898.07     11268   
26541536.00    1605       2128       3733       1395       9872      11267      11267       1.16       0.38     9707.14    9927.82     11267   
26676952.00    1612       2127       3739       1388       9873      11261      11261       1.16       0.38     9705.38    9929.57     11261   
26812368.00    1568       2081       3649       1432       9919      11351      11351       1.15       0.37     9835.09    9799.86     11351   
26947784.00    1556       2039       3595       1444       9961      11405      11405       1.16       0.37     9871.35    9763.60     11405   
27083200.00    1550       1943       3493       1450      10057      11507      11507       1.15       0.36     10000.99   9633.97     11507   
27218616.00    1591       2076       3667       1409       9924      11333      11333       1.15       0.37     9851.45    9783.51     11333   
27354032.00    1589       2192       3781       1411       9808      11219      11219       1.14       0.39     9841.40    9793.56     11219   
27489448.00    1628       2300       3928       1372       9700      11072      11072       1.14       0.40     9735.23    9899.72     11072   
27624864.00    1648       2415       4063       1352       9585      10937      10937       1.14       0.41     9622.71    10012.25    10937   
27760280.00    1696       2492       4188       1304       9508      10812      10812       1.14       0.41     9511.19    10123.77    10812   
27895696.00    1663       2475       4138       1337       9525      10862      10862       1.14       0.41     9540.46    10094.50    10862   
28031112.00    1651       2421       4072       1349       9579      10928      10928       1.14       0.41     9583.44    10051.51    10928   
28166528.00    1594       2348       3942       1406       9652      11058      11058       1.14       0.40     9709.03    9925.93     11058   
28301944.00    1608       2383       3991       1392       9617      11009      11009       1.14       0.40     9665.72    9969.23     11009   
28437360.00    1600       2362       3962       1400       9638      11038      11038       1.14       0.40     9662.18    9972.77     11038   
28572776.00    1588       2452       4040       1412       9548      10960      10960       1.15       0.40     9563.24    10071.71    10960   
28708192.00    1562       2411       3973       1438       9589      11027      11027       1.15       0.39     9557.77    10077.18    11027   
28843608.00    1560       2318       3878       1440       9682      11122      11122       1.15       0.39     9656.73    9978.22     11122   
28979024.00    1568       2254       3822       1432       9746      11178      11178       1.14       0.39     9772.99    9861.96     11178   
29114440.00    1573       2180       3753       1427       9820      11247      11247       1.14       0.38     9836.99    9797.97     11247   
29249856.00    1616       2297       3913       1384       9703      11087      11087       1.14       0.39     9683.84    9951.12     11087   
29385272.00    1599       2313       3912       1401       9687      11088      11088       1.15       0.39     9668.95    9966.01     11088   
29520688.00    1582       2209       3791       1418       9791      11209      11209       1.15       0.38     9777.50    9857.45     11209   
29656104.00    1555       2176       3731       1445       9824      11269      11269       1.14       0.38     9868.14    9766.81     11269   
29791520.00    1564       2112       3676       1436       9888      11324      11324       1.14       0.38     9935.86    9699.10     11324   
29926936.00    1607       2178       3785       1393       9822      11215      11215       1.13       0.39     9895.51    9739.45     11215   
30062352.00    1629       2306       3935       1371       9694      11065      11065       1.13       0.40     9799.63    9835.33     11065   
30197768.00    1584       2160       3744       1416       9840      11256      11256       1.14       0.39     9913.64    9721.31     11256   
30333184.00    1601       2194       3795       1399       9806      11205      11205       1.14       0.39     9836.82    9798.14     11205   
30468600.00    1611       2304       3915       1389       9696      11085      11085       1.14       0.40     9750.98    9883.97     11085   
30604016.00    1634       2447       4081       1366       9553      10919      10919       1.14       0.41     9608.31    10026.64    10919   
30739432.00    1660       2726       4386       1340       9274      10614      10614       1.15       0.42     9201.69    10433.27    10614   
30874848.00    1614       2596       4210       1386       9404      10790      10790       1.15       0.41     9406.55    10228.41    10790   
31010264.00    1556       2356       3912       1444       9644      11088      11088       1.15       0.39     9679.15    9955.81     11088   
31145680.00    1560       2267       3827       1440       9733      11173      11173       1.15       0.39     9697.62    9937.33     11173   
31281096.00    1559       2243       3802       1441       9757      11198      11198       1.15       0.38     9724.21    9910.75     11198   
31416512.00    1505       2052       3557       1495       9948      11443      11443       1.15       0.37     9955.34    9679.61     11443   
31551928.00    1518       1998       3516       1482      10002      11484      11484       1.14       0.37     10080.95   9554.00     11484   
31687344.00    1513       2038       3551       1487       9962      11449      11449       1.14       0.37     10050.39   9584.56     11449   
31822760.00    1547       2159       3706       1453       9841      11294      11294       1.13       0.38     9988.16    9646.79     11294   
31958176.00    1554       2210       3764       1446       9790      11236      11236       1.14       0.39     9896.35    9738.61     11236   
32093592.00    1569       2347       3916       1431       9653      11084      11084       1.13       0.40     9773.08    9861.87     11084   
32229008.00    1546       2402       3948       1454       9598      11052      11052       1.14       0.40     9722.15    9912.81     11052   
32364424.00    1514       2365       3879       1486       9635      11121      11121       1.15       0.39     9660.18    9974.77     11121   
32499840.00    1494       2149       3643       1506       9851      11357      11357       1.15       0.37     9888.64    9746.32     11357   
32635256.00    1483       2065       3548       1517       9935      11452      11452       1.14       0.37     10022.80   9612.16     11452   
32770672.00    1489       2069       3558       1511       9931      11442      11442       1.14       0.37     10036.04   9598.91     11442   
32906088.00    1493       2027       3520       1507       9973      11480      11480       1.14       0.37     10053.49   9581.46     11480   
33041504.00    1515       2064       3579       1485       9936      11421      11421       1.14       0.37     10040.18   9594.77     11421   
33176920.00    1562       2244       3806       1438       9756      11194      11194       1.15       0.39     9773.07    9861.88     11194   
33312336.00    1611       2193       3804       1389       9807      11196      11196       1.15       0.39     9759.27    9875.68     11196   
33447752.00    1561       2083       3644       1439       9917      11356      11356       1.15       0.37     9871.76    9763.20     11356   
33583168.00    1549       2096       3645       1451       9904      11355      11355       1.14       0.38     9985.35    9649.61     11355   
33718584.00    1568       2098       3666       1432       9902      11334      11334       1.14       0.38     9939.89    9695.07     11334   
33854000.00    1573       2053       3626       1427       9947      11374      11374       1.14       0.38     9982.98    9651.97     11374   
33989416.00    1570       2064       3634       1430       9936      11366      11366       1.13       0.38     10025.17   9609.78     11366   
34124832.00    1564       2107       3671       1436       9893      11329      11329       1.14       0.38     9971.34    9663.62     11329   
34260248.00    1557       2119       3676       1443       9881      11324      11324       1.13       0.38     9989.67    9645.29     11324   
34395664.00    1563       2225       3788       1437       9775      11212      11212       1.12       0.39     9967.47    9667.48     11212   
34531080.00    1559       2205       3764       1441       9795      11236      11236       1.13       0.39     9962.23    9672.73     11236   
34666496.00    1612       2308       3920       1388       9692      11080      11080       1.13       0.40     9800.86    9834.09     11080   
34801912.00    1654       2417       4071       1346       9583      10929      10929       1.13       0.41     9642.43    9992.53     10929   
34937328.00    1625       2384       4009       1375       9616      10991      10991       1.12       0.41     9795.12    9839.83     10991   
35072744.00    1660       2514       4174       1340       9486      10826      10826       1.11       0.42     9730.69    9904.26     10826   
35208160.00    1664       2608       4272       1336       9392      10728      10728       1.12       0.43     9606.20    10028.75    10728   
35343576.00    1659       2589       4248       1341       9411      10752      10752       1.13       0.42     9513.57    10121.38    10752   
35478992.00    1641       2482       4123       1359       9518      10877      10877       1.13       0.41     9661.64    9973.31     10877   
35614408.00    1634       2537       4171       1366       9463      10829      10829       1.13       0.41     9569.31    10065.65    10829   
35749824.00    1623       2519       4142       1377       9481      10858      10858       1.14       0.41     9564.00    10070.96    10858   
35885240.00    1621       2504       4125       1379       9496      10875      10875       1.14       0.41     9574.37    10060.59    10875   
36020656.00    1609       2458       4067       1391       9542      10933      10933       1.14       0.41     9594.83    10040.12    10933   
36156072.00    1603       2570       4173       1397       9430      10827      10827       1.14       0.41     9504.07    10130.89    10827   
36291488.00    1587       2557       4144       1413       9443      10856      10856       1.14       0.41     9489.19    10145.76    10856   
36426904.00    1582       2461       4043       1418       9539      10957      10957       1.14       0.40     9596.05    10038.90    10957   
36562320.00    1576       2476       4052       1424       9524      10948      10948       1.15       0.40     9514.95    10120.00    10948   
36697736.00    1547       2532       4079       1453       9468      10921      10921       1.15       0.40     9462.46    10172.50    10921   
36833152.00    1548       2461       4009       1452       9539      10991      10991       1.16       0.40     9486.64    10148.32    10991   
36968568.00    1472       2228       3700       1528       9772      11300      11300       1.16       0.38     9778.20    9856.75     11300   
37103984.00    1398       2085       3483       1602       9915      11517      11517       1.15       0.36     9983.78    9651.18     11517   
37239400.00    1388       2002       3390       1612       9998      11610      11610       1.16       0.35     10047.12   9587.84     11610   
37374816.00    1350       1873       3223       1650      10127      11777      11777       1.16       0.34     10181.44   9453.51     11777   
37510232.00    1331       1759       3090       1669      10241      11910      11910       1.15       0.33     10325.18   9309.78     11910   
37645648.00    1355       1735       3090       1645      10265      11910      11910       1.15       0.33     10361.80   9273.15     11910   
37781064.00    1391       1887       3278       1609      10113      11722      11722       1.15       0.35     10216.52   9418.43     11722   
37916480.00    1405       2001       3406       1595       9999      11594      11594       1.15       0.36     10115.96   9519.00     11594   
38051896.00    1422       2098       3520       1578       9902      11480      11480       1.14       0.37     10100.65   9534.31     11480   
38187312.00    1440       2266       3706       1560       9734      11294      11294       1.13       0.38     9953.12    9681.83     11294   
38322728.00    1449       2306       3755       1551       9694      11245      11245       1.14       0.38     9857.13    9777.82     11245   
38458144.00    1478       2316       3794       1522       9684      11206      11206       1.15       0.38     9727.73    9907.23     11206   
38593560.00    1390       2172       3562       1610       9828      11438      11438       1.15       0.37     9956.40    9678.56     11438   
38728976.00    1387       2107       3494       1613       9893      11506      11506       1.15       0.36     9986.73    9648.23     11506   
38864392.00    1364       2039       3403       1636       9961      11597      11597       1.15       0.36     10101.76   9533.19     11597   
38999808.00    1330       1892       3222       1670      10108      11778      11778       1.14       0.35     10302.42   9332.53     11778   
39135224.00    1331       1822       3153       1669      10178      11847      11847       1.14       0.34     10376.26   9258.69     11847   
39270640.00    1393       2070       3463       1607       9930      11537      11537       1.13       0.37     10198.26   9436.70     11537   
39406056.00    1406       2220       3626       1594       9780      11374      11374       1.13       0.38     10050.30   9584.65     11374   
39541472.00    1441       2203       3644       1559       9797      11356      11356       1.13       0.38     10040.17   9594.79     11356   
39676888.00    1456       2392       3848       1544       9608      11152      11152       1.14       0.39     9816.90    9818.06     11152   
39812304.00    1464       2279       3743       1536       9721      11257      11257       1.14       0.38     9833.54    9801.42     11257   
39947720.00    1481       2451       3932       1519       9549      11068      11068       1.15       0.39     9607.53    10027.42    11068   
40083136.00    1489       2347       3836       1511       9653      11164      11164       1.16       0.38     9639.05    9995.90     11164   
40218552.00    1463       2234       3697       1537       9766      11303      11303       1.16       0.38     9778.60    9856.35     11303   
40353968.00    1485       2364       3849       1515       9636      11151      11151       1.17       0.38     9566.96    10068.00    11151   
40489384.00    1486       2284       3770       1514       9716      11230      11230       1.17       0.38     9610.36    10024.60    11230   
40624800.00    1477       2201       3678       1523       9799      11322      11322       1.17       0.37     9706.10    9928.86     11322   
40760216.00    1436       2130       3566       1564       9870      11434      11434       1.16       0.36     9838.86    9796.10     11434   
40895632.00    1432       2047       3479       1568       9953      11521      11521       1.16       0.36     9910.18    9724.77     11521   
41031048.00    1474       2185       3659       1526       9815      11341      11341       1.16       0.37     9754.51    9880.45     11341   
41166464.00    1495       2188       3683       1505       9812      11317      11317       1.16       0.37     9760.56    9874.40     11317   
41301880.00    1473       2139       3612       1527       9861      11388      11388       1.15       0.37     9903.64    9731.32     11388   
41437296.00    1503       2327       3830       1497       9673      11170      11170       1.15       0.38     9681.79    9953.16     11170   
41572712.00    1467       2097       3564       1533       9903      11436      11436       1.15       0.37     9947.34    9687.61     11436   
41708128.00    1430       2046       3476       1570       9954      11524      11524       1.15       0.36     10034.92   9600.03     11524   
41843544.00    1409       2097       3506       1591       9903      11494      11494       1.14       0.37     10073.11   9561.85     11494   
41978960.00    1432       2060       3492       1568       9940      11508      11508       1.15       0.36     10029.02   9605.93     11508   
42114376.00    1449       2055       3504       1551       9945      11496      11496       1.14       0.37     10049.58   9585.37     11496   
42249792.00    1483       2120       3603       1517       9880      11397      11397       1.15       0.37     9941.40    9693.55     11397   
42385208.00    1557       2328       3885       1443       9672      11115      11115       1.15       0.39     9664.23    9970.73     11115   
42520624.00    1555       2313       3868       1445       9687      11132      11132       1.16       0.39     9636.94    9998.01     11132   
42656040.00    1547       2261       3808       1453       9739      11192      11192       1.16       0.38     9631.60    10003.36    11192   
42791456.00    1498       2101       3599       1502       9899      11401      11401       1.16       0.37     9826.16    9808.80     11401   
42926872.00    1511       2186       3697       1489       9814      11303      11303       1.16       0.37     9763.21    9871.75     11303   
43062288.00    1510       2126       3636       1490       9874      11364      11364       1.15       0.37     9861.18    9773.77     11364   
43197704.00    1487       2104       3591       1513       9896      11409      11409       1.14       0.37     9985.92    9649.03     11409   
43333120.00    1490       2245       3735       1510       9755      11265      11265       1.14       0.38     9901.73    9733.22     11265   
43468536.00    1523       2268       3791       1477       9732      11209      11209       1.14       0.39     9819.01    9815.95     11209   
43603952.00    1499       2189       3688       1501       9811      11312      11312       1.14       0.38     9927.86    9707.10     11312   
43739368.00    1485       2119       3604       1515       9881      11396      11396       1.14       0.37     9984.78    9650.18     11396   
43874784.00    1500       2087       3587       1500       9913      11413      11413       1.14       0.37     9993.81    9641.14     11413   
44010200.00    1493       2150       3643       1507       9850      11357      11357       1.14       0.38     9975.70    9659.25     11357   
44145616.00    1533       2297       3830       1467       9703      11170      11170       1.14       0.39     9757.18    9877.78     11170   
44281032.00    1548       2285       3833       1452       9715      11167      11167       1.14       0.39     9771.93    9863.03     11167   
44416448.00    1517       2073       3590       1483       9927      11410      11410       1.15       0.37     9963.12    9671.83     11410   
44551864.00    1479       2086       3565       1521       9914      11435      11435       1.14       0.37     10070.92   9564.03     11435   
44687280.00    1545       2331       3876       1455       9669      11124      11124       1.14       0.39     9800.68    9834.28     11124   
44822696.00    1533       2254       3787       1467       9746      11213      11213       1.14       0.39     9876.99    9757.96     11213   
44958112.00    1584       2463       4047       1416       9537      10953      10953       1.14       0.40     9580.96    10053.99    10953   
45093528.00    1577       2451       4028       1423       9549      10972      10972       1.14       0.40     9666.85    9968.10     10972   
45228944.00    1576       2565       4141       1424       9435      10859      10859       1.13       0.41     9592.25    10042.71    10859   
45364360.00    1566       2577       4143       1434       9423      10857      10857       1.14       0.41     9543.25    10091.70    10857   
45499776.00    1592       2559       4151       1408       9441      10849      10849       1.14       0.41     9517.48    10117.47    10849   
45635192.00    1563       2602       4165       1437       9398      10835      10835       1.14       0.41     9502.52    10132.43    10835   
45770608.00    1541       2500       4041       1459       9500      10959      10959       1.15       0.40     9550.49    10084.47    10959   
45906024.00    1571       2483       4054       1429       9517      10946      10946       1.15       0.40     9548.92    10086.03    10946   
46041440.00    1586       2596       4182       1414       9404      10818      10818       1.16       0.41     9327.38    10307.58    10818   
46176856.00    1553       2333       3886       1447       9667      11114      11114       1.17       0.38     9524.00    10110.95    11114   
46312272.00    1555       2311       3866       1445       9689      11134      11134       1.16       0.38     9560.58    10074.37    11134   
46447688.00    1517       2135       3652       1483       9865      11348      11348       1.15       0.37     9847.66    9787.29     11348   
46583104.00    1524       2085       3609       1476       9915      11391      11391       1.15       0.37     9946.62    9688.33     11391   
46718520.00    1509       2131       3640       1491       9869      11360      11360       1.15       0.37     9913.20    9721.76     11360   
46853936.00    1502       2156       3658       1498       9844      11342      11342       1.15       0.37     9864.50    9770.46     11342   
46989352.00    1482       2157       3639       1518       9843      11361      11361       1.15       0.37     9862.70    9772.26     11361   
47124768.00    1475       2080       3555       1525       9920      11445      11445       1.15       0.37     9961.34    9673.62     11445   
47260184.00    1484       2138       3622       1516       9862      11378      11378       1.14       0.37     9949.41    9685.55     11378   
47395600.00    1422       2006       3428       1578       9994      11572      11572       1.14       0.36     10153.34   9481.61     11572   
47531016.00    1449       2021       3470       1551       9979      11530      11530       1.14       0.36     10094.19   9540.76     11530   
47666432.00    1451       2087       3538       1549       9913      11462      11462       1.15       0.37     9966.88    9668.07     11462   
47801848.00    1427       1946       3373       1573      10054      11627      11627       1.15       0.36     10141.39   9493.57     11627   
47937264.00    1455       2035       3490       1545       9965      11510      11510       1.15       0.36     10039.84   9595.12     11510   
48072680.00    1429       2027       3456       1571       9973      11544      11544       1.14       0.36     10110.34   9524.62     11544   
48208096.00    1419       1999       3418       1581      10001      11582      11582       1.15       0.36     10108.93   9526.02     11582   
48343512.00    1435       1916       3351       1565      10084      11649      11649       1.14       0.36     10232.86   9402.09     11649   
48478928.00    1425       2043       3468       1575       9957      11532      11532       1.14       0.36     10112.22   9522.73     11532   
48614344.00    1452       2037       3489       1548       9963      11511      11511       1.14       0.37     10087.97   9546.98     11511   
48749760.00    1451       2059       3510       1549       9941      11490      11490       1.14       0.37     10043.28   9591.68     11490   
48885176.00    1460       2070       3530       1540       9930      11470      11470       1.14       0.37     10045.24   9589.72     11470   
49020592.00    1437       2030       3467       1563       9970      11533      11533       1.14       0.36     10123.21   9511.74     11533   
49156008.00    1470       2083       3553       1530       9917      11447      11447       1.14       0.37     10023.67   9611.29     11447   
49291424.00    1473       2113       3586       1527       9887      11414      11414       1.14       0.37     10025.69   9609.27     11414   
49426840.00    1491       2161       3652       1509       9839      11348      11348       1.14       0.38     9983.19    9651.77     11348   
49562256.00    1464       2154       3618       1536       9846      11382      11382       1.14       0.37     9959.80    9675.15     11382   
49697672.00    1486       2111       3597       1514       9889      11403      11403       1.15       0.37     9944.63    9690.33     11403   
49833088.00    1476       2233       3709       1524       9767      11291      11291       1.15       0.38     9842.31    9792.64     11291   
49968504.00    1497       2342       3839       1503       9658      11161      11161       1.14       0.39     9752.56    9882.39     11161   
50103920.00    1501       2406       3907       1499       9594      11093      11093       1.15       0.39     9683.30    9951.65     11093   
50239336.00    1483       2377       3860       1517       9623      11140      11140       1.14       0.39     9758.19    9876.76     11140   
50374752.00    1473       2375       3848       1527       9625      11152      11152       1.15       0.39     9713.75    9921.20     11152   
50510168.00    1467       2349       3816       1533       9651      11184      11184       1.15       0.38     9719.05    9915.90     11184   
50645584.00    1473       2295       3768       1527       9705      11232      11232       1.15       0.38     9770.86    9864.10     11232   
50781000.00    1464       2202       3666       1536       9798      11334      11334       1.15       0.37     9831.95    9803.00     11334   
50916416.00    1416       2010       3426       1584       9990      11574      11574       1.15       0.36     10085.70   9549.25     11574   
51051832.00    1428       2062       3490       1572       9938      11510      11510       1.14       0.37     10082.08   9552.88     11510   
51187248.00    1438       2070       3508       1562       9930      11492      11492       1.14       0.37     10076.89   9558.07     11492   
51322664.00    1433       2105       3538       1567       9895      11462      11462       1.14       0.37     10038.96   9596.00     11462   
51458080.00    1447       2107       3554       1553       9893      11446      11446       1.14       0.37     10036.47   9598.48     11446   
51593496.00    1478       2365       3843       1522       9635      11157      11157       1.14       0.39     9751.62    9883.34     11157   
51728912.00    1426       2227       3653       1574       9773      11347      11347       1.14       0.38     9915.57    9719.39     11347   
51864328.00    1450       2280       3730       1550       9720      11270      11270       1.15       0.38     9816.13    9818.82     11270   
51999744.00    1458       2148       3606       1542       9852      11394      11394       1.14       0.37     10000.50   9634.46     11394   
52135160.00    1460       2107       3567       1540       9893      11433      11433       1.14       0.37     10015.75   9619.21     11433   
52270576.00    1457       2211       3668       1543       9789      11332      11332       1.14       0.38     9930.02    9704.94     11332   
52405992.00    1507       2368       3875       1493       9632      11125      11125       1.15       0.39     9643.57    9991.38     11125   
52541408.00    1482       2205       3687       1518       9795      11313      11313       1.15       0.38     9809.58    9825.38     11313   
52676824.00    1489       2278       3767       1511       9722      11233      11233       1.15       0.38     9775.14    9859.81     11233   
52812240.00    1484       2231       3715       1516       9769      11285      11285       1.15       0.38     9809.23    9825.73     11285   
52947656.00    1501       2220       3721       1499       9780      11279      11279       1.15       0.38     9795.78    9839.17     11279   
53083072.00    1478       2230       3708       1522       9770      11292      11292       1.15       0.38     9778.41    9856.55     11292   
53218488.00    1436       2069       3505       1564       9931      11495      11495       1.15       0.36     10028.71   9606.25     11495   
53353904.00    1416       1979       3395       1584      10021      11605      11605       1.15       0.36     10126.53   9508.42     11605   
53489320.00    1462       1979       3441       1538      10021      11559      11559       1.15       0.36     10064.70   9570.26     11559   
53624736.00    1451       1901       3352       1549      10099      11648      11648       1.14       0.35     10176.47   9458.49     11648   
53760152.00    1458       1885       3343       1542      10115      11657      11657       1.15       0.35     10172.57   9462.38     11657   
53895568.00    1458       1874       3332       1542      10126      11668      11668       1.15       0.35     10158.14   9476.82     11668   
54030984.00    1489       1910       3399       1511      10090      11601      11601       1.15       0.36     10094.99   9539.96     11601   
54166400.00    1494       2091       3585       1506       9909      11415      11415       1.15       0.37     9930.48    9704.47     11415   
