 Timestep    Gas_A      Gas_B     Gas_tot    Dense_A    Dense_B   Dense_tot   Lg_clust  DP_density GP_density Clust_area  Gas_area     MCS    
   0.00       9000       6000      15000        0          0          0          6         0.00       0.76       0.00     19634.96      0     
 72916.00     9000       6000      15000        0          0          0         150        0.00       0.76       0.00     19634.96      0     
145832.00     9000       6000      15000        0          0          0         291        0.00       0.76       0.00     19634.96      0     
218748.00     9000       6000      15000        0          0          0         403        0.00       0.76       0.00     19634.96      0     
291664.00     9000       6000      15000        0          0          0         578        0.00       0.76       0.00     19634.96      0     
364580.00     9000       6000      15000        0          0          0         620        0.00       0.76       0.00     19634.96      0     
437496.00     9000       6000      15000        0          0          0         770        0.00       0.76       0.00     19634.96      0     
510412.00     9000       6000      15000        0          0          0         790        0.00       0.76       0.00     19634.96      0     
583328.00     9000       6000      15000        0          0          0         883        0.00       0.76       0.00     19634.96      0     
656244.00     8390       5501      13891       610        499        1109       1109       1.00       0.75     1106.72    18528.23     1109   
729160.00     8308       5442      13750       692        558        1250       1250       1.01       0.75     1233.73    18401.22     1250   
802076.00     7635       4968      12603       1365       1032       2397       1272       1.00       0.73     2398.28    17236.67     1198   
874992.00     7589       4881      12470       1411       1119       2530       1340       1.02       0.73     2469.67    17165.28     1265   
947908.00     7679       4917      12596       1321       1083       2404       1250       1.02       0.73     2347.86    17287.09     1202   
1020824.00    7709       4915      12624       1291       1085       2376       1228       1.02       0.73     2323.58    17311.37     1188   
1093740.00    6678       4245      10923       2322       1755       4077       1860       1.02       0.70     3986.76    15648.19     1359   
1166656.00    6578       4214      10792       2422       1786       4208       1673       1.02       0.70     4108.60    15526.35     1402   
1239572.00    6806       4241      11047       2194       1759       3953       1510       1.02       0.70     3892.35    15742.61     1317   
1312488.00    5959       3675       9634       3041       2325       5366       2315       1.02       0.67     5282.79    14352.16     1788   
1385404.00    6133       3882      10015       2867       2118       4985       2446       1.01       0.68     4919.78    14715.17     1661   
1458320.00    5470       3256       8726       3530       2744       6274       4260       1.03       0.64     6078.08    13556.88     3137   
1531236.00    6130       3752       9882       2870       2248       5118       1977       1.04       0.67     4926.78    14708.17     1706   
1604152.00    5536       3311       8847       3464       2689       6153       2748       1.03       0.65     5950.75    13684.20     2051   
1677068.00    5569       3339       8908       3431       2661       6092       2376       1.05       0.65     5827.52    13807.43     1523   
1749984.00    5404       3155       8559       3596       2845       6441       3014       1.04       0.64     6192.83    13442.13     2147   
1822900.00    5443       3236       8679       3557       2764       6321       2601       1.05       0.64     6023.20    13611.75     2107   
1895816.00    5346       3186       8532       3654       2814       6468       2912       1.04       0.64     6245.82    13389.13     2156   
1968732.00    5335       3137       8472       3665       2863       6528       2846       1.04       0.63     6279.55    13355.41     2176   
2041648.00    5336       3149       8485       3664       2851       6515       2755       1.03       0.64     6305.18    13329.77     1628   
2114564.00    5458       3282       8740       3542       2718       6260       2685       1.03       0.64     6079.56    13555.40     2086   
2187480.00    5385       3259       8644       3615       2741       6356       2984       1.03       0.64     6143.14    13491.82     2118   
2260396.00    5751       3594       9345       3249       2406       5655       2732       1.05       0.66     5394.06    14240.89     1885   
2333312.00    5174       3129       8303       3826       2871       6697       3559       1.04       0.63     6417.13    13217.83     2232   
2406228.00    4739       2704       7443       4261       3296       7557       3196       1.04       0.60     7278.42    12356.53     1889   
2479144.00    5178       3081       8259       3822       2919       6741       3599       1.05       0.63     6428.29    13206.66     2247   
2552060.00    4643       2691       7334       4357       3309       7666       3402       1.04       0.60     7361.03    12273.92     1916   
2624976.00    4678       2681       7359       4322       3319       7641       4396       1.04       0.60     7364.17    12270.79     2547   
2697892.00    4802       2752       7554       4198       3248       7446       3168       1.04       0.61     7173.81    12461.15     1861   
2770808.00    4934       2861       7795       4066       3139       7205       4042       1.05       0.61     6889.31    12745.65     2401   
2843724.00    4741       2754       7495       4259       3246       7505       4267       1.05       0.60     7171.44    12463.52     2501   
2916640.00    4651       2718       7369       4349       3282       7631       4051       1.04       0.60     7332.07    12302.89     2543   
2989556.00    4889       2813       7702       4111       3187       7298       4066       1.05       0.61     6938.11    12696.85     2432   
3062472.00    4544       2533       7077       4456       3467       7923       4288       1.05       0.59     7555.77    12079.19     2641   
3135388.00    4481       2540       7021       4519       3460       7979       4517       1.05       0.58     7627.26    12007.69     2659   
3208304.00    4521       2613       7134       4479       3387       7866       4829       1.04       0.59     7555.92    12079.03     2622   
3281220.00    4160       2327       6487       4840       3673       8513       4730       1.04       0.57     8185.39    11449.56     2837   
3354136.00    4375       2390       6765       4625       3610       8235       4538       1.04       0.58     7912.98    11721.97     2745   
3427052.00    5282       3156       8438       3718       2844       6562       4549       1.05       0.63     6249.43    13385.52     3281   
3499968.00    5304       3235       8539       3696       2765       6461       4368       1.05       0.63     6177.35    13457.61     3230   
3572884.00    5241       3189       8430       3759       2811       6570       4374       1.06       0.63     6203.28    13431.68     3285   
3645800.00    4522       2531       7053       4478       3469       7947       3072       1.05       0.59     7589.48    12045.47     1986   
3718716.00    4645       2600       7245       4355       3400       7755       3106       1.04       0.59     7424.14    12210.81     1938   
3791632.00    4381       2438       6819       4619       3562       8181       4516       1.05       0.58     7792.85    11842.10     2727   
3864548.00    4674       2667       7341       4326       3333       7659       4320       1.04       0.60     7330.92    12304.03     2553   
3937464.00    5539       3301       8840       3461       2699       6160       3111       1.05       0.64     5844.62    13790.34     2053   
4010380.00    5463       3238       8701       3537       2762       6299       2911       1.05       0.64     5989.15    13645.80     2099   
4083296.00    5413       3259       8672       3587       2741       6328       4540       1.05       0.64     6032.30    13602.66     3164   
4156212.00    4583       2555       7138       4417       3445       7862       4811       1.05       0.59     7521.90    12113.06     2620   
4229128.00    4546       2524       7070       4454       3476       7930       6117       1.05       0.59     7566.58    12068.38     3965   
4302044.00    4627       2661       7288       4373       3339       7712       3993       1.05       0.59     7349.30    12285.66     2570   
4374960.00    4463       2525       6988       4537       3475       8012       4269       1.05       0.58     7646.11    11988.85     2670   
4447876.00    4447       2584       7031       4553       3416       7969       4291       1.05       0.59     7625.29    12009.66     2656   
4520792.00    4666       2654       7320       4334       3346       7680       4422       1.04       0.60     7416.00    12218.96     2560   
4593708.00    5167       3090       8257       3833       2910       6743       3627       1.04       0.63     6505.14    13129.82     2247   
4666624.00    6018       3764       9782       2982       2236       5218       3509       1.04       0.67     5000.43    14634.53     2609   
4739540.00    5470       3271       8741       3530       2729       6259       3795       1.03       0.64     6048.64    13586.32     2086   
4812456.00    6274       3940      10214       2726       2060       4786       3441       1.04       0.68     4598.52    15036.43     2393   
4885372.00    5433       3286       8719       3567       2714       6281       3651       1.04       0.64     6040.79    13594.16     2093   
4958288.00    5471       3301       8772       3529       2699       6228       3842       1.05       0.64     5948.27    13686.68     2076   
5031204.00    4926       2909       7835       4074       3091       7165       3911       1.04       0.61     6875.40    12759.56     2388   
5104120.00    4767       2749       7516       4233       3251       7484       7484       1.05       0.60     7127.98    12506.97     7484   
5177036.00    4713       2679       7392       4287       3321       7608       7608       1.04       0.60     7303.72    12331.24     7608   
5249952.00    4866       2816       7682       4134       3184       7318       7318       1.05       0.61     6987.51    12647.44     7318   
5322868.00    5187       3015       8202       3813       2985       6798       6798       1.04       0.62     6508.92    13126.04     6798   
5395784.00    5186       3056       8242       3814       2944       6758       6758       1.04       0.63     6472.48    13162.48     6758   
5468700.00    5469       3244       8713       3531       2756       6287       6287       1.04       0.64     6068.92    13566.04     6287   
5541616.00    5661       3394       9055       3339       2606       5945       5945       1.04       0.65     5710.29    13924.67     5945   
5614532.00    5503       3269       8772       3497       2731       6228       6228       1.04       0.64     5987.20    13647.75     6228   
5687448.00    4628       2631       7259       4372       3369       7741       6517       1.04       0.60     7466.86    12168.09     3870   
5760364.00    4608       2650       7258       4392       3350       7742       7742       1.04       0.60     7456.68    12178.28     7742   
5833280.00    4688       2733       7421       4312       3267       7579       4680       1.05       0.60     7239.77    12395.18     2526   
5906196.00    4680       2659       7339       4320       3341       7661       4713       1.04       0.60     7333.21    12301.74     2553   
5979112.00    4733       2696       7429       4267       3304       7571       6341       1.04       0.60     7283.25    12351.71     3785   
6052028.00    4830       2791       7621       4170       3209       7379       4346       1.04       0.61     7082.64    12552.31     3689   
6124944.00    4639       2700       7339       4361       3300       7661       4374       1.04       0.60     7341.76    12293.19     3830   
6197860.00    4759       2715       7474       4241       3285       7526       4673       1.04       0.60     7242.98    12391.98     3763   
6270776.00    4682       2648       7330       4318       3352       7670       5385       1.04       0.60     7406.61    12228.35     3835   
6343692.00    4976       2816       7792       4024       3184       7208       5696       1.03       0.62     6977.64    12657.31     3604   
6416608.00    5250       3069       8319       3750       2931       6681       3739       1.03       0.63     6500.49    13134.46     2227   
6489524.00    5073       2956       8029       3927       3044       6971       5796       1.04       0.62     6696.57    12938.39     3485   
6562440.00    4895       2802       7697       4105       3198       7303       6024       1.04       0.61     7000.91    12634.04     3651   
6635356.00    4801       2681       7482       4199       3319       7518       6303       1.05       0.60     7171.57    12463.38     3759   
6708272.00    5241       3012       8253       3759       2988       6747       6747       1.05       0.62     6403.22    13231.74     6747   
6781188.00    5230       2999       8229       3770       3001       6771       6771       1.05       0.62     6439.22    13195.74     6771   
6854104.00    5284       3062       8346       3716       2938       6654       6654       1.05       0.63     6362.26    13272.70     6654   
6927020.00    5524       3222       8746       3476       2778       6254       6254       1.06       0.64     5923.95    13711.01     6254   
6999936.00    5267       3042       8309       3733       2958       6691       6691       1.05       0.63     6344.05    13290.90     6691   
7072852.00    5211       2981       8192       3789       3019       6808       6808       1.05       0.62     6479.42    13155.53     6808   
7145768.00    5707       3389       9096       3293       2611       5904       3371       1.05       0.65     5600.42    14034.54     2952   
7218684.00    5448       3133       8581       3552       2867       6419       6419       1.05       0.63     6098.23    13536.72     6419   
7291600.00    5215       2998       8213       3785       3002       6787       6787       1.05       0.62     6444.45    13190.51     6787   
7364516.00    5406       3132       8538       3594       2868       6462       6462       1.06       0.63     6123.37    13511.59     6462   
7437432.00    5496       3239       8735       3504       2761       6265       6265       1.05       0.64     5945.71    13689.25     6265   
7510348.00    5390       3134       8524       3610       2866       6476       6476       1.05       0.63     6170.09    13464.87     6476   
7583264.00    5401       3185       8586       3599       2815       6414       6414       1.06       0.63     6066.90    13568.06     6414   
7656180.00    5265       3107       8372       3735       2893       6628       6628       1.05       0.63     6328.75    13306.21     6628   
7729096.00    5587       3312       8899       3413       2688       6101       6101       1.05       0.64     5817.10    13817.86     6101   
7802012.00    5515       3218       8733       3485       2782       6267       6267       1.06       0.64     5918.77    13716.19     6267   
7874928.00    5089       2917       8006       3911       3083       6994       6994       1.05       0.62     6663.98    12970.97     6994   
7947844.00    5543       3211       8754       3457       2789       6246       6246       1.07       0.64     5863.62    13771.34     6246   
8020760.00    5733       3390       9123       3267       2610       5877       5877       1.07       0.65     5510.57    14124.39     5877   
8093676.00    5557       3292       8849       3443       2708       6151       6151       1.07       0.64     5761.98    13872.97     6151   
8166592.00    5296       3023       8319       3704       2977       6681       6681       1.06       0.62     6318.73    13316.23     6681   
8239508.00    5369       3100       8469       3631       2900       6531       6531       1.06       0.63     6132.60    13502.35     6531   
8312424.00    4828       2727       7555       4172       3273       7445       7445       1.05       0.60     7079.15    12555.81     7445   
8385340.00    5266       3087       8353       3734       2913       6647       6647       1.06       0.63     6284.65    13350.30     6647   
8458256.00    5393       3159       8552       3607       2841       6448       6448       1.06       0.63     6070.02    13564.94     6448   
8531172.00    5255       3066       8321       3745       2934       6679       6679       1.06       0.62     6285.65    13349.30     6679   
8604088.00    5324       3111       8435       3676       2889       6565       6565       1.07       0.63     6145.13    13489.83     6565   
8677004.00    5204       3014       8218       3796       2986       6782       6782       1.06       0.62     6384.26    13250.70     6782   
8749920.00    5113       2901       8014       3887       3099       6986       6986       1.06       0.62     6616.08    13018.87     6986   
8822836.00    5214       2985       8199       3786       3015       6801       6801       1.05       0.62     6477.15    13157.80     6801   
8895752.00    5775       3399       9174       3225       2601       5826       5826       1.06       0.65     5470.54    14164.42     5826   
8968668.00    5474       3213       8687       3526       2787       6313       6313       1.04       0.64     6043.53    13591.42     6313   
9041584.00    5655       3361       9016       3345       2639       5984       5984       1.05       0.65     5695.68    13939.28     5984   
9114500.00    5591       3319       8910       3409       2681       6090       6090       1.05       0.64     5808.12    13826.83     6090   
9187416.00    5578       3371       8949       3422       2629       6051       6051       1.05       0.65     5771.06    13863.90     6051   
9260332.00    5795       3509       9304       3205       2491       5696       5696       1.07       0.65     5343.32    14291.64     5696   
9333248.00    5711       3434       9145       3289       2566       5855       5855       1.07       0.65     5486.09    14148.87     5855   
9406164.00    6273       3841      10114       2727       2159       4886       4886       1.07       0.67     4580.00    15054.95     4886   
9479080.00    6282       3819      10101       2718       2181       4899       4899       1.07       0.67     4561.87    15073.08     4899   
9551996.00    5492       3270       8762       3508       2730       6238       5092       1.07       0.63     5825.66    13809.29     3119   
9624912.00    5297       3132       8429       3703       2868       6571       5243       1.06       0.63     6171.11    13463.84     3285   
9697828.00    5399       3216       8615       3601       2784       6385       6385       1.07       0.63     5953.48    13681.48     6385   
9770744.00    5289       3200       8489       3711       2800       6511       6511       1.07       0.63     6096.71    13538.24     6511   
9843660.00    5316       3167       8483       3684       2833       6517       6517       1.06       0.63     6130.88    13504.08     6517   
9916576.00    5356       3214       8570       3644       2786       6430       6430       1.06       0.63     6046.77    13588.19     6430   
9989492.00    5360       3126       8486       3640       2874       6514       6514       1.07       0.63     6113.83    13521.12     6514   
10062408.00    5377       3188       8565       3623       2812       6435       6435       1.06       0.63     6050.23    13584.73     6435   
10135324.00    5274       3107       8381       3726       2893       6619       6619       1.07       0.62     6186.62    13448.34     6619   
10208240.00    5207       3069       8276       3793       2931       6724       6724       1.07       0.62     6267.00    13367.95     6724   
10281156.00    5194       3008       8202       3806       2992       6798       6798       1.08       0.62     6303.65    13331.31     6798   
10354072.00    5186       3074       8260       3814       2926       6740       6740       1.08       0.62     6262.90    13372.05     6740   
10426988.00    5074       3006       8080       3926       2994       6920       6920       1.08       0.61     6382.33    13252.62     6920   
10499904.00    5094       2996       8090       3906       3004       6910       6910       1.08       0.61     6413.20    13221.75     6910   
10572820.00    5117       2997       8114       3883       3003       6886       6886       1.08       0.61     6390.74    13244.21     6886   
10645736.00    5128       2919       8047       3872       3081       6953       6953       1.08       0.61     6453.81    13181.14     6953   
10718652.00    5096       2947       8043       3904       3053       6957       6957       1.08       0.61     6443.18    13191.78     6957   
10791568.00    4999       2833       7832       4001       3167       7168       7168       1.07       0.61     6696.27    12938.68     7168   
10864484.00    5203       3012       8215       3797       2988       6785       6785       1.08       0.62     6283.37    13351.59     6785   
10937400.00    5014       2916       7930       3986       3084       7070       7070       1.08       0.61     6551.72    13083.24     7070   
11010316.00    5029       2847       7876       3971       3153       7124       7124       1.08       0.60     6587.15    13047.80     7124   
11083232.00    4836       2720       7556       4164       3280       7444       7444       1.08       0.59     6904.24    12730.72     7444   
11156148.00    4749       2656       7405       4251       3344       7595       7595       1.08       0.59     7030.83    12604.12     7595   
11229064.00    4794       2653       7447       4206       3347       7553       7553       1.08       0.59     6999.80    12635.16     7553   
11301980.00    4756       2645       7401       4244       3355       7599       7599       1.08       0.59     7053.06    12581.90     7599   
11374896.00    4559       2486       7045       4441       3514       7955       7955       1.08       0.57     7380.41    12254.54     7955   
11447812.00    4680       2596       7276       4320       3404       7724       7724       1.08       0.58     7146.30    12488.65     7724   
11520728.00    4453       2464       6917       4547       3536       8083       8083       1.07       0.57     7519.51    12115.45     8083   
11593644.00    4735       2598       7333       4265       3402       7667       7667       1.09       0.58     7063.45    12571.50     7667   
11666560.00    4567       2518       7085       4433       3482       7915       7915       1.08       0.58     7334.71    12300.25     7915   
11739476.00    4745       2599       7344       4255       3401       7656       7656       1.08       0.59     7106.18    12528.77     7656   
11812392.00    4529       2480       7009       4471       3520       7991       7991       1.08       0.57     7410.34    12224.62     7991   
11885308.00    4278       2291       6569       4722       3709       8431       8431       1.07       0.56     7861.60    11773.35     8431   
11958224.00    4225       2262       6487       4775       3738       8513       8513       1.08       0.55     7895.15    11739.80     8513   
12031140.00    4233       2252       6485       4767       3748       8515       8515       1.07       0.55     7947.55    11687.40     8515   
12104056.00    4434       2426       6860       4566       3574       8140       8140       1.08       0.57     7555.98    12078.97     8140   
12176972.00    4178       2194       6372       4822       3806       8628       8628       1.07       0.55     8101.04    11533.92     8628   
12249888.00    4225       2241       6466       4775       3759       8534       8534       1.07       0.55     7982.26    11652.70     8534   
12322804.00    4241       2290       6531       4759       3710       8469       8469       1.07       0.56     7937.05    11697.90     8469   
12395720.00    4260       2288       6548       4740       3712       8452       8452       1.07       0.56     7873.68    11761.28     8452   
12468636.00    4200       2284       6484       4800       3716       8516       8516       1.07       0.55     7930.99    11703.96     8516   
12541552.00    4124       2214       6338       4876       3786       8662       8662       1.08       0.55     8028.68    11606.28     8662   
12614468.00    4245       2276       6521       4755       3724       8479       8479       1.08       0.55     7844.55    11790.40     8479   
12687384.00    4350       2354       6704       4650       3646       8296       8296       1.08       0.56     7666.80    11968.16     8296   
12760300.00    4265       2304       6569       4735       3696       8431       8431       1.08       0.56     7830.73    11804.22     8431   
12833216.00    4285       2285       6570       4715       3715       8430       8430       1.08       0.56     7821.36    11813.59     8430   
12906132.00    4245       2260       6505       4755       3740       8495       8495       1.08       0.55     7881.72    11753.24     8495   
12979048.00    4216       2261       6477       4784       3739       8523       8523       1.08       0.55     7892.28    11742.67     8523   
13051964.00    4338       2293       6631       4662       3707       8369       8369       1.08       0.56     7746.26    11888.69     8369   
13124880.00    4214       2231       6445       4786       3769       8555       8555       1.08       0.55     7947.96    11686.99     8555   
13197796.00    4318       2263       6581       4682       3737       8419       8419       1.08       0.56     7826.84    11808.11     8419   
13270712.00    4556       2433       6989       4444       3567       8011       8011       1.07       0.57     7457.66    12177.30     8011   
13343628.00    4581       2428       7009       4419       3572       7991       7991       1.08       0.57     7426.33    12208.62     7991   
13416544.00    4928       2734       7662       4072       3266       7338       7338       1.08       0.60     6820.47    12814.49     7338   
13489460.00    4433       2354       6787       4567       3646       8213       8213       1.07       0.57     7643.58    11991.38     8213   
13562376.00    4485       2441       6926       4515       3559       8074       8074       1.07       0.57     7524.46    12110.50     8074   
13635292.00    4139       2168       6307       4861       3832       8693       8693       1.07       0.55     8150.93    11484.03     8693   
13708208.00    4267       2260       6527       4733       3740       8473       8473       1.07       0.56     7948.35    11686.60     8473   
13781124.00    4258       2258       6516       4742       3742       8484       8484       1.06       0.56     7983.75    11651.21     8484   
13854040.00    4464       2353       6817       4536       3647       8183       8183       1.07       0.57     7622.88    12012.08     8183   
13926956.00    4341       2277       6618       4659       3723       8382       8382       1.07       0.56     7845.00    11789.96     8382   
13999872.00    4372       2285       6657       4628       3715       8343       8343       1.07       0.56     7827.68    11807.27     8343   
14072788.00    4395       2266       6661       4605       3734       8339       8339       1.07       0.56     7814.66    11820.29     8339   
14145704.00    4185       2155       6340       4815       3845       8660       8660       1.07       0.55     8120.80    11514.15     8660   
14218620.00    4434       2378       6812       4566       3622       8188       8188       1.06       0.57     7718.05    11916.90     8188   
14291536.00    4417       2310       6727       4583       3690       8273       8273       1.06       0.57     7798.05    11836.91     8273   
14364452.00    4635       2501       7136       4365       3499       7864       7864       1.06       0.58     7407.17    12227.78     7864   
14437368.00    4689       2557       7246       4311       3443       7754       7754       1.07       0.59     7269.60    12365.36     7754   
14510284.00    4939       2774       7713       4061       3226       7287       7287       1.07       0.60     6799.34    12835.62     7287   
14583200.00    5184       2925       8109       3816       3075       6891       6891       1.08       0.61     6363.80    13271.16     6891   
14656116.00    5297       3033       8330       3703       2967       6670       6670       1.09       0.62     6109.84    13525.12     6670   
14729032.00    5048       2869       7917       3952       3131       7083       7083       1.08       0.61     6567.61    13067.35     7083   
14801948.00    5103       2957       8060       3897       3043       6940       6940       1.08       0.61     6441.40    13193.56     6940   
14874864.00    5178       2994       8172       3822       3006       6828       6828       1.07       0.62     6370.43    13264.53     6828   
14947780.00    5005       2888       7893       3995       3112       7107       7107       1.06       0.61     6683.48    12951.48     7107   
15020696.00    5227       2993       8220       3773       3007       6780       6780       1.07       0.62     6323.72    13311.23     6780   
15093612.00    5230       3019       8249       3770       2981       6751       6751       1.08       0.62     6245.51    13389.44     6751   
15166528.00    5227       2948       8175       3773       3052       6825       6825       1.08       0.61     6312.11    13322.84     6825   
15239444.00    5184       2968       8152       3816       3032       6848       6848       1.09       0.61     6262.87    13372.09     6848   
15312360.00    5183       2943       8126       3817       3057       6874       6874       1.09       0.61     6296.29    13338.67     6874   
15385276.00    5103       2866       7969       3897       3134       7031       7031       1.09       0.60     6426.10    13208.85     7031   
15458192.00    5003       2853       7856       3997       3147       7144       7144       1.09       0.60     6577.64    13057.31     7144   
15531108.00    5064       2901       7965       3936       3099       7035       7035       1.09       0.60     6464.20    13170.75     7035   
15604024.00    4844       2681       7525       4156       3319       7475       7475       1.09       0.59     6870.47    12764.48     7475   
15676940.00    5016       2827       7843       3984       3173       7157       7157       1.10       0.60     6519.33    13115.62     7157   
15749856.00    4953       2768       7721       4047       3232       7279       7279       1.10       0.59     6643.18    12991.78     7279   
15822772.00    4543       2471       7014       4457       3529       7986       7986       1.08       0.57     7381.09    12253.86     7986   
15895688.00    4698       2586       7284       4302       3414       7716       7716       1.10       0.58     7028.89    12606.07     7716   
15968604.00    4545       2514       7059       4455       3486       7941       7941       1.08       0.57     7321.63    12313.32     7941   
16041520.00    4387       2396       6783       4613       3604       8217       8217       1.08       0.57     7633.76    12001.19     8217   
16114436.00    4629       2582       7211       4371       3418       7789       7789       1.09       0.58     7170.51    12464.45     7789   
16187352.00    4518       2480       6998       4482       3520       8002       8002       1.08       0.57     7391.33    12243.62     8002   
16260268.00    4441       2406       6847       4559       3594       8153       8153       1.08       0.57     7573.92    12061.04     8153   
16333184.00    4417       2425       6842       4583       3575       8158       8158       1.07       0.57     7603.27    12031.68     8158   
16406100.00    4566       2473       7039       4434       3527       7961       7961       1.07       0.58     7426.23    12208.73     7961   
16479016.00    4598       2494       7092       4402       3506       7908       7908       1.07       0.58     7378.27    12256.68     7908   
16551932.00    4669       2510       7179       4331       3490       7821       7821       1.07       0.58     7313.53    12321.42     7821   
16624848.00    4857       2664       7521       4143       3336       7479       7479       1.07       0.60     7015.01    12619.95     7479   
16697764.00    4758       2590       7348       4242       3410       7652       7652       1.06       0.59     7196.65    12438.30     7652   
16770680.00    4894       2705       7599       4106       3295       7401       7401       1.07       0.60     6938.68    12696.27     7401   
16843596.00    4881       2671       7552       4119       3329       7448       7448       1.06       0.60     7000.88    12634.08     7448   
16916512.00    4800       2645       7445       4200       3355       7555       7555       1.07       0.59     7045.70    12589.26     7555   
16989428.00    4503       2412       6915       4497       3588       8085       8085       1.07       0.57     7546.47    12088.48     8085   
17062344.00    4553       2405       6958       4447       3595       8042       8042       1.07       0.57     7512.76    12122.19     8042   
17135260.00    4642       2435       7077       4358       3565       7923       7923       1.07       0.58     7401.08    12233.87     7923   
17208176.00    4745       2561       7306       4255       3439       7694       7694       1.07       0.59     7171.68    12463.27     7694   
17281092.00    4762       2537       7299       4238       3463       7701       6528       1.06       0.59     7232.19    12402.77     3850   
17354008.00    4762       2560       7322       4238       3440       7678       7678       1.06       0.59     7263.10    12371.85     7678   
17426924.00    4763       2584       7347       4237       3416       7653       7653       1.06       0.59     7243.22    12391.73     7653   
17499840.00    4860       2662       7522       4140       3338       7478       7478       1.06       0.60     7034.06    12600.90     7478   
17572756.00    4835       2593       7428       4165       3407       7572       7572       1.06       0.59     7129.26    12505.70     7572   
17645672.00    4736       2543       7279       4264       3457       7721       7721       1.06       0.59     7296.32    12338.64     7721   
17718588.00    5161       2928       8089       3839       3072       6911       6911       1.06       0.62     6505.87    13129.09     6911   
17791504.00    5049       2815       7864       3951       3185       7136       7136       1.07       0.61     6667.66    12967.30     7136   
17864420.00    5129       2905       8034       3871       3095       6966       6966       1.08       0.61     6421.02    13213.94     6966   
17937336.00    4951       2761       7712       4049       3239       7288       7288       1.07       0.60     6783.90    12851.06     7288   
18010252.00    5078       2874       7952       3922       3126       7048       7048       1.08       0.61     6539.67    13095.28     7048   
18083168.00    4945       2807       7752       4055       3193       7248       7248       1.07       0.60     6744.99    12889.96     7248   
18156084.00    4609       2521       7130       4391       3479       7870       7870       1.07       0.58     7372.35    12262.60     7870   
18229000.00    4423       2381       6804       4577       3619       8196       8196       1.07       0.57     7674.16    11960.79     8196   
18301916.00    4422       2356       6778       4578       3644       8222       8222       1.07       0.57     7696.62    11938.33     8222   
18374832.00    4617       2518       7135       4383       3482       7865       7865       1.07       0.58     7338.60    12296.36     7865   
18447748.00    4738       2567       7305       4262       3433       7695       7695       1.08       0.58     7128.16    12506.80     7695   
18520664.00    4643       2484       7127       4357       3516       7873       7873       1.08       0.58     7287.28    12347.68     7873   
18593580.00    4549       2459       7008       4451       3541       7992       7992       1.08       0.57     7374.95    12260.01     7992   
18666496.00    4521       2448       6969       4479       3552       8031       8031       1.08       0.57     7417.43    12217.52     8031   
18739412.00    4505       2463       6968       4495       3537       8032       8032       1.08       0.57     7466.44    12168.52     8032   
18812328.00    4545       2433       6978       4455       3567       8022       8022       1.07       0.57     7479.19    12155.76     8022   
18885244.00    4564       2466       7030       4436       3534       7970       7970       1.07       0.58     7417.62    12217.34     7970   
18958160.00    4365       2319       6684       4635       3681       8316       8316       1.07       0.57     7805.01    11829.94     8316   
19031076.00    4616       2467       7083       4384       3533       7917       7917       1.07       0.58     7416.25    12218.70     7917   
19103992.00    4334       2281       6615       4666       3719       8385       8385       1.06       0.57     7933.50    11701.46     8385   
19176908.00    4546       2473       7019       4454       3527       7981       7981       1.06       0.58     7531.47    12103.48     7981   
19249824.00    4298       2314       6612       4702       3686       8388       8388       1.06       0.57     7934.73    11700.22     8388   
19322740.00    4822       2673       7495       4178       3327       7505       7505       1.06       0.60     7111.96    12522.99     7505   
19395656.00    4722       2671       7393       4278       3329       7607       7607       1.06       0.59     7207.36    12427.60     7607   
19468572.00    4470       2436       6906       4530       3564       8094       8094       1.06       0.57     7620.75    12014.21     8094   
19541488.00    4781       2630       7411       4219       3370       7589       7589       1.07       0.59     7115.58    12519.38     7589   
19614404.00    4766       2620       7386       4234       3380       7614       7614       1.07       0.59     7131.49    12503.47     7614   
19687320.00    4859       2690       7549       4141       3310       7451       7451       1.07       0.59     6946.76    12688.19     7451   
19760236.00    4776       2607       7383       4224       3393       7617       7617       1.07       0.59     7105.15    12529.80     7617   
19833152.00    4837       2624       7461       4163       3376       7539       7539       1.07       0.59     7029.39    12605.57     7539   
19906068.00    4852       2680       7532       4148       3320       7468       7468       1.07       0.59     6971.48    12663.47     7468   
19978984.00    4916       2716       7632       4084       3284       7368       7368       1.08       0.60     6829.74    12805.21     7368   
20051900.00    4908       2699       7607       4092       3301       7393       7393       1.08       0.60     6860.56    12774.39     7393   
20124816.00    4777       2654       7431       4223       3346       7569       7569       1.06       0.59     7114.27    12520.69     7569   
20197732.00    4757       2638       7395       4243       3362       7605       7605       1.06       0.59     7194.07    12440.88     7605   
20270648.00    4526       2491       7017       4474       3509       7983       7983       1.07       0.58     7479.95    12155.00     7983   
20343564.00    4468       2449       6917       4532       3551       8083       8083       1.06       0.57     7596.94    12038.02     8083   
20416480.00    4494       2424       6918       4506       3576       8082       8082       1.06       0.58     7618.30    12016.65     8082   
20489396.00    4317       2289       6606       4683       3711       8394       8394       1.06       0.56     7931.38    11703.57     8394   
20562312.00    4956       2783       7739       4044       3217       7261       7261       1.06       0.60     6839.18    12795.78     7261   
20635228.00    4909       2752       7661       4091       3248       7339       7339       1.07       0.60     6873.52    12761.43     7339   
20708144.00    4350       2323       6673       4650       3677       8327       8327       1.06       0.57     7886.41    11748.54     8327   
20781060.00    4804       2645       7449       4196       3355       7551       7551       1.07       0.59     7059.99    12574.97     7551   
20853976.00    4632       2509       7141       4368       3491       7859       7859       1.05       0.59     7468.57    12166.38     7859   
20926892.00    4766       2648       7414       4234       3352       7586       7586       1.06       0.59     7135.84    12499.12     7586   
20999808.00    4816       2713       7529       4184       3287       7471       7471       1.06       0.60     7060.01    12574.95     7471   
21072724.00    4891       2808       7699       4109       3192       7301       7301       1.06       0.60     6892.63    12742.32     7301   
21145640.00    4889       2784       7673       4111       3216       7327       7327       1.06       0.60     6904.42    12730.53     7327   
21218556.00    4843       2705       7548       4157       3295       7452       7452       1.06       0.60     7026.06    12608.89     7452   
21291472.00    4886       2758       7644       4114       3242       7356       7356       1.08       0.60     6834.75    12800.20     7356   
21364388.00    4853       2685       7538       4147       3315       7462       7462       1.07       0.60     6985.96    12649.00     7462   
21437304.00    4526       2459       6985       4474       3541       8015       8015       1.07       0.58     7492.03    12142.93     8015   
21510220.00    4519       2470       6989       4481       3530       8011       8011       1.08       0.57     7451.15    12183.81     8011   
21583136.00    4629       2567       7196       4371       3433       7804       7804       1.08       0.58     7224.07    12410.88     7804   
21656052.00    4576       2526       7102       4424       3474       7898       7898       1.07       0.58     7355.70    12279.25     7898   
21728968.00    4416       2448       6864       4584       3552       8136       8136       1.07       0.57     7594.63    12040.32     8136   
21801884.00    4412       2452       6864       4588       3548       8136       8136       1.07       0.57     7613.43    12021.53     8136   
21874800.00    4359       2370       6729       4641       3630       8271       8271       1.07       0.56     7724.54    11910.42     8271   
21947716.00    4389       2407       6796       4611       3593       8204       8204       1.07       0.57     7660.27    11974.68     8204   
22020632.00    4380       2414       6794       4620       3586       8206       8206       1.06       0.57     7705.76    11929.20     8206   
22093548.00    4397       2439       6836       4603       3561       8164       8164       1.07       0.57     7627.78    12007.18     8164   
22166464.00    4188       2254       6442       4812       3746       8558       8558       1.07       0.55     8025.53    11609.43     8558   
22239380.00    4171       2287       6458       4829       3713       8542       4477       1.07       0.55     7975.38    11659.58     4271   
22312296.00    4129       2267       6396       4871       3733       8604       4463       1.06       0.55     8091.89    11543.07     4302   
22385212.00    4139       2316       6455       4861       3684       8545       8545       1.06       0.56     8025.05    11609.91     8545   
22458128.00    4088       2228       6316       4912       3772       8684       8684       1.06       0.55     8199.04    11435.91     8684   
22531044.00    4377       2453       6830       4623       3547       8170       8170       1.06       0.57     7692.06    11942.90     8170   
22603960.00    4091       2223       6314       4909       3777       8686       8686       1.06       0.55     8164.30    11470.66     8686   
22676876.00    4145       2243       6388       4855       3757       8612       8612       1.05       0.56     8200.24    11434.72     8612   
22749792.00    4269       2289       6558       4731       3711       8442       8442       1.06       0.56     7979.06    11655.90     8442   
22822708.00    4270       2266       6536       4730       3734       8464       8464       1.05       0.56     8061.93    11573.02     8464   
22895624.00    4227       2297       6524       4773       3703       8476       8476       1.06       0.56     8016.89    11618.06     8476   
22968540.00    4223       2328       6551       4777       3672       8449       8449       1.06       0.56     7976.47    11658.48     8449   
23041456.00    4321       2347       6668       4679       3653       8332       8332       1.07       0.56     7782.41    11852.54     8332   
23114372.00    4170       2246       6416       4830       3754       8584       8584       1.07       0.55     8047.00    11587.96     8584   
23187288.00    4290       2322       6612       4710       3678       8388       8388       1.07       0.56     7862.34    11772.61     8388   
23260204.00    4181       2280       6461       4819       3720       8539       8539       1.07       0.55     7951.28    11683.67     8539   
23333120.00    4059       2180       6239       4941       3820       8761       8761       1.07       0.54     8165.20    11469.76     8761   
23406036.00    4262       2295       6557       4738       3705       8443       8443       1.08       0.56     7853.35    11781.60     8443   
23478952.00    4537       2496       7033       4463       3504       7967       7967       1.09       0.57     7335.79    12299.16     7967   
23551868.00    4512       2472       6984       4488       3528       8016       8016       1.07       0.57     7463.22    12171.73     8016   
23624784.00    4647       2548       7195       4353       3452       7805       7805       1.07       0.58     7296.41    12338.54     7805   
23697700.00    4604       2463       7067       4396       3537       7933       7933       1.07       0.58     7397.63    12237.33     7933   
23770616.00    4857       2702       7559       4143       3298       7441       7441       1.07       0.60     6948.30    12686.66     7441   
23843532.00    4430       2392       6822       4570       3608       8178       8178       1.06       0.57     7719.55    11915.41     8178   
23916448.00    4623       2570       7193       4377       3430       7807       7807       1.07       0.58     7327.32    12307.63     7807   
23989364.00    4738       2664       7402       4262       3336       7598       7598       1.06       0.59     7175.16    12459.80     7598   
24062280.00    4807       2709       7516       4193       3291       7484       7484       1.06       0.60     7084.63    12550.32     7484   
24135196.00    4761       2661       7422       4239       3339       7578       7578       1.06       0.60     7180.85    12454.11     7578   
24208112.00    4674       2619       7293       4326       3381       7707       4337       1.06       0.59     7278.26    12356.70     3853   
24281028.00    4692       2579       7271       4308       3421       7729       7729       1.06       0.59     7267.68    12367.27     7729   
24353944.00    4684       2523       7207       4316       3477       7793       7793       1.06       0.59     7317.85    12317.10     7793   
24426860.00    4595       2494       7089       4405       3506       7911       7911       1.06       0.58     7431.11    12203.84     7911   
24499776.00    4514       2463       6977       4486       3537       8023       8023       1.06       0.58     7592.60    12042.36     8023   
24572692.00    5266       3004       8270       3734       2996       6730       6730       1.07       0.62     6296.49    13338.47     6730   
24645608.00    4660       2567       7227       4340       3433       7773       7773       1.06       0.59     7346.13    12288.83     7773   
24718524.00    4700       2590       7290       4300       3410       7710       7710       1.05       0.59     7316.05    12318.90     7710   
24791440.00    5178       3030       8208       3822       2970       6792       6792       1.06       0.62     6390.54    13244.41     6792   
24864356.00    5153       2972       8125       3847       3028       6875       6875       1.07       0.62     6449.37    13185.59     6875   
24937272.00    5111       2929       8040       3889       3071       6960       6960       1.07       0.61     6530.24    13104.71     6960   
25010188.00    4577       2524       7101       4423       3476       7899       7899       1.06       0.58     7467.39    12167.57     7899   
25083104.00    5060       2876       7936       3940       3124       7064       7064       1.07       0.61     6617.24    13017.71     7064   
25156020.00    4613       2584       7197       4387       3416       7803       7803       1.06       0.59     7374.57    12260.39     7803   
25228936.00    5094       2933       8027       3906       3067       6973       6973       1.06       0.61     6565.49    13069.46     6973   
25301852.00    4857       2702       7559       4143       3298       7441       7441       1.05       0.60     7059.60    12575.35     7441   
25374768.00    5111       2928       8039       3889       3072       6961       6961       1.06       0.62     6595.75    13039.21     6961   
25447684.00    5178       2977       8155       3822       3023       6845       6845       1.05       0.62     6512.57    13122.39     6845   
25520600.00    5093       2915       8008       3907       3085       6992       6992       1.05       0.62     6639.84    12995.12     6992   
25593516.00    5033       2871       7904       3967       3129       7096       7096       1.06       0.61     6723.52    12911.44     7096   
25666432.00    4744       2707       7451       4256       3293       7549       7549       1.06       0.60     7131.23    12503.72     7549   
25739348.00    5035       2883       7918       3965       3117       7082       7082       1.07       0.61     6608.24    13026.71     7082   
25812264.00    5043       2915       7958       3957       3085       7042       7042       1.08       0.61     6519.89    13115.06     7042   
25885180.00    4537       2490       7027       4463       3510       7973       7973       1.07       0.58     7447.48    12187.47     7973   
25958096.00    4807       2769       7576       4193       3231       7424       7424       1.07       0.60     6929.45    12705.50     7424   
26031012.00    4912       2806       7718       4088       3194       7282       7282       1.06       0.60     6863.59    12771.37     7282   
26103928.00    5019       2893       7912       3981       3107       7088       7088       1.07       0.61     6637.85    12997.11     7088   
26176844.00    5097       2992       8089       3903       3008       6911       6911       1.06       0.62     6518.30    13116.66     6911   
26249760.00    5215       3062       8277       3785       2938       6723       6723       1.06       0.62     6327.70    13307.26     6723   
26322676.00    5390       3170       8560       3610       2830       6440       5367       1.07       0.63     6044.16    13590.79     3220   
26395592.00    5312       3093       8405       3688       2907       6595       6595       1.06       0.63     6215.17    13419.78     6595   
26468508.00    5176       2979       8155       3824       3021       6845       6845       1.06       0.62     6482.69    13152.27     6845   
26541424.00    4996       2869       7865       4004       3131       7135       7135       1.06       0.61     6742.81    12892.14     7135   
26614340.00    5207       3015       8222       3793       2985       6778       6778       1.06       0.62     6394.70    13240.26     6778   
26687256.00    5126       2935       8061       3874       3065       6939       6939       1.06       0.62     6570.22    13064.74     6939   
26760172.00    5286       3033       8319       3714       2967       6681       6681       1.06       0.62     6320.16    13314.79     6681   
26833088.00    5146       2977       8123       3854       3023       6877       6877       1.06       0.62     6508.93    13126.02     6877   
26906004.00    5117       2966       8083       3883       3034       6917       6917       1.05       0.62     6569.61    13065.35     6917   
26978920.00    5260       3024       8284       3740       2976       6716       6716       1.06       0.62     6347.87    13287.09     6716   
27051836.00    5384       3125       8509       3616       2875       6491       6491       1.07       0.63     6072.59    13562.37     6491   
27124752.00    5363       3084       8447       3637       2916       6553       6553       1.07       0.63     6123.56    13511.40     6553   
27197668.00    5293       2969       8262       3707       3031       6738       6738       1.07       0.62     6301.23    13333.72     6738   
27270584.00    5345       3031       8376       3655       2969       6624       6624       1.07       0.62     6187.20    13447.76     6624   
27343500.00    5424       3064       8488       3576       2936       6512       6512       1.07       0.63     6077.54    13557.42     6512   
27416416.00    5400       3102       8502       3600       2898       6498       6498       1.07       0.63     6083.20    13551.75     6498   
27489332.00    5290       3039       8329       3710       2961       6671       6671       1.06       0.62     6297.23    13337.73     6671   
27562248.00    5409       3132       8541       3591       2868       6459       6459       1.06       0.63     6083.14    13551.81     6459   
27635164.00    5383       3126       8509       3617       2874       6491       6491       1.05       0.63     6155.13    13479.83     6491   
27708080.00    5337       3013       8350       3663       2987       6650       6650       1.04       0.63     6392.35    13242.61     6650   
27780996.00    5459       3169       8628       3541       2831       6372       3619       1.05       0.64     6075.40    13559.56     3186   
27853912.00    5422       3174       8596       3578       2826       6404       6404       1.04       0.64     6178.70    13456.26     6404   
27926828.00    5662       3284       8946       3338       2716       6054       6054       1.03       0.65     5854.85    13780.10     6054   
27999744.00    5852       3462       9314       3148       2538       5686       3095       1.04       0.66     5463.69    14171.27     2843   
28072660.00    6213       3804      10017       2787       2196       4983       4983       1.04       0.67     4772.19    14862.76     4983   
28145576.00    6217       3773       9990       2783       2227       5010       5010       1.05       0.67     4753.81    14881.15     5010   
28218492.00    5822       3438       9260       3178       2562       5740       5740       1.05       0.65     5446.42    14188.53     5740   
28291408.00    5972       3571       9543       3028       2429       5457       5457       1.05       0.66     5191.14    14443.82     5457   
28364324.00    6309       3881      10190       2691       2119       4810       4810       1.06       0.67     4528.32    15106.63     4810   
28437240.00    6043       3592       9635       2957       2408       5365       5365       1.05       0.66     5103.34    14531.62     5365   
28510156.00    5852       3579       9431       3148       2421       5569       5569       1.05       0.66     5307.59    14327.36     5569   
28583072.00    5297       3098       8395       3703       2902       6605       5552       1.04       0.63     6330.94    13304.01     3302   
28655988.00    5688       3492       9180       3312       2508       5820       3764       1.05       0.65     5528.82    14106.14     1940   
28728904.00    5581       3354       8935       3419       2646       6065       3240       1.06       0.64     5732.67    13902.29     3032   
28801820.00    5184       3084       8268       3816       2916       6732       6732       1.05       0.63     6412.23    13222.73     6732   
28874736.00    5973       3703       9676       3027       2297       5324       4167       1.06       0.66     5031.20    14603.76     2662   
28947652.00    5842       3549       9391       3158       2451       5609       4508       1.06       0.66     5302.87    14332.08     2804   
29020568.00    5900       3597       9497       3100       2403       5503       4417       1.05       0.66     5223.73    14411.22     2751   
29093484.00    5260       3126       8386       3740       2874       6614       5440       1.05       0.63     6303.82    13331.13     3307   
29166400.00    4990       2908       7898       4010       3092       7102       5887       1.05       0.61     6768.33    12866.63     3551   
