 Timestep    Gas_A      Gas_B     Gas_tot    Dense_A    Dense_B   Dense_tot   Lg_clust  DP_density GP_density Clust_area  Gas_area     MCS    
   0.00      12000       3000      15000        0          0          0          6         0.00       0.76       0.00     19634.96      0     
104166.00    12000       3000      15000        0          0          0          58        0.00       0.76       0.00     19634.96      0     
208332.00    12000       3000      15000        0          0          0          87        0.00       0.76       0.00     19634.96      0     
312498.00    12000       3000      15000        0          0          0         124        0.00       0.76       0.00     19634.96      0     
416664.00    12000       3000      15000        0          0          0         165        0.00       0.76       0.00     19634.96      0     
520830.00    12000       3000      15000        0          0          0         230        0.00       0.76       0.00     19634.96      0     
624996.00    12000       3000      15000        0          0          0         149        0.00       0.76       0.00     19634.96      0     
729162.00    12000       3000      15000        0          0          0         288        0.00       0.76       0.00     19634.96      0     
833328.00    12000       3000      15000        0          0          0         206        0.00       0.76       0.00     19634.96      0     
937494.00    12000       3000      15000        0          0          0         205        0.00       0.76       0.00     19634.96      0     
1041660.00   12000       3000      15000        0          0          0         350        0.00       0.76       0.00     19634.96      0     
1145826.00   12000       3000      15000        0          0          0         263        0.00       0.76       0.00     19634.96      0     
1249992.00   12000       3000      15000        0          0          0         385        0.00       0.76       0.00     19634.96      0     
1354158.00   12000       3000      15000        0          0          0         212        0.00       0.76       0.00     19634.96      0     
1458324.00   12000       3000      15000        0          0          0         119        0.00       0.76       0.00     19634.96      0     
1562490.00   12000       3000      15000        0          0          0         147        0.00       0.76       0.00     19634.96      0     
1666656.00   12000       3000      15000        0          0          0         239        0.00       0.76       0.00     19634.96      0     
1770822.00   12000       3000      15000        0          0          0         223        0.00       0.76       0.00     19634.96      0     
1874988.00   12000       3000      15000        0          0          0         237        0.00       0.76       0.00     19634.96      0     
1979154.00   12000       3000      15000        0          0          0         171        0.00       0.76       0.00     19634.96      0     
2083320.00   12000       3000      15000        0          0          0         466        0.00       0.76       0.00     19634.96      0     
2187486.00   12000       3000      15000        0          0          0         363        0.00       0.76       0.00     19634.96      0     
2291652.00   12000       3000      15000        0          0          0         726        0.00       0.76       0.00     19634.96      0     
2395818.00   12000       3000      15000        0          0          0         381        0.00       0.76       0.00     19634.96      0     
2499984.00   12000       3000      15000        0          0          0         264        0.00       0.76       0.00     19634.96      0     
2604150.00   12000       3000      15000        0          0          0         281        0.00       0.76       0.00     19634.96      0     
2708316.00   12000       3000      15000        0          0          0         244        0.00       0.76       0.00     19634.96      0     
2812482.00   12000       3000      15000        0          0          0         199        0.00       0.76       0.00     19634.96      0     
2916648.00   12000       3000      15000        0          0          0         246        0.00       0.76       0.00     19634.96      0     
3020814.00   12000       3000      15000        0          0          0         147        0.00       0.76       0.00     19634.96      0     
3124980.00   12000       3000      15000        0          0          0         138        0.00       0.76       0.00     19634.96      0     
3229146.00   12000       3000      15000        0          0          0         215        0.00       0.76       0.00     19634.96      0     
3333312.00   12000       3000      15000        0          0          0         272        0.00       0.76       0.00     19634.96      0     
3437478.00   12000       3000      15000        0          0          0         200        0.00       0.76       0.00     19634.96      0     
3541644.00   12000       3000      15000        0          0          0         357        0.00       0.76       0.00     19634.96      0     
3645810.00   12000       3000      15000        0          0          0         189        0.00       0.76       0.00     19634.96      0     
3749976.00   12000       3000      15000        0          0          0         214        0.00       0.76       0.00     19634.96      0     
3854142.00   12000       3000      15000        0          0          0         188        0.00       0.76       0.00     19634.96      0     
3958308.00   12000       3000      15000        0          0          0         199        0.00       0.76       0.00     19634.96      0     
4062474.00   12000       3000      15000        0          0          0         173        0.00       0.76       0.00     19634.96      0     
4166640.00   12000       3000      15000        0          0          0         189        0.00       0.76       0.00     19634.96      0     
4270806.00   12000       3000      15000        0          0          0         129        0.00       0.76       0.00     19634.96      0     
4374972.00   12000       3000      15000        0          0          0         160        0.00       0.76       0.00     19634.96      0     
4479138.00   12000       3000      15000        0          0          0         152        0.00       0.76       0.00     19634.96      0     
4583304.00   12000       3000      15000        0          0          0         151        0.00       0.76       0.00     19634.96      0     
4687470.00   12000       3000      15000        0          0          0         114        0.00       0.76       0.00     19634.96      0     
4791636.00   12000       3000      15000        0          0          0         168        0.00       0.76       0.00     19634.96      0     
4895802.00   12000       3000      15000        0          0          0         145        0.00       0.76       0.00     19634.96      0     
4999968.00   12000       3000      15000        0          0          0         111        0.00       0.76       0.00     19634.96      0     
5104134.00   12000       3000      15000        0          0          0         204        0.00       0.76       0.00     19634.96      0     
5208300.00   12000       3000      15000        0          0          0         161        0.00       0.76       0.00     19634.96      0     
5312466.00   12000       3000      15000        0          0          0         211        0.00       0.76       0.00     19634.96      0     
5416632.00   12000       3000      15000        0          0          0         149        0.00       0.76       0.00     19634.96      0     
5520798.00   12000       3000      15000        0          0          0         131        0.00       0.76       0.00     19634.96      0     
5624964.00   12000       3000      15000        0          0          0         140        0.00       0.76       0.00     19634.96      0     
5729130.00   12000       3000      15000        0          0          0         113        0.00       0.76       0.00     19634.96      0     
5833296.00   12000       3000      15000        0          0          0         129        0.00       0.76       0.00     19634.96      0     
5937462.00   12000       3000      15000        0          0          0         140        0.00       0.76       0.00     19634.96      0     
6041628.00   12000       3000      15000        0          0          0          81        0.00       0.76       0.00     19634.96      0     
6145794.00   12000       3000      15000        0          0          0         102        0.00       0.76       0.00     19634.96      0     
6249960.00   12000       3000      15000        0          0          0         181        0.00       0.76       0.00     19634.96      0     
6354126.00   12000       3000      15000        0          0          0         242        0.00       0.76       0.00     19634.96      0     
6458292.00   12000       3000      15000        0          0          0         209        0.00       0.76       0.00     19634.96      0     
6562458.00   12000       3000      15000        0          0          0         183        0.00       0.76       0.00     19634.96      0     
6666624.00   12000       3000      15000        0          0          0         180        0.00       0.76       0.00     19634.96      0     
6770790.00   12000       3000      15000        0          0          0         151        0.00       0.76       0.00     19634.96      0     
6874956.00   12000       3000      15000        0          0          0         152        0.00       0.76       0.00     19634.96      0     
6979122.00   12000       3000      15000        0          0          0         165        0.00       0.76       0.00     19634.96      0     
7083288.00   12000       3000      15000        0          0          0         144        0.00       0.76       0.00     19634.96      0     
7187454.00   12000       3000      15000        0          0          0         188        0.00       0.76       0.00     19634.96      0     
7291620.00   12000       3000      15000        0          0          0         277        0.00       0.76       0.00     19634.96      0     
7395786.00   12000       3000      15000        0          0          0         129        0.00       0.76       0.00     19634.96      0     
7499952.00   12000       3000      15000        0          0          0          90        0.00       0.76       0.00     19634.96      0     
7604118.00   12000       3000      15000        0          0          0         184        0.00       0.76       0.00     19634.96      0     
7708284.00   12000       3000      15000        0          0          0         206        0.00       0.76       0.00     19634.96      0     
7812450.00   12000       3000      15000        0          0          0         368        0.00       0.76       0.00     19634.96      0     
7916616.00   12000       3000      15000        0          0          0         241        0.00       0.76       0.00     19634.96      0     
8020782.00   12000       3000      15000        0          0          0         134        0.00       0.76       0.00     19634.96      0     
8124948.00   12000       3000      15000        0          0          0         167        0.00       0.76       0.00     19634.96      0     
8229114.00   12000       3000      15000        0          0          0         207        0.00       0.76       0.00     19634.96      0     
8333280.00   12000       3000      15000        0          0          0         180        0.00       0.76       0.00     19634.96      0     
8437446.00   12000       3000      15000        0          0          0         307        0.00       0.76       0.00     19634.96      0     
8541612.00   12000       3000      15000        0          0          0         196        0.00       0.76       0.00     19634.96      0     
8645778.00   12000       3000      15000        0          0          0         108        0.00       0.76       0.00     19634.96      0     
8749944.00   12000       3000      15000        0          0          0          97        0.00       0.76       0.00     19634.96      0     
8854110.00   12000       3000      15000        0          0          0         109        0.00       0.76       0.00     19634.96      0     
8958276.00   12000       3000      15000        0          0          0         186        0.00       0.76       0.00     19634.96      0     
9062442.00   12000       3000      15000        0          0          0         192        0.00       0.76       0.00     19634.96      0     
9166608.00   12000       3000      15000        0          0          0         153        0.00       0.76       0.00     19634.96      0     
9270774.00   12000       3000      15000        0          0          0          92        0.00       0.76       0.00     19634.96      0     
9374940.00   12000       3000      15000        0          0          0         133        0.00       0.76       0.00     19634.96      0     
9479106.00   12000       3000      15000        0          0          0         349        0.00       0.76       0.00     19634.96      0     
9583272.00   12000       3000      15000        0          0          0         243        0.00       0.76       0.00     19634.96      0     
9687438.00   12000       3000      15000        0          0          0         129        0.00       0.76       0.00     19634.96      0     
9791604.00   12000       3000      15000        0          0          0         196        0.00       0.76       0.00     19634.96      0     
9895770.00   12000       3000      15000        0          0          0         167        0.00       0.76       0.00     19634.96      0     
9999936.00   12000       3000      15000        0          0          0         207        0.00       0.76       0.00     19634.96      0     
10104102.00   12000       3000      15000        0          0          0         198        0.00       0.76       0.00     19634.96      0     
10208268.00   12000       3000      15000        0          0          0         297        0.00       0.76       0.00     19634.96      0     
10312434.00   12000       3000      15000        0          0          0         312        0.00       0.76       0.00     19634.96      0     
10416600.00   12000       3000      15000        0          0          0         230        0.00       0.76       0.00     19634.96      0     
10520766.00   12000       3000      15000        0          0          0         179        0.00       0.76       0.00     19634.96      0     
10624932.00   12000       3000      15000        0          0          0         159        0.00       0.76       0.00     19634.96      0     
10729098.00   12000       3000      15000        0          0          0         231        0.00       0.76       0.00     19634.96      0     
10833264.00   12000       3000      15000        0          0          0         108        0.00       0.76       0.00     19634.96      0     
10937430.00   12000       3000      15000        0          0          0         188        0.00       0.76       0.00     19634.96      0     
11041596.00   12000       3000      15000        0          0          0         144        0.00       0.76       0.00     19634.96      0     
11145762.00   12000       3000      15000        0          0          0         167        0.00       0.76       0.00     19634.96      0     
11249928.00   12000       3000      15000        0          0          0         144        0.00       0.76       0.00     19634.96      0     
11354094.00   12000       3000      15000        0          0          0         130        0.00       0.76       0.00     19634.96      0     
11458260.00   12000       3000      15000        0          0          0         247        0.00       0.76       0.00     19634.96      0     
11562426.00   12000       3000      15000        0          0          0         322        0.00       0.76       0.00     19634.96      0     
11666592.00   12000       3000      15000        0          0          0         172        0.00       0.76       0.00     19634.96      0     
11770758.00   12000       3000      15000        0          0          0         218        0.00       0.76       0.00     19634.96      0     
11874924.00   12000       3000      15000        0          0          0         152        0.00       0.76       0.00     19634.96      0     
11979090.00   12000       3000      15000        0          0          0         131        0.00       0.76       0.00     19634.96      0     
12083256.00   12000       3000      15000        0          0          0         271        0.00       0.76       0.00     19634.96      0     
12187422.00   12000       3000      15000        0          0          0         224        0.00       0.76       0.00     19634.96      0     
12291588.00   12000       3000      15000        0          0          0         208        0.00       0.76       0.00     19634.96      0     
12395754.00   12000       3000      15000        0          0          0         130        0.00       0.76       0.00     19634.96      0     
12499920.00   12000       3000      15000        0          0          0          96        0.00       0.76       0.00     19634.96      0     
12604086.00   12000       3000      15000        0          0          0         154        0.00       0.76       0.00     19634.96      0     
12708252.00   12000       3000      15000        0          0          0         209        0.00       0.76       0.00     19634.96      0     
12812418.00   12000       3000      15000        0          0          0         322        0.00       0.76       0.00     19634.96      0     
12916584.00   12000       3000      15000        0          0          0         451        0.00       0.76       0.00     19634.96      0     
13020750.00   12000       3000      15000        0          0          0         238        0.00       0.76       0.00     19634.96      0     
13124916.00   12000       3000      15000        0          0          0         221        0.00       0.76       0.00     19634.96      0     
13229082.00   12000       3000      15000        0          0          0         218        0.00       0.76       0.00     19634.96      0     
13333248.00   12000       3000      15000        0          0          0         234        0.00       0.76       0.00     19634.96      0     
13437414.00   12000       3000      15000        0          0          0         253        0.00       0.76       0.00     19634.96      0     
13541580.00   12000       3000      15000        0          0          0         156        0.00       0.76       0.00     19634.96      0     
13645746.00   12000       3000      15000        0          0          0         271        0.00       0.76       0.00     19634.96      0     
13749912.00   12000       3000      15000        0          0          0         304        0.00       0.76       0.00     19634.96      0     
13854078.00   12000       3000      15000        0          0          0         277        0.00       0.76       0.00     19634.96      0     
13958244.00   12000       3000      15000        0          0          0         123        0.00       0.76       0.00     19634.96      0     
14062410.00   12000       3000      15000        0          0          0         114        0.00       0.76       0.00     19634.96      0     
14166576.00   12000       3000      15000        0          0          0         175        0.00       0.76       0.00     19634.96      0     
14270742.00   12000       3000      15000        0          0          0         211        0.00       0.76       0.00     19634.96      0     
14374908.00   12000       3000      15000        0          0          0         197        0.00       0.76       0.00     19634.96      0     
14479074.00   12000       3000      15000        0          0          0         180        0.00       0.76       0.00     19634.96      0     
14583240.00   12000       3000      15000        0          0          0         327        0.00       0.76       0.00     19634.96      0     
14687406.00   12000       3000      15000        0          0          0         333        0.00       0.76       0.00     19634.96      0     
14791572.00   12000       3000      15000        0          0          0         171        0.00       0.76       0.00     19634.96      0     
14895738.00   12000       3000      15000        0          0          0         212        0.00       0.76       0.00     19634.96      0     
14999904.00   12000       3000      15000        0          0          0         169        0.00       0.76       0.00     19634.96      0     
15104070.00   12000       3000      15000        0          0          0         178        0.00       0.76       0.00     19634.96      0     
15208236.00   12000       3000      15000        0          0          0         155        0.00       0.76       0.00     19634.96      0     
15312402.00   12000       3000      15000        0          0          0         279        0.00       0.76       0.00     19634.96      0     
15416568.00   12000       3000      15000        0          0          0         384        0.00       0.76       0.00     19634.96      0     
15520734.00   12000       3000      15000        0          0          0         301        0.00       0.76       0.00     19634.96      0     
15624900.00   12000       3000      15000        0          0          0         453        0.00       0.76       0.00     19634.96      0     
15729066.00   12000       3000      15000        0          0          0         450        0.00       0.76       0.00     19634.96      0     
15833232.00   12000       3000      15000        0          0          0         283        0.00       0.76       0.00     19634.96      0     
15937398.00   12000       3000      15000        0          0          0         284        0.00       0.76       0.00     19634.96      0     
16041564.00   12000       3000      15000        0          0          0         316        0.00       0.76       0.00     19634.96      0     
16145730.00   12000       3000      15000        0          0          0         389        0.00       0.76       0.00     19634.96      0     
16249896.00   12000       3000      15000        0          0          0         347        0.00       0.76       0.00     19634.96      0     
16354062.00   12000       3000      15000        0          0          0         162        0.00       0.76       0.00     19634.96      0     
16458228.00   12000       3000      15000        0          0          0         173        0.00       0.76       0.00     19634.96      0     
16562394.00   12000       3000      15000        0          0          0         169        0.00       0.76       0.00     19634.96      0     
16666560.00   12000       3000      15000        0          0          0         325        0.00       0.76       0.00     19634.96      0     
16770726.00   12000       3000      15000        0          0          0         324        0.00       0.76       0.00     19634.96      0     
16874892.00   12000       3000      15000        0          0          0         392        0.00       0.76       0.00     19634.96      0     
16979058.00   12000       3000      15000        0          0          0         307        0.00       0.76       0.00     19634.96      0     
17083224.00   12000       3000      15000        0          0          0         362        0.00       0.76       0.00     19634.96      0     
17187390.00   12000       3000      15000        0          0          0         156        0.00       0.76       0.00     19634.96      0     
17291556.00   12000       3000      15000        0          0          0         289        0.00       0.76       0.00     19634.96      0     
17395722.00   12000       3000      15000        0          0          0         325        0.00       0.76       0.00     19634.96      0     
17499888.00   12000       3000      15000        0          0          0         220        0.00       0.76       0.00     19634.96      0     
17604054.00   12000       3000      15000        0          0          0         223        0.00       0.76       0.00     19634.96      0     
17708220.00   12000       3000      15000        0          0          0         170        0.00       0.76       0.00     19634.96      0     
17812386.00   12000       3000      15000        0          0          0         262        0.00       0.76       0.00     19634.96      0     
17916552.00   12000       3000      15000        0          0          0         134        0.00       0.76       0.00     19634.96      0     
18020718.00   12000       3000      15000        0          0          0         175        0.00       0.76       0.00     19634.96      0     
18124884.00   12000       3000      15000        0          0          0         436        0.00       0.76       0.00     19634.96      0     
18229050.00   12000       3000      15000        0          0          0         466        0.00       0.76       0.00     19634.96      0     
18333216.00   12000       3000      15000        0          0          0         247        0.00       0.76       0.00     19634.96      0     
18437382.00   12000       3000      15000        0          0          0         239        0.00       0.76       0.00     19634.96      0     
18541548.00   12000       3000      15000        0          0          0         138        0.00       0.76       0.00     19634.96      0     
18645714.00   12000       3000      15000        0          0          0         198        0.00       0.76       0.00     19634.96      0     
18749880.00   12000       3000      15000        0          0          0         131        0.00       0.76       0.00     19634.96      0     
18854046.00   12000       3000      15000        0          0          0         170        0.00       0.76       0.00     19634.96      0     
18958212.00   12000       3000      15000        0          0          0         156        0.00       0.76       0.00     19634.96      0     
19062378.00   12000       3000      15000        0          0          0         163        0.00       0.76       0.00     19634.96      0     
19166544.00   12000       3000      15000        0          0          0         199        0.00       0.76       0.00     19634.96      0     
19270710.00   12000       3000      15000        0          0          0         168        0.00       0.76       0.00     19634.96      0     
19374876.00   12000       3000      15000        0          0          0         134        0.00       0.76       0.00     19634.96      0     
19479042.00   12000       3000      15000        0          0          0         135        0.00       0.76       0.00     19634.96      0     
19583208.00   12000       3000      15000        0          0          0         153        0.00       0.76       0.00     19634.96      0     
19687374.00   12000       3000      15000        0          0          0         130        0.00       0.76       0.00     19634.96      0     
19791540.00   12000       3000      15000        0          0          0         142        0.00       0.76       0.00     19634.96      0     
19895706.00   12000       3000      15000        0          0          0         181        0.00       0.76       0.00     19634.96      0     
19999872.00   12000       3000      15000        0          0          0         147        0.00       0.76       0.00     19634.96      0     
20104038.00   12000       3000      15000        0          0          0         237        0.00       0.76       0.00     19634.96      0     
20208204.00   12000       3000      15000        0          0          0         202        0.00       0.76       0.00     19634.96      0     
20312370.00   12000       3000      15000        0          0          0         145        0.00       0.76       0.00     19634.96      0     
20416536.00   12000       3000      15000        0          0          0         142        0.00       0.76       0.00     19634.96      0     
20520702.00   12000       3000      15000        0          0          0         484        0.00       0.76       0.00     19634.96      0     
20624868.00   12000       3000      15000        0          0          0         175        0.00       0.76       0.00     19634.96      0     
20729034.00   12000       3000      15000        0          0          0         346        0.00       0.76       0.00     19634.96      0     
20833200.00   12000       3000      15000        0          0          0         392        0.00       0.76       0.00     19634.96      0     
20937366.00   12000       3000      15000        0          0          0         268        0.00       0.76       0.00     19634.96      0     
21041532.00   12000       3000      15000        0          0          0         241        0.00       0.76       0.00     19634.96      0     
21145698.00   12000       3000      15000        0          0          0         224        0.00       0.76       0.00     19634.96      0     
21249864.00   12000       3000      15000        0          0          0         281        0.00       0.76       0.00     19634.96      0     
21354030.00   12000       3000      15000        0          0          0         156        0.00       0.76       0.00     19634.96      0     
21458196.00   12000       3000      15000        0          0          0         232        0.00       0.76       0.00     19634.96      0     
21562362.00   12000       3000      15000        0          0          0         245        0.00       0.76       0.00     19634.96      0     
21666528.00   12000       3000      15000        0          0          0         179        0.00       0.76       0.00     19634.96      0     
21770694.00   12000       3000      15000        0          0          0         108        0.00       0.76       0.00     19634.96      0     
21874860.00   12000       3000      15000        0          0          0         278        0.00       0.76       0.00     19634.96      0     
21979026.00   12000       3000      15000        0          0          0         208        0.00       0.76       0.00     19634.96      0     
22083192.00   12000       3000      15000        0          0          0         379        0.00       0.76       0.00     19634.96      0     
22187358.00   12000       3000      15000        0          0          0         333        0.00       0.76       0.00     19634.96      0     
22291524.00   12000       3000      15000        0          0          0         157        0.00       0.76       0.00     19634.96      0     
22395690.00   12000       3000      15000        0          0          0         228        0.00       0.76       0.00     19634.96      0     
22499856.00   12000       3000      15000        0          0          0         248        0.00       0.76       0.00     19634.96      0     
22604022.00   12000       3000      15000        0          0          0         200        0.00       0.76       0.00     19634.96      0     
22708188.00   12000       3000      15000        0          0          0         186        0.00       0.76       0.00     19634.96      0     
22812354.00   12000       3000      15000        0          0          0         250        0.00       0.76       0.00     19634.96      0     
22916520.00   12000       3000      15000        0          0          0         170        0.00       0.76       0.00     19634.96      0     
23020686.00   12000       3000      15000        0          0          0         198        0.00       0.76       0.00     19634.96      0     
23124852.00   12000       3000      15000        0          0          0         154        0.00       0.76       0.00     19634.96      0     
23229018.00   12000       3000      15000        0          0          0         135        0.00       0.76       0.00     19634.96      0     
23333184.00   12000       3000      15000        0          0          0         145        0.00       0.76       0.00     19634.96      0     
23437350.00   12000       3000      15000        0          0          0          76        0.00       0.76       0.00     19634.96      0     
23541516.00   12000       3000      15000        0          0          0         118        0.00       0.76       0.00     19634.96      0     
23645682.00   12000       3000      15000        0          0          0         184        0.00       0.76       0.00     19634.96      0     
23749848.00   12000       3000      15000        0          0          0         167        0.00       0.76       0.00     19634.96      0     
23854014.00   12000       3000      15000        0          0          0         218        0.00       0.76       0.00     19634.96      0     
23958180.00   12000       3000      15000        0          0          0         212        0.00       0.76       0.00     19634.96      0     
24062346.00   12000       3000      15000        0          0          0         124        0.00       0.76       0.00     19634.96      0     
24166512.00   12000       3000      15000        0          0          0         148        0.00       0.76       0.00     19634.96      0     
24270678.00   12000       3000      15000        0          0          0         152        0.00       0.76       0.00     19634.96      0     
24374844.00   12000       3000      15000        0          0          0         169        0.00       0.76       0.00     19634.96      0     
24479010.00   12000       3000      15000        0          0          0         130        0.00       0.76       0.00     19634.96      0     
24583176.00   12000       3000      15000        0          0          0         167        0.00       0.76       0.00     19634.96      0     
24687342.00   12000       3000      15000        0          0          0         137        0.00       0.76       0.00     19634.96      0     
24791508.00   12000       3000      15000        0          0          0          96        0.00       0.76       0.00     19634.96      0     
24895674.00   12000       3000      15000        0          0          0         140        0.00       0.76       0.00     19634.96      0     
24999840.00   12000       3000      15000        0          0          0         186        0.00       0.76       0.00     19634.96      0     
25104006.00   12000       3000      15000        0          0          0         201        0.00       0.76       0.00     19634.96      0     
25208172.00   12000       3000      15000        0          0          0         257        0.00       0.76       0.00     19634.96      0     
25312338.00   12000       3000      15000        0          0          0         121        0.00       0.76       0.00     19634.96      0     
25416504.00   12000       3000      15000        0          0          0         137        0.00       0.76       0.00     19634.96      0     
25520670.00   12000       3000      15000        0          0          0         292        0.00       0.76       0.00     19634.96      0     
25624836.00   12000       3000      15000        0          0          0         239        0.00       0.76       0.00     19634.96      0     
25729002.00   12000       3000      15000        0          0          0         177        0.00       0.76       0.00     19634.96      0     
25833168.00   12000       3000      15000        0          0          0         146        0.00       0.76       0.00     19634.96      0     
25937334.00   12000       3000      15000        0          0          0         158        0.00       0.76       0.00     19634.96      0     
26041500.00   12000       3000      15000        0          0          0         174        0.00       0.76       0.00     19634.96      0     
26145666.00   12000       3000      15000        0          0          0         131        0.00       0.76       0.00     19634.96      0     
26249832.00   12000       3000      15000        0          0          0         310        0.00       0.76       0.00     19634.96      0     
26353998.00   12000       3000      15000        0          0          0         207        0.00       0.76       0.00     19634.96      0     
26458164.00   12000       3000      15000        0          0          0         183        0.00       0.76       0.00     19634.96      0     
26562330.00   12000       3000      15000        0          0          0         207        0.00       0.76       0.00     19634.96      0     
26666496.00   12000       3000      15000        0          0          0         271        0.00       0.76       0.00     19634.96      0     
26770662.00   12000       3000      15000        0          0          0         453        0.00       0.76       0.00     19634.96      0     
26874828.00   12000       3000      15000        0          0          0         295        0.00       0.76       0.00     19634.96      0     
26978994.00   12000       3000      15000        0          0          0         331        0.00       0.76       0.00     19634.96      0     
27083160.00   12000       3000      15000        0          0          0         420        0.00       0.76       0.00     19634.96      0     
27187326.00   12000       3000      15000        0          0          0         389        0.00       0.76       0.00     19634.96      0     
27291492.00   12000       3000      15000        0          0          0         195        0.00       0.76       0.00     19634.96      0     
27395658.00   12000       3000      15000        0          0          0         159        0.00       0.76       0.00     19634.96      0     
27499824.00   12000       3000      15000        0          0          0         328        0.00       0.76       0.00     19634.96      0     
27603990.00   12000       3000      15000        0          0          0         241        0.00       0.76       0.00     19634.96      0     
27708156.00   12000       3000      15000        0          0          0         231        0.00       0.76       0.00     19634.96      0     
27812322.00   12000       3000      15000        0          0          0         167        0.00       0.76       0.00     19634.96      0     
27916488.00   12000       3000      15000        0          0          0         281        0.00       0.76       0.00     19634.96      0     
28020654.00   12000       3000      15000        0          0          0         277        0.00       0.76       0.00     19634.96      0     
28124820.00   12000       3000      15000        0          0          0         186        0.00       0.76       0.00     19634.96      0     
28228986.00   12000       3000      15000        0          0          0         213        0.00       0.76       0.00     19634.96      0     
28333152.00   12000       3000      15000        0          0          0         342        0.00       0.76       0.00     19634.96      0     
28437318.00   12000       3000      15000        0          0          0         200        0.00       0.76       0.00     19634.96      0     
28541484.00   12000       3000      15000        0          0          0         156        0.00       0.76       0.00     19634.96      0     
28645650.00   12000       3000      15000        0          0          0         163        0.00       0.76       0.00     19634.96      0     
28749816.00   12000       3000      15000        0          0          0         134        0.00       0.76       0.00     19634.96      0     
28853982.00   12000       3000      15000        0          0          0         100        0.00       0.76       0.00     19634.96      0     
28958148.00   12000       3000      15000        0          0          0         125        0.00       0.76       0.00     19634.96      0     
29062314.00   12000       3000      15000        0          0          0         242        0.00       0.76       0.00     19634.96      0     
29166480.00   12000       3000      15000        0          0          0         255        0.00       0.76       0.00     19634.96      0     
29270646.00   12000       3000      15000        0          0          0         133        0.00       0.76       0.00     19634.96      0     
29374812.00   12000       3000      15000        0          0          0         270        0.00       0.76       0.00     19634.96      0     
29478978.00   12000       3000      15000        0          0          0         249        0.00       0.76       0.00     19634.96      0     
29583144.00   12000       3000      15000        0          0          0         266        0.00       0.76       0.00     19634.96      0     
29687310.00   12000       3000      15000        0          0          0         238        0.00       0.76       0.00     19634.96      0     
29791476.00   12000       3000      15000        0          0          0         261        0.00       0.76       0.00     19634.96      0     
29895642.00   12000       3000      15000        0          0          0         213        0.00       0.76       0.00     19634.96      0     
29999808.00   12000       3000      15000        0          0          0         484        0.00       0.76       0.00     19634.96      0     
30103974.00   12000       3000      15000        0          0          0         322        0.00       0.76       0.00     19634.96      0     
30208140.00   12000       3000      15000        0          0          0         213        0.00       0.76       0.00     19634.96      0     
30312306.00   12000       3000      15000        0          0          0         344        0.00       0.76       0.00     19634.96      0     
30416472.00   12000       3000      15000        0          0          0         270        0.00       0.76       0.00     19634.96      0     
30520638.00   12000       3000      15000        0          0          0         334        0.00       0.76       0.00     19634.96      0     
30624804.00   12000       3000      15000        0          0          0         358        0.00       0.76       0.00     19634.96      0     
30728970.00   12000       3000      15000        0          0          0         296        0.00       0.76       0.00     19634.96      0     
30833136.00   12000       3000      15000        0          0          0         258        0.00       0.76       0.00     19634.96      0     
30937302.00   12000       3000      15000        0          0          0         146        0.00       0.76       0.00     19634.96      0     
31041468.00   12000       3000      15000        0          0          0         192        0.00       0.76       0.00     19634.96      0     
31145634.00   12000       3000      15000        0          0          0         134        0.00       0.76       0.00     19634.96      0     
31249800.00   12000       3000      15000        0          0          0         227        0.00       0.76       0.00     19634.96      0     
31353966.00   12000       3000      15000        0          0          0         216        0.00       0.76       0.00     19634.96      0     
31458132.00   12000       3000      15000        0          0          0         149        0.00       0.76       0.00     19634.96      0     
31562298.00   12000       3000      15000        0          0          0         218        0.00       0.76       0.00     19634.96      0     
31666464.00   12000       3000      15000        0          0          0         162        0.00       0.76       0.00     19634.96      0     
31770630.00   12000       3000      15000        0          0          0         273        0.00       0.76       0.00     19634.96      0     
31874796.00   12000       3000      15000        0          0          0         363        0.00       0.76       0.00     19634.96      0     
31978962.00   12000       3000      15000        0          0          0         307        0.00       0.76       0.00     19634.96      0     
32083128.00   12000       3000      15000        0          0          0         186        0.00       0.76       0.00     19634.96      0     
32187294.00   12000       3000      15000        0          0          0         157        0.00       0.76       0.00     19634.96      0     
32291460.00   12000       3000      15000        0          0          0         232        0.00       0.76       0.00     19634.96      0     
32395626.00   12000       3000      15000        0          0          0         292        0.00       0.76       0.00     19634.96      0     
32499792.00   12000       3000      15000        0          0          0         192        0.00       0.76       0.00     19634.96      0     
32603958.00   12000       3000      15000        0          0          0         308        0.00       0.76       0.00     19634.96      0     
32708124.00   12000       3000      15000        0          0          0         376        0.00       0.76       0.00     19634.96      0     
32812290.00   12000       3000      15000        0          0          0         338        0.00       0.76       0.00     19634.96      0     
32916456.00   12000       3000      15000        0          0          0          98        0.00       0.76       0.00     19634.96      0     
33020622.00   12000       3000      15000        0          0          0         137        0.00       0.76       0.00     19634.96      0     
33124788.00   12000       3000      15000        0          0          0         155        0.00       0.76       0.00     19634.96      0     
33228954.00   12000       3000      15000        0          0          0         161        0.00       0.76       0.00     19634.96      0     
33333120.00   12000       3000      15000        0          0          0         187        0.00       0.76       0.00     19634.96      0     
33437286.00   12000       3000      15000        0          0          0         275        0.00       0.76       0.00     19634.96      0     
33541452.00   12000       3000      15000        0          0          0         108        0.00       0.76       0.00     19634.96      0     
33645618.00   12000       3000      15000        0          0          0         137        0.00       0.76       0.00     19634.96      0     
33749784.00   12000       3000      15000        0          0          0         152        0.00       0.76       0.00     19634.96      0     
33853950.00   12000       3000      15000        0          0          0         214        0.00       0.76       0.00     19634.96      0     
33958116.00   12000       3000      15000        0          0          0         175        0.00       0.76       0.00     19634.96      0     
34062282.00   12000       3000      15000        0          0          0         282        0.00       0.76       0.00     19634.96      0     
34166448.00   12000       3000      15000        0          0          0         268        0.00       0.76       0.00     19634.96      0     
34270614.00   12000       3000      15000        0          0          0         274        0.00       0.76       0.00     19634.96      0     
34374780.00   12000       3000      15000        0          0          0         315        0.00       0.76       0.00     19634.96      0     
34478946.00   12000       3000      15000        0          0          0         193        0.00       0.76       0.00     19634.96      0     
34583112.00   12000       3000      15000        0          0          0         124        0.00       0.76       0.00     19634.96      0     
34687278.00   12000       3000      15000        0          0          0         162        0.00       0.76       0.00     19634.96      0     
34791444.00   12000       3000      15000        0          0          0         195        0.00       0.76       0.00     19634.96      0     
34895610.00   12000       3000      15000        0          0          0         187        0.00       0.76       0.00     19634.96      0     
34999776.00   12000       3000      15000        0          0          0         221        0.00       0.76       0.00     19634.96      0     
35103942.00   12000       3000      15000        0          0          0         374        0.00       0.76       0.00     19634.96      0     
35208108.00   12000       3000      15000        0          0          0         208        0.00       0.76       0.00     19634.96      0     
35312274.00   12000       3000      15000        0          0          0         190        0.00       0.76       0.00     19634.96      0     
35416440.00   12000       3000      15000        0          0          0         152        0.00       0.76       0.00     19634.96      0     
35520606.00   12000       3000      15000        0          0          0         240        0.00       0.76       0.00     19634.96      0     
35624772.00   12000       3000      15000        0          0          0         204        0.00       0.76       0.00     19634.96      0     
35728938.00   12000       3000      15000        0          0          0         310        0.00       0.76       0.00     19634.96      0     
35833104.00   12000       3000      15000        0          0          0         137        0.00       0.76       0.00     19634.96      0     
35937270.00   12000       3000      15000        0          0          0         151        0.00       0.76       0.00     19634.96      0     
36041436.00   12000       3000      15000        0          0          0          88        0.00       0.76       0.00     19634.96      0     
36145602.00   12000       3000      15000        0          0          0         338        0.00       0.76       0.00     19634.96      0     
36249768.00   12000       3000      15000        0          0          0         111        0.00       0.76       0.00     19634.96      0     
36353934.00   12000       3000      15000        0          0          0         128        0.00       0.76       0.00     19634.96      0     
36458100.00   12000       3000      15000        0          0          0         162        0.00       0.76       0.00     19634.96      0     
36562266.00   12000       3000      15000        0          0          0         160        0.00       0.76       0.00     19634.96      0     
36666432.00   12000       3000      15000        0          0          0         114        0.00       0.76       0.00     19634.96      0     
36770598.00   12000       3000      15000        0          0          0         217        0.00       0.76       0.00     19634.96      0     
36874764.00   12000       3000      15000        0          0          0         220        0.00       0.76       0.00     19634.96      0     
36978930.00   12000       3000      15000        0          0          0         145        0.00       0.76       0.00     19634.96      0     
37083096.00   12000       3000      15000        0          0          0         143        0.00       0.76       0.00     19634.96      0     
37187262.00   12000       3000      15000        0          0          0         200        0.00       0.76       0.00     19634.96      0     
37291428.00   12000       3000      15000        0          0          0         206        0.00       0.76       0.00     19634.96      0     
37395594.00   12000       3000      15000        0          0          0         242        0.00       0.76       0.00     19634.96      0     
37499760.00   12000       3000      15000        0          0          0         160        0.00       0.76       0.00     19634.96      0     
37603926.00   12000       3000      15000        0          0          0         143        0.00       0.76       0.00     19634.96      0     
37708092.00   12000       3000      15000        0          0          0         110        0.00       0.76       0.00     19634.96      0     
37812258.00   12000       3000      15000        0          0          0         203        0.00       0.76       0.00     19634.96      0     
37916424.00   12000       3000      15000        0          0          0         173        0.00       0.76       0.00     19634.96      0     
38020590.00   12000       3000      15000        0          0          0         186        0.00       0.76       0.00     19634.96      0     
38124756.00   12000       3000      15000        0          0          0         266        0.00       0.76       0.00     19634.96      0     
38228922.00   12000       3000      15000        0          0          0         282        0.00       0.76       0.00     19634.96      0     
38333088.00   12000       3000      15000        0          0          0         129        0.00       0.76       0.00     19634.96      0     
38437254.00   12000       3000      15000        0          0          0         174        0.00       0.76       0.00     19634.96      0     
38541420.00   12000       3000      15000        0          0          0         193        0.00       0.76       0.00     19634.96      0     
38645586.00   12000       3000      15000        0          0          0         256        0.00       0.76       0.00     19634.96      0     
38749752.00   12000       3000      15000        0          0          0         234        0.00       0.76       0.00     19634.96      0     
38853918.00   12000       3000      15000        0          0          0         223        0.00       0.76       0.00     19634.96      0     
38958084.00   12000       3000      15000        0          0          0         161        0.00       0.76       0.00     19634.96      0     
39062250.00   12000       3000      15000        0          0          0         246        0.00       0.76       0.00     19634.96      0     
39166416.00   12000       3000      15000        0          0          0         153        0.00       0.76       0.00     19634.96      0     
39270582.00   12000       3000      15000        0          0          0         142        0.00       0.76       0.00     19634.96      0     
39374748.00   12000       3000      15000        0          0          0         307        0.00       0.76       0.00     19634.96      0     
39478914.00   12000       3000      15000        0          0          0         260        0.00       0.76       0.00     19634.96      0     
39583080.00   12000       3000      15000        0          0          0         222        0.00       0.76       0.00     19634.96      0     
39687246.00   12000       3000      15000        0          0          0          99        0.00       0.76       0.00     19634.96      0     
39791412.00   12000       3000      15000        0          0          0         171        0.00       0.76       0.00     19634.96      0     
39895578.00   12000       3000      15000        0          0          0         167        0.00       0.76       0.00     19634.96      0     
39999744.00   12000       3000      15000        0          0          0         233        0.00       0.76       0.00     19634.96      0     
40103910.00   12000       3000      15000        0          0          0         316        0.00       0.76       0.00     19634.96      0     
40208076.00   12000       3000      15000        0          0          0         304        0.00       0.76       0.00     19634.96      0     
40312242.00   12000       3000      15000        0          0          0         239        0.00       0.76       0.00     19634.96      0     
40416408.00   12000       3000      15000        0          0          0         369        0.00       0.76       0.00     19634.96      0     
40520574.00   12000       3000      15000        0          0          0         236        0.00       0.76       0.00     19634.96      0     
40624740.00   12000       3000      15000        0          0          0         186        0.00       0.76       0.00     19634.96      0     
40728906.00   12000       3000      15000        0          0          0         164        0.00       0.76       0.00     19634.96      0     
40833072.00   12000       3000      15000        0          0          0         203        0.00       0.76       0.00     19634.96      0     
40937238.00   12000       3000      15000        0          0          0         124        0.00       0.76       0.00     19634.96      0     
41041404.00   12000       3000      15000        0          0          0         187        0.00       0.76       0.00     19634.96      0     
41145570.00   12000       3000      15000        0          0          0         229        0.00       0.76       0.00     19634.96      0     
41249736.00   12000       3000      15000        0          0          0          95        0.00       0.76       0.00     19634.96      0     
41353902.00   12000       3000      15000        0          0          0         163        0.00       0.76       0.00     19634.96      0     
41458068.00   12000       3000      15000        0          0          0         203        0.00       0.76       0.00     19634.96      0     
41562234.00   12000       3000      15000        0          0          0         177        0.00       0.76       0.00     19634.96      0     
41666400.00   12000       3000      15000        0          0          0         346        0.00       0.76       0.00     19634.96      0     
