 Timestep    Gas_A      Gas_B     Gas_tot    Dense_A    Dense_B   Dense_tot   Lg_clust  DP_density GP_density Clust_area  Gas_area     MCS    
   0.00      13500       1500      15000        0          0          0          6         0.00       0.76       0.00     19634.96      0     
 62499.00    13500       1500      15000        0          0          0          22        0.00       0.76       0.00     19634.96      0     
124998.00    13500       1500      15000        0          0          0          41        0.00       0.76       0.00     19634.96      0     
187497.00    13500       1500      15000        0          0          0          33        0.00       0.76       0.00     19634.96      0     
249996.00    13500       1500      15000        0          0          0          26        0.00       0.76       0.00     19634.96      0     
312495.00    13500       1500      15000        0          0          0          25        0.00       0.76       0.00     19634.96      0     
374994.00    13500       1500      15000        0          0          0          38        0.00       0.76       0.00     19634.96      0     
437493.00    13500       1500      15000        0          0          0          21        0.00       0.76       0.00     19634.96      0     
499992.00    13500       1500      15000        0          0          0          32        0.00       0.76       0.00     19634.96      0     
562491.00    13500       1500      15000        0          0          0          46        0.00       0.76       0.00     19634.96      0     
624990.00    13500       1500      15000        0          0          0          23        0.00       0.76       0.00     19634.96      0     
687489.00    13500       1500      15000        0          0          0          41        0.00       0.76       0.00     19634.96      0     
749988.00    13500       1500      15000        0          0          0          22        0.00       0.76       0.00     19634.96      0     
812487.00    13500       1500      15000        0          0          0          24        0.00       0.76       0.00     19634.96      0     
874986.00    13500       1500      15000        0          0          0          30        0.00       0.76       0.00     19634.96      0     
937485.00    13500       1500      15000        0          0          0          24        0.00       0.76       0.00     19634.96      0     
999984.00    13500       1500      15000        0          0          0          35        0.00       0.76       0.00     19634.96      0     
1062483.00   13500       1500      15000        0          0          0          48        0.00       0.76       0.00     19634.96      0     
1124982.00   13500       1500      15000        0          0          0          23        0.00       0.76       0.00     19634.96      0     
1187481.00   13500       1500      15000        0          0          0          30        0.00       0.76       0.00     19634.96      0     
1249980.00   13500       1500      15000        0          0          0          21        0.00       0.76       0.00     19634.96      0     
1312479.00   13500       1500      15000        0          0          0          32        0.00       0.76       0.00     19634.96      0     
1374978.00   13500       1500      15000        0          0          0          24        0.00       0.76       0.00     19634.96      0     
1437477.00   13500       1500      15000        0          0          0          28        0.00       0.76       0.00     19634.96      0     
1499976.00   13500       1500      15000        0          0          0          33        0.00       0.76       0.00     19634.96      0     
1562475.00   13500       1500      15000        0          0          0          28        0.00       0.76       0.00     19634.96      0     
1624974.00   13500       1500      15000        0          0          0          46        0.00       0.76       0.00     19634.96      0     
1687473.00   13500       1500      15000        0          0          0          42        0.00       0.76       0.00     19634.96      0     
1749972.00   13500       1500      15000        0          0          0          28        0.00       0.76       0.00     19634.96      0     
1812471.00   13500       1500      15000        0          0          0          35        0.00       0.76       0.00     19634.96      0     
1874970.00   13500       1500      15000        0          0          0          36        0.00       0.76       0.00     19634.96      0     
1937469.00   13500       1500      15000        0          0          0          42        0.00       0.76       0.00     19634.96      0     
1999968.00   13500       1500      15000        0          0          0          32        0.00       0.76       0.00     19634.96      0     
2062467.00   13500       1500      15000        0          0          0          33        0.00       0.76       0.00     19634.96      0     
2124966.00   13500       1500      15000        0          0          0          32        0.00       0.76       0.00     19634.96      0     
2187465.00   13500       1500      15000        0          0          0          20        0.00       0.76       0.00     19634.96      0     
2249964.00   13500       1500      15000        0          0          0          38        0.00       0.76       0.00     19634.96      0     
2312463.00   13500       1500      15000        0          0          0          26        0.00       0.76       0.00     19634.96      0     
2374962.00   13500       1500      15000        0          0          0          21        0.00       0.76       0.00     19634.96      0     
2437461.00   13500       1500      15000        0          0          0          18        0.00       0.76       0.00     19634.96      0     
2499960.00   13500       1500      15000        0          0          0          30        0.00       0.76       0.00     19634.96      0     
2562459.00   13500       1500      15000        0          0          0          19        0.00       0.76       0.00     19634.96      0     
2624958.00   13500       1500      15000        0          0          0          38        0.00       0.76       0.00     19634.96      0     
2687457.00   13500       1500      15000        0          0          0          27        0.00       0.76       0.00     19634.96      0     
2749956.00   13500       1500      15000        0          0          0          27        0.00       0.76       0.00     19634.96      0     
2812455.00   13500       1500      15000        0          0          0          29        0.00       0.76       0.00     19634.96      0     
2874954.00   13500       1500      15000        0          0          0          28        0.00       0.76       0.00     19634.96      0     
2937453.00   13500       1500      15000        0          0          0          20        0.00       0.76       0.00     19634.96      0     
2999952.00   13500       1500      15000        0          0          0          22        0.00       0.76       0.00     19634.96      0     
3062451.00   13500       1500      15000        0          0          0          32        0.00       0.76       0.00     19634.96      0     
3124950.00   13500       1500      15000        0          0          0          25        0.00       0.76       0.00     19634.96      0     
3187449.00   13500       1500      15000        0          0          0          23        0.00       0.76       0.00     19634.96      0     
3249948.00   13500       1500      15000        0          0          0          27        0.00       0.76       0.00     19634.96      0     
3312447.00   13500       1500      15000        0          0          0          36        0.00       0.76       0.00     19634.96      0     
3374946.00   13500       1500      15000        0          0          0          19        0.00       0.76       0.00     19634.96      0     
3437445.00   13500       1500      15000        0          0          0          25        0.00       0.76       0.00     19634.96      0     
3499944.00   13500       1500      15000        0          0          0          24        0.00       0.76       0.00     19634.96      0     
3562443.00   13500       1500      15000        0          0          0          25        0.00       0.76       0.00     19634.96      0     
3624942.00   13500       1500      15000        0          0          0          35        0.00       0.76       0.00     19634.96      0     
3687441.00   13500       1500      15000        0          0          0          26        0.00       0.76       0.00     19634.96      0     
3749940.00   13500       1500      15000        0          0          0          19        0.00       0.76       0.00     19634.96      0     
3812439.00   13500       1500      15000        0          0          0          19        0.00       0.76       0.00     19634.96      0     
3874938.00   13500       1500      15000        0          0          0          30        0.00       0.76       0.00     19634.96      0     
3937437.00   13500       1500      15000        0          0          0          29        0.00       0.76       0.00     19634.96      0     
3999936.00   13500       1500      15000        0          0          0          20        0.00       0.76       0.00     19634.96      0     
4062435.00   13500       1500      15000        0          0          0          44        0.00       0.76       0.00     19634.96      0     
4124934.00   13500       1500      15000        0          0          0          24        0.00       0.76       0.00     19634.96      0     
4187433.00   13500       1500      15000        0          0          0          22        0.00       0.76       0.00     19634.96      0     
4249932.00   13500       1500      15000        0          0          0          47        0.00       0.76       0.00     19634.96      0     
4312431.00   13500       1500      15000        0          0          0          37        0.00       0.76       0.00     19634.96      0     
4374930.00   13500       1500      15000        0          0          0          30        0.00       0.76       0.00     19634.96      0     
4437429.00   13500       1500      15000        0          0          0          24        0.00       0.76       0.00     19634.96      0     
4499928.00   13500       1500      15000        0          0          0          19        0.00       0.76       0.00     19634.96      0     
4562427.00   13500       1500      15000        0          0          0          39        0.00       0.76       0.00     19634.96      0     
4624926.00   13500       1500      15000        0          0          0          34        0.00       0.76       0.00     19634.96      0     
4687425.00   13500       1500      15000        0          0          0          25        0.00       0.76       0.00     19634.96      0     
4749924.00   13500       1500      15000        0          0          0          40        0.00       0.76       0.00     19634.96      0     
4812423.00   13500       1500      15000        0          0          0          26        0.00       0.76       0.00     19634.96      0     
4874922.00   13500       1500      15000        0          0          0          28        0.00       0.76       0.00     19634.96      0     
4937421.00   13500       1500      15000        0          0          0          23        0.00       0.76       0.00     19634.96      0     
4999920.00   13500       1500      15000        0          0          0          40        0.00       0.76       0.00     19634.96      0     
5062419.00   13500       1500      15000        0          0          0          32        0.00       0.76       0.00     19634.96      0     
5124918.00   13500       1500      15000        0          0          0          26        0.00       0.76       0.00     19634.96      0     
5187417.00   13500       1500      15000        0          0          0          25        0.00       0.76       0.00     19634.96      0     
5249916.00   13500       1500      15000        0          0          0          29        0.00       0.76       0.00     19634.96      0     
5312415.00   13500       1500      15000        0          0          0          39        0.00       0.76       0.00     19634.96      0     
5374914.00   13500       1500      15000        0          0          0          25        0.00       0.76       0.00     19634.96      0     
5437413.00   13500       1500      15000        0          0          0          24        0.00       0.76       0.00     19634.96      0     
5499912.00   13500       1500      15000        0          0          0          25        0.00       0.76       0.00     19634.96      0     
5562411.00   13500       1500      15000        0          0          0          19        0.00       0.76       0.00     19634.96      0     
5624910.00   13500       1500      15000        0          0          0          24        0.00       0.76       0.00     19634.96      0     
5687409.00   13500       1500      15000        0          0          0          25        0.00       0.76       0.00     19634.96      0     
5749908.00   13500       1500      15000        0          0          0          36        0.00       0.76       0.00     19634.96      0     
5812407.00   13500       1500      15000        0          0          0          26        0.00       0.76       0.00     19634.96      0     
5874906.00   13500       1500      15000        0          0          0          29        0.00       0.76       0.00     19634.96      0     
5937405.00   13500       1500      15000        0          0          0          40        0.00       0.76       0.00     19634.96      0     
5999904.00   13500       1500      15000        0          0          0          18        0.00       0.76       0.00     19634.96      0     
6062403.00   13500       1500      15000        0          0          0          28        0.00       0.76       0.00     19634.96      0     
6124902.00   13500       1500      15000        0          0          0          33        0.00       0.76       0.00     19634.96      0     
6187401.00   13500       1500      15000        0          0          0          27        0.00       0.76       0.00     19634.96      0     
6249900.00   13500       1500      15000        0          0          0          25        0.00       0.76       0.00     19634.96      0     
6312399.00   13500       1500      15000        0          0          0          26        0.00       0.76       0.00     19634.96      0     
6374898.00   13500       1500      15000        0          0          0          21        0.00       0.76       0.00     19634.96      0     
6437397.00   13500       1500      15000        0          0          0          28        0.00       0.76       0.00     19634.96      0     
6499896.00   13500       1500      15000        0          0          0          75        0.00       0.76       0.00     19634.96      0     
6562395.00   13500       1500      15000        0          0          0          25        0.00       0.76       0.00     19634.96      0     
6624894.00   13500       1500      15000        0          0          0          34        0.00       0.76       0.00     19634.96      0     
6687393.00   13500       1500      15000        0          0          0          30        0.00       0.76       0.00     19634.96      0     
6749892.00   13500       1500      15000        0          0          0          24        0.00       0.76       0.00     19634.96      0     
6812391.00   13500       1500      15000        0          0          0          24        0.00       0.76       0.00     19634.96      0     
6874890.00   13500       1500      15000        0          0          0          31        0.00       0.76       0.00     19634.96      0     
6937389.00   13500       1500      15000        0          0          0          27        0.00       0.76       0.00     19634.96      0     
6999888.00   13500       1500      15000        0          0          0          37        0.00       0.76       0.00     19634.96      0     
7062387.00   13500       1500      15000        0          0          0          30        0.00       0.76       0.00     19634.96      0     
7124886.00   13500       1500      15000        0          0          0          23        0.00       0.76       0.00     19634.96      0     
7187385.00   13500       1500      15000        0          0          0          27        0.00       0.76       0.00     19634.96      0     
7249884.00   13500       1500      15000        0          0          0          36        0.00       0.76       0.00     19634.96      0     
7312383.00   13500       1500      15000        0          0          0          28        0.00       0.76       0.00     19634.96      0     
7374882.00   13500       1500      15000        0          0          0          30        0.00       0.76       0.00     19634.96      0     
7437381.00   13500       1500      15000        0          0          0          23        0.00       0.76       0.00     19634.96      0     
7499880.00   13500       1500      15000        0          0          0          27        0.00       0.76       0.00     19634.96      0     
7562379.00   13500       1500      15000        0          0          0          37        0.00       0.76       0.00     19634.96      0     
7624878.00   13500       1500      15000        0          0          0          44        0.00       0.76       0.00     19634.96      0     
7687377.00   13500       1500      15000        0          0          0          27        0.00       0.76       0.00     19634.96      0     
7749876.00   13500       1500      15000        0          0          0          35        0.00       0.76       0.00     19634.96      0     
7812375.00   13500       1500      15000        0          0          0          32        0.00       0.76       0.00     19634.96      0     
7874874.00   13500       1500      15000        0          0          0          75        0.00       0.76       0.00     19634.96      0     
7937373.00   13500       1500      15000        0          0          0          19        0.00       0.76       0.00     19634.96      0     
7999872.00   13500       1500      15000        0          0          0          36        0.00       0.76       0.00     19634.96      0     
8062371.00   13500       1500      15000        0          0          0          28        0.00       0.76       0.00     19634.96      0     
8124870.00   13500       1500      15000        0          0          0          20        0.00       0.76       0.00     19634.96      0     
8187369.00   13500       1500      15000        0          0          0          22        0.00       0.76       0.00     19634.96      0     
8249868.00   13500       1500      15000        0          0          0          21        0.00       0.76       0.00     19634.96      0     
8312367.00   13500       1500      15000        0          0          0          29        0.00       0.76       0.00     19634.96      0     
8374866.00   13500       1500      15000        0          0          0          22        0.00       0.76       0.00     19634.96      0     
8437365.00   13500       1500      15000        0          0          0          20        0.00       0.76       0.00     19634.96      0     
8499864.00   13500       1500      15000        0          0          0          31        0.00       0.76       0.00     19634.96      0     
8562363.00   13500       1500      15000        0          0          0          23        0.00       0.76       0.00     19634.96      0     
8624862.00   13500       1500      15000        0          0          0          30        0.00       0.76       0.00     19634.96      0     
8687361.00   13500       1500      15000        0          0          0          26        0.00       0.76       0.00     19634.96      0     
8749860.00   13500       1500      15000        0          0          0          24        0.00       0.76       0.00     19634.96      0     
8812359.00   13500       1500      15000        0          0          0          42        0.00       0.76       0.00     19634.96      0     
8874858.00   13500       1500      15000        0          0          0          22        0.00       0.76       0.00     19634.96      0     
8937357.00   13500       1500      15000        0          0          0          22        0.00       0.76       0.00     19634.96      0     
8999856.00   13500       1500      15000        0          0          0          25        0.00       0.76       0.00     19634.96      0     
9062355.00   13500       1500      15000        0          0          0          27        0.00       0.76       0.00     19634.96      0     
9124854.00   13500       1500      15000        0          0          0          26        0.00       0.76       0.00     19634.96      0     
9187353.00   13500       1500      15000        0          0          0          28        0.00       0.76       0.00     19634.96      0     
9249852.00   13500       1500      15000        0          0          0          30        0.00       0.76       0.00     19634.96      0     
9312351.00   13500       1500      15000        0          0          0          26        0.00       0.76       0.00     19634.96      0     
9374850.00   13500       1500      15000        0          0          0          53        0.00       0.76       0.00     19634.96      0     
9437349.00   13500       1500      15000        0          0          0          40        0.00       0.76       0.00     19634.96      0     
9499848.00   13500       1500      15000        0          0          0          30        0.00       0.76       0.00     19634.96      0     
9562347.00   13500       1500      15000        0          0          0          50        0.00       0.76       0.00     19634.96      0     
9624846.00   13500       1500      15000        0          0          0          23        0.00       0.76       0.00     19634.96      0     
9687345.00   13500       1500      15000        0          0          0          38        0.00       0.76       0.00     19634.96      0     
9749844.00   13500       1500      15000        0          0          0          23        0.00       0.76       0.00     19634.96      0     
9812343.00   13500       1500      15000        0          0          0          22        0.00       0.76       0.00     19634.96      0     
9874842.00   13500       1500      15000        0          0          0          25        0.00       0.76       0.00     19634.96      0     
9937341.00   13500       1500      15000        0          0          0          21        0.00       0.76       0.00     19634.96      0     
9999840.00   13500       1500      15000        0          0          0          34        0.00       0.76       0.00     19634.96      0     
10062339.00   13500       1500      15000        0          0          0          43        0.00       0.76       0.00     19634.96      0     
10124838.00   13500       1500      15000        0          0          0          30        0.00       0.76       0.00     19634.96      0     
10187337.00   13500       1500      15000        0          0          0          23        0.00       0.76       0.00     19634.96      0     
10249836.00   13500       1500      15000        0          0          0          33        0.00       0.76       0.00     19634.96      0     
10312335.00   13500       1500      15000        0          0          0          24        0.00       0.76       0.00     19634.96      0     
10374834.00   13500       1500      15000        0          0          0          36        0.00       0.76       0.00     19634.96      0     
10437333.00   13500       1500      15000        0          0          0          33        0.00       0.76       0.00     19634.96      0     
10499832.00   13500       1500      15000        0          0          0          24        0.00       0.76       0.00     19634.96      0     
10562331.00   13500       1500      15000        0          0          0          33        0.00       0.76       0.00     19634.96      0     
10624830.00   13500       1500      15000        0          0          0          34        0.00       0.76       0.00     19634.96      0     
10687329.00   13500       1500      15000        0          0          0          26        0.00       0.76       0.00     19634.96      0     
10749828.00   13500       1500      15000        0          0          0          31        0.00       0.76       0.00     19634.96      0     
10812327.00   13500       1500      15000        0          0          0          21        0.00       0.76       0.00     19634.96      0     
10874826.00   13500       1500      15000        0          0          0          31        0.00       0.76       0.00     19634.96      0     
10937325.00   13500       1500      15000        0          0          0          25        0.00       0.76       0.00     19634.96      0     
10999824.00   13500       1500      15000        0          0          0          33        0.00       0.76       0.00     19634.96      0     
11062323.00   13500       1500      15000        0          0          0          22        0.00       0.76       0.00     19634.96      0     
11124822.00   13500       1500      15000        0          0          0          25        0.00       0.76       0.00     19634.96      0     
11187321.00   13500       1500      15000        0          0          0          24        0.00       0.76       0.00     19634.96      0     
11249820.00   13500       1500      15000        0          0          0          21        0.00       0.76       0.00     19634.96      0     
11312319.00   13500       1500      15000        0          0          0          24        0.00       0.76       0.00     19634.96      0     
11374818.00   13500       1500      15000        0          0          0          31        0.00       0.76       0.00     19634.96      0     
11437317.00   13500       1500      15000        0          0          0          33        0.00       0.76       0.00     19634.96      0     
11499816.00   13500       1500      15000        0          0          0          26        0.00       0.76       0.00     19634.96      0     
11562315.00   13500       1500      15000        0          0          0          23        0.00       0.76       0.00     19634.96      0     
11624814.00   13500       1500      15000        0          0          0          23        0.00       0.76       0.00     19634.96      0     
11687313.00   13500       1500      15000        0          0          0          35        0.00       0.76       0.00     19634.96      0     
11749812.00   13500       1500      15000        0          0          0          44        0.00       0.76       0.00     19634.96      0     
11812311.00   13500       1500      15000        0          0          0          53        0.00       0.76       0.00     19634.96      0     
11874810.00   13500       1500      15000        0          0          0          21        0.00       0.76       0.00     19634.96      0     
11937309.00   13500       1500      15000        0          0          0          29        0.00       0.76       0.00     19634.96      0     
11999808.00   13500       1500      15000        0          0          0          27        0.00       0.76       0.00     19634.96      0     
12062307.00   13500       1500      15000        0          0          0          26        0.00       0.76       0.00     19634.96      0     
12124806.00   13500       1500      15000        0          0          0          26        0.00       0.76       0.00     19634.96      0     
12187305.00   13500       1500      15000        0          0          0          21        0.00       0.76       0.00     19634.96      0     
12249804.00   13500       1500      15000        0          0          0          19        0.00       0.76       0.00     19634.96      0     
12312303.00   13500       1500      15000        0          0          0          22        0.00       0.76       0.00     19634.96      0     
12374802.00   13500       1500      15000        0          0          0          34        0.00       0.76       0.00     19634.96      0     
12437301.00   13500       1500      15000        0          0          0          33        0.00       0.76       0.00     19634.96      0     
12499800.00   13500       1500      15000        0          0          0          21        0.00       0.76       0.00     19634.96      0     
12562299.00   13500       1500      15000        0          0          0          18        0.00       0.76       0.00     19634.96      0     
12624798.00   13500       1500      15000        0          0          0          38        0.00       0.76       0.00     19634.96      0     
12687297.00   13500       1500      15000        0          0          0          27        0.00       0.76       0.00     19634.96      0     
12749796.00   13500       1500      15000        0          0          0          26        0.00       0.76       0.00     19634.96      0     
12812295.00   13500       1500      15000        0          0          0          32        0.00       0.76       0.00     19634.96      0     
12874794.00   13500       1500      15000        0          0          0          26        0.00       0.76       0.00     19634.96      0     
12937293.00   13500       1500      15000        0          0          0          22        0.00       0.76       0.00     19634.96      0     
12999792.00   13500       1500      15000        0          0          0          19        0.00       0.76       0.00     19634.96      0     
13062291.00   13500       1500      15000        0          0          0          26        0.00       0.76       0.00     19634.96      0     
13124790.00   13500       1500      15000        0          0          0          36        0.00       0.76       0.00     19634.96      0     
13187289.00   13500       1500      15000        0          0          0          32        0.00       0.76       0.00     19634.96      0     
13249788.00   13500       1500      15000        0          0          0          24        0.00       0.76       0.00     19634.96      0     
13312287.00   13500       1500      15000        0          0          0          41        0.00       0.76       0.00     19634.96      0     
13374786.00   13500       1500      15000        0          0          0          52        0.00       0.76       0.00     19634.96      0     
13437285.00   13500       1500      15000        0          0          0          48        0.00       0.76       0.00     19634.96      0     
13499784.00   13500       1500      15000        0          0          0          18        0.00       0.76       0.00     19634.96      0     
13562283.00   13500       1500      15000        0          0          0          38        0.00       0.76       0.00     19634.96      0     
13624782.00   13500       1500      15000        0          0          0          23        0.00       0.76       0.00     19634.96      0     
13687281.00   13500       1500      15000        0          0          0          36        0.00       0.76       0.00     19634.96      0     
13749780.00   13500       1500      15000        0          0          0          30        0.00       0.76       0.00     19634.96      0     
13812279.00   13500       1500      15000        0          0          0          23        0.00       0.76       0.00     19634.96      0     
13874778.00   13500       1500      15000        0          0          0          27        0.00       0.76       0.00     19634.96      0     
13937277.00   13500       1500      15000        0          0          0          37        0.00       0.76       0.00     19634.96      0     
13999776.00   13500       1500      15000        0          0          0          25        0.00       0.76       0.00     19634.96      0     
14062275.00   13500       1500      15000        0          0          0          29        0.00       0.76       0.00     19634.96      0     
14124774.00   13500       1500      15000        0          0          0          31        0.00       0.76       0.00     19634.96      0     
14187273.00   13500       1500      15000        0          0          0          32        0.00       0.76       0.00     19634.96      0     
14249772.00   13500       1500      15000        0          0          0          24        0.00       0.76       0.00     19634.96      0     
14312271.00   13500       1500      15000        0          0          0          25        0.00       0.76       0.00     19634.96      0     
14374770.00   13500       1500      15000        0          0          0          29        0.00       0.76       0.00     19634.96      0     
14437269.00   13500       1500      15000        0          0          0          42        0.00       0.76       0.00     19634.96      0     
14499768.00   13500       1500      15000        0          0          0          52        0.00       0.76       0.00     19634.96      0     
14562267.00   13500       1500      15000        0          0          0          25        0.00       0.76       0.00     19634.96      0     
14624766.00   13500       1500      15000        0          0          0          22        0.00       0.76       0.00     19634.96      0     
14687265.00   13500       1500      15000        0          0          0          34        0.00       0.76       0.00     19634.96      0     
14749764.00   13500       1500      15000        0          0          0          25        0.00       0.76       0.00     19634.96      0     
14812263.00   13500       1500      15000        0          0          0          46        0.00       0.76       0.00     19634.96      0     
14874762.00   13500       1500      15000        0          0          0          45        0.00       0.76       0.00     19634.96      0     
14937261.00   13500       1500      15000        0          0          0          27        0.00       0.76       0.00     19634.96      0     
14999760.00   13500       1500      15000        0          0          0          39        0.00       0.76       0.00     19634.96      0     
15062259.00   13500       1500      15000        0          0          0          34        0.00       0.76       0.00     19634.96      0     
15124758.00   13500       1500      15000        0          0          0          40        0.00       0.76       0.00     19634.96      0     
15187257.00   13500       1500      15000        0          0          0          21        0.00       0.76       0.00     19634.96      0     
15249756.00   13500       1500      15000        0          0          0          26        0.00       0.76       0.00     19634.96      0     
15312255.00   13500       1500      15000        0          0          0          34        0.00       0.76       0.00     19634.96      0     
15374754.00   13500       1500      15000        0          0          0          34        0.00       0.76       0.00     19634.96      0     
15437253.00   13500       1500      15000        0          0          0          32        0.00       0.76       0.00     19634.96      0     
15499752.00   13500       1500      15000        0          0          0          34        0.00       0.76       0.00     19634.96      0     
15562251.00   13500       1500      15000        0          0          0          34        0.00       0.76       0.00     19634.96      0     
15624750.00   13500       1500      15000        0          0          0          28        0.00       0.76       0.00     19634.96      0     
15687249.00   13500       1500      15000        0          0          0          37        0.00       0.76       0.00     19634.96      0     
15749748.00   13500       1500      15000        0          0          0          25        0.00       0.76       0.00     19634.96      0     
15812247.00   13500       1500      15000        0          0          0          20        0.00       0.76       0.00     19634.96      0     
15874746.00   13500       1500      15000        0          0          0          35        0.00       0.76       0.00     19634.96      0     
15937245.00   13500       1500      15000        0          0          0          29        0.00       0.76       0.00     19634.96      0     
15999744.00   13500       1500      15000        0          0          0          26        0.00       0.76       0.00     19634.96      0     
16062243.00   13500       1500      15000        0          0          0          25        0.00       0.76       0.00     19634.96      0     
16124742.00   13500       1500      15000        0          0          0          32        0.00       0.76       0.00     19634.96      0     
16187241.00   13500       1500      15000        0          0          0          19        0.00       0.76       0.00     19634.96      0     
16249740.00   13500       1500      15000        0          0          0          27        0.00       0.76       0.00     19634.96      0     
16312239.00   13500       1500      15000        0          0          0          18        0.00       0.76       0.00     19634.96      0     
16374738.00   13500       1500      15000        0          0          0          21        0.00       0.76       0.00     19634.96      0     
16437237.00   13500       1500      15000        0          0          0          25        0.00       0.76       0.00     19634.96      0     
16499736.00   13500       1500      15000        0          0          0          30        0.00       0.76       0.00     19634.96      0     
16562235.00   13500       1500      15000        0          0          0          44        0.00       0.76       0.00     19634.96      0     
16624734.00   13500       1500      15000        0          0          0          20        0.00       0.76       0.00     19634.96      0     
16687233.00   13500       1500      15000        0          0          0          49        0.00       0.76       0.00     19634.96      0     
16749732.00   13500       1500      15000        0          0          0          22        0.00       0.76       0.00     19634.96      0     
16812231.00   13500       1500      15000        0          0          0          33        0.00       0.76       0.00     19634.96      0     
16874730.00   13500       1500      15000        0          0          0          35        0.00       0.76       0.00     19634.96      0     
16937229.00   13500       1500      15000        0          0          0          26        0.00       0.76       0.00     19634.96      0     
16999728.00   13500       1500      15000        0          0          0          35        0.00       0.76       0.00     19634.96      0     
17062227.00   13500       1500      15000        0          0          0          36        0.00       0.76       0.00     19634.96      0     
17124726.00   13500       1500      15000        0          0          0          34        0.00       0.76       0.00     19634.96      0     
17187225.00   13500       1500      15000        0          0          0          19        0.00       0.76       0.00     19634.96      0     
17249724.00   13500       1500      15000        0          0          0          26        0.00       0.76       0.00     19634.96      0     
17312223.00   13500       1500      15000        0          0          0          24        0.00       0.76       0.00     19634.96      0     
17374722.00   13500       1500      15000        0          0          0          28        0.00       0.76       0.00     19634.96      0     
17437221.00   13500       1500      15000        0          0          0          24        0.00       0.76       0.00     19634.96      0     
17499720.00   13500       1500      15000        0          0          0          24        0.00       0.76       0.00     19634.96      0     
17562219.00   13500       1500      15000        0          0          0          23        0.00       0.76       0.00     19634.96      0     
17624718.00   13500       1500      15000        0          0          0          31        0.00       0.76       0.00     19634.96      0     
17687217.00   13500       1500      15000        0          0          0          38        0.00       0.76       0.00     19634.96      0     
17749716.00   13500       1500      15000        0          0          0          28        0.00       0.76       0.00     19634.96      0     
17812215.00   13500       1500      15000        0          0          0          24        0.00       0.76       0.00     19634.96      0     
17874714.00   13500       1500      15000        0          0          0          54        0.00       0.76       0.00     19634.96      0     
17937213.00   13500       1500      15000        0          0          0          30        0.00       0.76       0.00     19634.96      0     
17999712.00   13500       1500      15000        0          0          0          39        0.00       0.76       0.00     19634.96      0     
18062211.00   13500       1500      15000        0          0          0          37        0.00       0.76       0.00     19634.96      0     
18124710.00   13500       1500      15000        0          0          0          21        0.00       0.76       0.00     19634.96      0     
18187209.00   13500       1500      15000        0          0          0          28        0.00       0.76       0.00     19634.96      0     
18249708.00   13500       1500      15000        0          0          0          30        0.00       0.76       0.00     19634.96      0     
18312207.00   13500       1500      15000        0          0          0          27        0.00       0.76       0.00     19634.96      0     
18374706.00   13500       1500      15000        0          0          0          34        0.00       0.76       0.00     19634.96      0     
18437205.00   13500       1500      15000        0          0          0          18        0.00       0.76       0.00     19634.96      0     
18499704.00   13500       1500      15000        0          0          0          26        0.00       0.76       0.00     19634.96      0     
18562203.00   13500       1500      15000        0          0          0          21        0.00       0.76       0.00     19634.96      0     
18624702.00   13500       1500      15000        0          0          0          35        0.00       0.76       0.00     19634.96      0     
18687201.00   13500       1500      15000        0          0          0          31        0.00       0.76       0.00     19634.96      0     
18749700.00   13500       1500      15000        0          0          0          28        0.00       0.76       0.00     19634.96      0     
18812199.00   13500       1500      15000        0          0          0          27        0.00       0.76       0.00     19634.96      0     
18874698.00   13500       1500      15000        0          0          0          37        0.00       0.76       0.00     19634.96      0     
18937197.00   13500       1500      15000        0          0          0          24        0.00       0.76       0.00     19634.96      0     
18999696.00   13500       1500      15000        0          0          0          21        0.00       0.76       0.00     19634.96      0     
19062195.00   13500       1500      15000        0          0          0          31        0.00       0.76       0.00     19634.96      0     
19124694.00   13500       1500      15000        0          0          0          44        0.00       0.76       0.00     19634.96      0     
19187193.00   13500       1500      15000        0          0          0          25        0.00       0.76       0.00     19634.96      0     
19249692.00   13500       1500      15000        0          0          0          31        0.00       0.76       0.00     19634.96      0     
19312191.00   13500       1500      15000        0          0          0          24        0.00       0.76       0.00     19634.96      0     
19374690.00   13500       1500      15000        0          0          0          28        0.00       0.76       0.00     19634.96      0     
19437189.00   13500       1500      15000        0          0          0          38        0.00       0.76       0.00     19634.96      0     
19499688.00   13500       1500      15000        0          0          0          29        0.00       0.76       0.00     19634.96      0     
19562187.00   13500       1500      15000        0          0          0          27        0.00       0.76       0.00     19634.96      0     
19624686.00   13500       1500      15000        0          0          0          28        0.00       0.76       0.00     19634.96      0     
19687185.00   13500       1500      15000        0          0          0          21        0.00       0.76       0.00     19634.96      0     
19749684.00   13500       1500      15000        0          0          0          24        0.00       0.76       0.00     19634.96      0     
19812183.00   13500       1500      15000        0          0          0          20        0.00       0.76       0.00     19634.96      0     
19874682.00   13500       1500      15000        0          0          0          38        0.00       0.76       0.00     19634.96      0     
19937181.00   13500       1500      15000        0          0          0          24        0.00       0.76       0.00     19634.96      0     
19999680.00   13500       1500      15000        0          0          0          27        0.00       0.76       0.00     19634.96      0     
20062179.00   13500       1500      15000        0          0          0          25        0.00       0.76       0.00     19634.96      0     
20124678.00   13500       1500      15000        0          0          0          33        0.00       0.76       0.00     19634.96      0     
20187177.00   13500       1500      15000        0          0          0          38        0.00       0.76       0.00     19634.96      0     
20249676.00   13500       1500      15000        0          0          0          26        0.00       0.76       0.00     19634.96      0     
20312175.00   13500       1500      15000        0          0          0          19        0.00       0.76       0.00     19634.96      0     
20374674.00   13500       1500      15000        0          0          0          32        0.00       0.76       0.00     19634.96      0     
20437173.00   13500       1500      15000        0          0          0          35        0.00       0.76       0.00     19634.96      0     
20499672.00   13500       1500      15000        0          0          0          26        0.00       0.76       0.00     19634.96      0     
20562171.00   13500       1500      15000        0          0          0          20        0.00       0.76       0.00     19634.96      0     
20624670.00   13500       1500      15000        0          0          0          48        0.00       0.76       0.00     19634.96      0     
20687169.00   13500       1500      15000        0          0          0          30        0.00       0.76       0.00     19634.96      0     
20749668.00   13500       1500      15000        0          0          0          25        0.00       0.76       0.00     19634.96      0     
20812167.00   13500       1500      15000        0          0          0          18        0.00       0.76       0.00     19634.96      0     
20874666.00   13500       1500      15000        0          0          0          38        0.00       0.76       0.00     19634.96      0     
20937165.00   13500       1500      15000        0          0          0          34        0.00       0.76       0.00     19634.96      0     
20999664.00   13500       1500      15000        0          0          0          28        0.00       0.76       0.00     19634.96      0     
21062163.00   13500       1500      15000        0          0          0          42        0.00       0.76       0.00     19634.96      0     
21124662.00   13500       1500      15000        0          0          0          24        0.00       0.76       0.00     19634.96      0     
21187161.00   13500       1500      15000        0          0          0          31        0.00       0.76       0.00     19634.96      0     
21249660.00   13500       1500      15000        0          0          0          28        0.00       0.76       0.00     19634.96      0     
21312159.00   13500       1500      15000        0          0          0          21        0.00       0.76       0.00     19634.96      0     
21374658.00   13500       1500      15000        0          0          0          42        0.00       0.76       0.00     19634.96      0     
21437157.00   13500       1500      15000        0          0          0          34        0.00       0.76       0.00     19634.96      0     
21499656.00   13500       1500      15000        0          0          0          55        0.00       0.76       0.00     19634.96      0     
21562155.00   13500       1500      15000        0          0          0          26        0.00       0.76       0.00     19634.96      0     
21624654.00   13500       1500      15000        0          0          0          26        0.00       0.76       0.00     19634.96      0     
21687153.00   13500       1500      15000        0          0          0          22        0.00       0.76       0.00     19634.96      0     
21749652.00   13500       1500      15000        0          0          0          35        0.00       0.76       0.00     19634.96      0     
21812151.00   13500       1500      15000        0          0          0          24        0.00       0.76       0.00     19634.96      0     
21874650.00   13500       1500      15000        0          0          0          22        0.00       0.76       0.00     19634.96      0     
21937149.00   13500       1500      15000        0          0          0          21        0.00       0.76       0.00     19634.96      0     
21999648.00   13500       1500      15000        0          0          0          20        0.00       0.76       0.00     19634.96      0     
22062147.00   13500       1500      15000        0          0          0          37        0.00       0.76       0.00     19634.96      0     
22124646.00   13500       1500      15000        0          0          0          30        0.00       0.76       0.00     19634.96      0     
22187145.00   13500       1500      15000        0          0          0          34        0.00       0.76       0.00     19634.96      0     
22249644.00   13500       1500      15000        0          0          0          29        0.00       0.76       0.00     19634.96      0     
22312143.00   13500       1500      15000        0          0          0          26        0.00       0.76       0.00     19634.96      0     
22374642.00   13500       1500      15000        0          0          0          33        0.00       0.76       0.00     19634.96      0     
22437141.00   13500       1500      15000        0          0          0          26        0.00       0.76       0.00     19634.96      0     
22499640.00   13500       1500      15000        0          0          0          22        0.00       0.76       0.00     19634.96      0     
22562139.00   13500       1500      15000        0          0          0          30        0.00       0.76       0.00     19634.96      0     
22624638.00   13500       1500      15000        0          0          0          27        0.00       0.76       0.00     19634.96      0     
22687137.00   13500       1500      15000        0          0          0          23        0.00       0.76       0.00     19634.96      0     
22749636.00   13500       1500      15000        0          0          0          50        0.00       0.76       0.00     19634.96      0     
22812135.00   13500       1500      15000        0          0          0          24        0.00       0.76       0.00     19634.96      0     
22874634.00   13500       1500      15000        0          0          0          38        0.00       0.76       0.00     19634.96      0     
22937133.00   13500       1500      15000        0          0          0          25        0.00       0.76       0.00     19634.96      0     
22999632.00   13500       1500      15000        0          0          0          27        0.00       0.76       0.00     19634.96      0     
23062131.00   13500       1500      15000        0          0          0          33        0.00       0.76       0.00     19634.96      0     
23124630.00   13500       1500      15000        0          0          0          32        0.00       0.76       0.00     19634.96      0     
23187129.00   13500       1500      15000        0          0          0          32        0.00       0.76       0.00     19634.96      0     
23249628.00   13500       1500      15000        0          0          0          45        0.00       0.76       0.00     19634.96      0     
23312127.00   13500       1500      15000        0          0          0          28        0.00       0.76       0.00     19634.96      0     
23374626.00   13500       1500      15000        0          0          0          34        0.00       0.76       0.00     19634.96      0     
23437125.00   13500       1500      15000        0          0          0          45        0.00       0.76       0.00     19634.96      0     
23499624.00   13500       1500      15000        0          0          0          29        0.00       0.76       0.00     19634.96      0     
23562123.00   13500       1500      15000        0          0          0          18        0.00       0.76       0.00     19634.96      0     
23624622.00   13500       1500      15000        0          0          0          45        0.00       0.76       0.00     19634.96      0     
23687121.00   13500       1500      15000        0          0          0          36        0.00       0.76       0.00     19634.96      0     
23749620.00   13500       1500      15000        0          0          0          26        0.00       0.76       0.00     19634.96      0     
23812119.00   13500       1500      15000        0          0          0          19        0.00       0.76       0.00     19634.96      0     
23874618.00   13500       1500      15000        0          0          0          24        0.00       0.76       0.00     19634.96      0     
23937117.00   13500       1500      15000        0          0          0          17        0.00       0.76       0.00     19634.96      0     
23999616.00   13500       1500      15000        0          0          0          25        0.00       0.76       0.00     19634.96      0     
24062115.00   13500       1500      15000        0          0          0          28        0.00       0.76       0.00     19634.96      0     
24124614.00   13500       1500      15000        0          0          0          31        0.00       0.76       0.00     19634.96      0     
24187113.00   13500       1500      15000        0          0          0          32        0.00       0.76       0.00     19634.96      0     
24249612.00   13500       1500      15000        0          0          0          31        0.00       0.76       0.00     19634.96      0     
24312111.00   13500       1500      15000        0          0          0          32        0.00       0.76       0.00     19634.96      0     
24374610.00   13500       1500      15000        0          0          0          29        0.00       0.76       0.00     19634.96      0     
24437109.00   13500       1500      15000        0          0          0          23        0.00       0.76       0.00     19634.96      0     
24499608.00   13500       1500      15000        0          0          0          23        0.00       0.76       0.00     19634.96      0     
24562107.00   13500       1500      15000        0          0          0          29        0.00       0.76       0.00     19634.96      0     
24624606.00   13500       1500      15000        0          0          0          23        0.00       0.76       0.00     19634.96      0     
24687105.00   13500       1500      15000        0          0          0          23        0.00       0.76       0.00     19634.96      0     
24749604.00   13500       1500      15000        0          0          0          24        0.00       0.76       0.00     19634.96      0     
24812103.00   13500       1500      15000        0          0          0          27        0.00       0.76       0.00     19634.96      0     
24874602.00   13500       1500      15000        0          0          0          26        0.00       0.76       0.00     19634.96      0     
24937101.00   13500       1500      15000        0          0          0          26        0.00       0.76       0.00     19634.96      0     
24999600.00   13500       1500      15000        0          0          0          39        0.00       0.76       0.00     19634.96      0     
