 Timestep    Gas_A      Gas_B     Gas_tot    Dense_A    Dense_B   Dense_tot   Lg_clust  DP_density GP_density Clust_area  Gas_area     MCS    
   0.00      12000       3000      15000        0          0          0          4         0.00       0.76       0.00     19634.96      0     
124999.00    12000       3000      15000        0          0          0          91        0.00       0.76       0.00     19634.96      0     
249998.00    12000       3000      15000        0          0          0         289        0.00       0.76       0.00     19634.96      0     
374997.00    12000       3000      15000        0          0          0         512        0.00       0.76       0.00     19634.96      0     
499996.00    12000       3000      15000        0          0          0         435        0.00       0.76       0.00     19634.96      0     
624995.00    12000       3000      15000        0          0          0         557        0.00       0.76       0.00     19634.96      0     
749994.00    12000       3000      15000        0          0          0         634        0.00       0.76       0.00     19634.96      0     
874993.00    11091       2730      13821       909        270        1179       1179       1.05       0.75     1121.00    18513.95     1179   
999992.00    11085       2712      13797       915        288        1203       1203       1.06       0.75     1137.71    18497.25     1203   
1124991.00   10956       2675      13631       1044       325        1369       1369       1.03       0.74     1333.77    18301.18     1369   
1249990.00   10748       2618      13366       1252       382        1634       1634       1.03       0.74     1581.54    18053.41     1634   
1374989.00   10081       2386      12467       1919       614        2533       1408       1.06       0.72     2395.96    17239.00     1266   
1499988.00   10324       2422      12746       1676       578        2254       1245       1.07       0.73     2116.39    17518.57     1127   
1624987.00   10298       2424      12722       1702       576        2278       1224       1.06       0.73     2143.27    17491.69     1139   
1749986.00   10673       2593      13266       1327       407        1734       1734       1.06       0.74     1630.07    18004.89     1734   
1874985.00    9982       2358      12340       2018       642        2660       1596       1.06       0.72     2499.26    17135.70     1330   
1999984.00    8453       1824      10277       3547       1176       4723       2104       1.05       0.68     4478.87    15156.09     1574   
2124983.00    8314       1748      10062       3686       1252       4938       1989       1.06       0.67     4673.28    14961.68     1646   
2249982.00    8156       1722       9878       3844       1278       5122       2514       1.06       0.67     4846.25    14788.71     1707   
2374981.00    7715       1560       9275       4285       1440       5725       2573       1.06       0.65     5386.79    14248.16     1908   
2499980.00    7953       1613       9566       4047       1387       5434       2736       1.06       0.66     5105.46    14529.49     1811   
2624979.00    7799       1554       9353       4201       1446       5647       2568       1.07       0.65     5293.56    14341.40     1882   
2749978.00    7780       1529       9309       4220       1471       5691       2795       1.06       0.65     5381.05    14253.90     1897   
2874977.00    7887       1555       9442       4113       1445       5558       2890       1.06       0.66     5241.40    14393.55     1852   
2999976.00    7897       1535       9432       4103       1465       5568       2648       1.06       0.66     5267.25    14367.70     1856   
3124975.00    7553       1423       8976       4447       1577       6024       2988       1.06       0.64     5699.73    13935.23     2008   
3249974.00    7962       1511       9473       4038       1489       5527       5527       1.05       0.66     5242.09    14392.87     5527   
3374973.00    7996       1579       9575       4004       1421       5425       5425       1.06       0.66     5120.58    14514.38     5425   
3499972.00    8122       1707       9829       3878       1293       5171       3450       1.06       0.67     4878.71    14756.24     2585   
3624971.00    8625       1798      10423       3375       1202       4577       2775       1.06       0.68     4325.18    15309.77     2288   
3749970.00    8381       1729      10110       3619       1271       4890       2801       1.05       0.68     4661.48    14973.47     2445   
3874969.00    8308       1643       9951       3692       1357       5049       2850       1.05       0.67     4831.14    14803.81     2524   
3999968.00    8912       1920      10832       3088       1080       4168       2851       1.05       0.69     3974.36    15660.60     2084   
4124967.00    9997       2308      12305       2003       692        2695       2695       1.06       0.72     2541.30    17093.66     2695   
4249966.00    9449       2090      11539       2551       910        3461       2430       1.04       0.71     3312.35    16322.60     1730   
4374965.00    9147       1978      11125       2853       1022       3875       2545       1.05       0.70     3685.68    15949.27     1937   
4499964.00    8924       1892      10816       3076       1108       4184       2489       1.05       0.69     3975.60    15659.35     2092   
4624963.00    9294       2027      11321       2706       973        3679       2518       1.06       0.70     3471.09    16163.86     1839   
4749962.00    9508       2130      11638       2492       870        3362       3362       1.06       0.71     3172.27    16462.69     3362   
4874961.00    9161       2048      11209       2839       952        3791       2561       1.07       0.70     3534.39    16100.56     1895   
4999960.00    8189       1712       9901       3811       1288       5099       2609       1.06       0.67     4792.63    14842.33     1699   
5124959.00    9114       2020      11134       2886       980        3866       2645       1.07       0.69     3602.09    16032.86     1933   
5249958.00    8331       1720      10051       3669       1280       4949       3651       1.07       0.67     4617.73    15017.23     2474   
5374957.00    8893       1989      10882       3107       1011       4118       2582       1.08       0.69     3811.08    15823.88     2059   
5499956.00    7626       1509       9135       4374       1491       5865       4406       1.06       0.65     5517.06    14117.89     2932   
5624955.00    8582       1896      10478       3418       1104       4522       4522       1.08       0.68     4192.43    15442.53     4522   
5749954.00    8008       1653       9661       3992       1347       5339       5339       1.06       0.66     5013.35    14621.60     5339   
5874953.00    8683       1932      10615       3317       1068       4385       4385       1.07       0.68     4092.75    15542.21     4385   
5999952.00    8722       1936      10658       3278       1064       4342       4342       1.07       0.68     4062.12    15572.83     4342   
6124951.00    8763       1931      10694       3237       1069       4306       4306       1.08       0.68     3983.23    15651.72     4306   
6249950.00    8713       1906      10619       3287       1094       4381       4381       1.08       0.68     4047.82    15587.13     4381   
6374949.00    8644       1846      10490       3356       1154       4510       4510       1.08       0.68     4188.24    15446.72     4510   
6499948.00    8706       1897      10603       3294       1103       4397       4397       1.08       0.68     4066.12    15568.83     4397   
6624947.00    8020       1612       9632       3980       1388       5368       5368       1.07       0.66     4999.07    14635.89     5368   
6749946.00    7937       1579       9516       4063       1421       5484       5484       1.07       0.66     5125.72    14509.23     5484   
6874945.00    8007       1589       9596       3993       1411       5404       5404       1.08       0.66     5001.03    14633.92     5404   
6999944.00    8145       1652       9797       3855       1348       5203       5203       1.07       0.66     4864.79    14770.16     5203   
7124943.00    8191       1679       9870       3809       1321       5130       5130       1.06       0.67     4818.78    14816.18     5130   
7249942.00    8427       1778      10205       3573       1222       4795       4795       1.07       0.67     4499.77    15135.19     4795   
7374941.00    8461       1778      10239       3539       1222       4761       4761       1.06       0.68     4497.34    15137.62     4761   
7499940.00    8402       1789      10191       3598       1211       4809       4809       1.06       0.68     4548.95    15086.01     4809   
7624939.00    8347       1746      10093       3653       1254       4907       4907       1.07       0.67     4593.09    15041.86     4907   
7749938.00    8311       1709      10020       3689       1291       4980       4980       1.07       0.67     4634.97    14999.99     4980   
7874937.00    8171       1667       9838       3829       1333       5162       5162       1.08       0.66     4800.02    14834.94     5162   
7999936.00    8038       1662       9700       3962       1338       5300       5300       1.07       0.66     4933.64    14701.31     5300   
8124935.00    8090       1604       9694       3910       1396       5306       5306       1.07       0.66     4948.68    14686.27     5306   
8249934.00    8335       1722      10057       3665       1278       4943       4943       1.08       0.67     4591.58    15043.38     4943   
8374933.00    8059       1650       9709       3941       1350       5291       5291       1.08       0.66     4921.57    14713.38     5291   
8499932.00    8210       1689       9899       3790       1311       5101       5101       1.08       0.66     4727.68    14907.28     5101   
8624931.00    7152       1293       8445       4848       1707       6555       6555       1.07       0.63     6143.52    13491.44     6555   
8749930.00    7906       1542       9448       4094       1458       5552       5552       1.08       0.65     5159.26    14475.70     5552   
8874929.00    7372       1343       8715       4628       1657       6285       6285       1.07       0.63     5896.20    13738.76     6285   
8999928.00    7461       1393       8854       4539       1607       6146       6146       1.06       0.64     5793.42    13841.54     6146   
9124927.00    7518       1442       8960       4482       1558       6040       6040       1.06       0.64     5717.76    13917.19     6040   
9249926.00    8693       1814      10507       3307       1186       4493       4493       1.07       0.68     4192.99    15441.97     4493   
9374925.00    8588       1757      10345       3412       1243       4655       3643       1.07       0.68     4355.23    15279.72     2327   
9499924.00    8751       1847      10598       3249       1153       4402       4402       1.07       0.68     4113.27    15521.69     4402   
9624923.00    9181       1953      11134       2819       1047       3866       3866       1.07       0.70     3615.23    16019.72     3866   
9749922.00    9093       1927      11020       2907       1073       3980       3980       1.07       0.69     3713.66    15921.29     3980   
9874921.00    9331       1992      11323       2669       1008       3677       3677       1.07       0.70     3436.02    16198.93     3677   
9999920.00    9493       2118      11611       2507       882        3389       3389       1.08       0.70     3144.70    16490.26     3389   
10124919.00    9518       2098      11616       2482       902        3384       3384       1.07       0.70     3153.00    16481.95     3384   
10249918.00    8644       1797      10441       3356       1203       4559       3461       1.07       0.68     4266.11    15368.85     2279   
10374917.00    8498       1733      10231       3502       1267       4769       3751       1.07       0.67     4462.84    15172.11     2384   
10499916.00    8067       1600       9667       3933       1400       5333       3833       1.06       0.66     5020.24    14614.71     2666   
10624915.00    8133       1617       9750       3867       1383       5250       3610       1.05       0.67     5002.27    14632.69     2625   
10749914.00    7967       1549       9516       4033       1451       5484       3821       1.06       0.66     5174.44    14460.52     2742   
10874913.00    8059       1607       9666       3941       1393       5334       3897       1.07       0.66     5005.16    14629.79     2667   
10999912.00    7998       1585       9583       4002       1415       5417       3925       1.07       0.66     5060.37    14574.58     2708   
11124911.00    7814       1501       9315       4186       1499       5685       4021       1.06       0.65     5361.27    14273.69     2842   
11249910.00    8942       1927      10869       3058       1073       4131       2488       1.06       0.69     3882.12    15752.84     2065   
11374909.00    8171       1617       9788       3829       1383       5212       3434       1.07       0.66     4864.05    14770.90     2606   
11499908.00    8622       1769      10391       3378       1231       4609       3526       1.06       0.68     4364.68    15270.28     2304   
11624907.00    8302       1660       9962       3698       1340       5038       3291       1.06       0.67     4770.16    14864.80     2519   
11749906.00    8508       1751      10259       3492       1249       4741       1799       1.05       0.68     4495.74    15139.22     1580   
11874905.00    8603       1809      10412       3397       1191       4588       2860       1.06       0.68     4321.90    15313.05     2294   
11999904.00    8116       1635       9751       3884       1365       5249       3351       1.05       0.67     4977.45    14657.50     2624   
12124903.00    7968       1607       9575       4032       1393       5425       3428       1.06       0.66     5094.02    14540.93     2712   
12249902.00    7848       1543       9391       4152       1457       5609       3452       1.05       0.66     5322.90    14312.06     2804   
12374901.00    8335       1742      10077       3665       1258       4923       1998       1.06       0.67     4638.31    14996.64     1641   
12499900.00    8047       1547       9594       3953       1453       5406       3434       1.06       0.66     5113.35    14521.61     2703   
12624899.00    8221       1644       9865       3779       1356       5135       3222       1.07       0.66     4798.65    14836.30     2567   
12749898.00    8022       1567       9589       3978       1433       5411       2162       1.06       0.66     5087.63    14547.32     1803   
12874897.00    8035       1577       9612       3965       1423       5388       1978       1.06       0.66     5094.29    14540.66     1796   
12999896.00    8151       1647       9798       3849       1353       5202       1919       1.06       0.66     4893.31    14741.64     1734   
13124895.00    8405       1741      10146       3595       1259       4854       2928       1.07       0.67     4550.03    15084.93     2427   
13249894.00    7986       1585       9571       4014       1415       5429       3429       1.05       0.66     5159.66    14475.30     2714   
13374893.00    8507       1783      10290       3493       1217       4710       2394       1.06       0.68     4455.14    15179.82     2355   
13499892.00    8392       1745      10137       3608       1255       4863       2557       1.07       0.67     4543.96    15090.99     2431   
13624891.00    8236       1709       9945       3764       1291       5055       2540       1.07       0.67     4703.16    14931.79     2527   
13749890.00    7869       1603       9472       4131       1397       5528       2773       1.07       0.65     5170.27    14464.68     2764   
13874889.00    7597       1482       9079       4403       1518       5921       3216       1.06       0.65     5591.28    14043.67     2960   
13999888.00    7951       1579       9530       4049       1421       5470       3172       1.05       0.66     5217.28    14417.67     2735   
14124887.00    7845       1543       9388       4155       1457       5612       3498       1.06       0.66     5312.67    14322.29     2806   
14249886.00    7943       1624       9567       4057       1376       5433       3482       1.06       0.66     5127.56    14507.40     2716   
14374885.00    7897       1592       9489       4103       1408       5511       3446       1.06       0.66     5184.13    14450.83     2755   
14499884.00    7646       1543       9189       4354       1457       5811       3530       1.06       0.65     5492.08    14142.88     2905   
14624883.00    7806       1547       9353       4194       1453       5647       3409       1.06       0.65     5343.48    14291.47     2823   
14749882.00    7571       1455       9026       4429       1545       5974       3564       1.06       0.65     5658.58    13976.37     2987   
14874881.00    7518       1458       8976       4482       1542       6024       3335       1.06       0.64     5693.29    13941.66     3012   
14999880.00    7609       1507       9116       4391       1493       5884       3268       1.06       0.65     5559.68    14075.28     2942   
15124879.00    7823       1534       9357       4177       1466       5643       3349       1.06       0.65     5346.41    14288.54     2821   
15249878.00    7996       1564       9560       4004       1436       5440       3207       1.06       0.66     5130.79    14504.16     2720   
15374877.00    7751       1493       9244       4249       1507       5756       3556       1.05       0.65     5467.29    14167.67     2878   
15499876.00    8218       1656       9874       3782       1344       5126       2793       1.06       0.67     4845.87    14789.08     2563   
15624875.00    8489       1861      10350       3511       1139       4650       3150       1.06       0.68     4402.48    15232.48     2325   
15749874.00    8589       1806      10395       3411       1194       4605       2502       1.06       0.68     4354.31    15280.64     2302   
15874873.00    8511       1732      10243       3489       1268       4757       2445       1.06       0.68     4499.93    15135.03     2378   
15999872.00    8992       1909      10901       3008       1091       4099       2352       1.05       0.69     3897.28    15737.67     2049   
16124871.00    8861       1910      10771       3139       1090       4229       2381       1.04       0.69     4068.42    15566.54     2114   
16249870.00    8679       1902      10581       3321       1098       4419       3065       1.05       0.69     4208.63    15426.32     2209   
16374869.00    8164       1725       9889       3836       1275       5111       5111       1.05       0.67     4847.84    14787.11     5111   
16499868.00    7555       1478       9033       4445       1522       5967       3136       1.06       0.65     5633.11    14001.84     2983   
16624867.00    8356       1773      10129       3644       1227       4871       3302       1.06       0.67     4590.00    15044.95     2435   
16749866.00    8594       1859      10453       3406       1141       4547       3083       1.06       0.68     4290.00    15344.96     2273   
16874865.00    8355       1761      10116       3645       1239       4884       3493       1.06       0.67     4598.17    15036.79     2442   
16999864.00    8219       1733       9952       3781       1267       5048       2689       1.06       0.67     4757.11    14877.85     2524   
17124863.00    8133       1669       9802       3867       1331       5198       4062       1.05       0.67     4938.48    14696.48     2599   
17249862.00    8322       1749      10071       3678       1251       4929       3338       1.06       0.67     4651.23    14983.73     2464   
17374861.00    8850       1933      10783       3150       1067       4217       4217       1.06       0.69     3963.85    15671.11     4217   
17499860.00    9335       2133      11468       2665       867        3532       3532       1.07       0.70     3296.96    16338.00     3532   
17624859.00    8443       1846      10289       3557       1154       4711       3576       1.06       0.68     4440.98    15193.98     2355   
17749858.00    7682       1635       9317       4318       1365       5683       5683       1.06       0.65     5356.04    14278.92     5683   
17874857.00    7931       1669       9600       4069       1331       5400       5400       1.06       0.66     5092.99    14541.97     5400   
17999856.00    7909       1642       9551       4091       1358       5449       4255       1.07       0.66     5104.56    14530.39     2724   
18124855.00    7677       1583       9260       4323       1417       5740       4281       1.07       0.65     5374.36    14260.60     2870   
18249854.00    7618       1517       9135       4382       1483       5865       4293       1.07       0.65     5477.25    14157.71     2932   
18374853.00    7472       1521       8993       4528       1479       6007       4577       1.07       0.64     5616.05    14018.90     3003   
18499852.00    6961       1358       8319       5039       1642       6681       4492       1.07       0.62     6226.53    13408.42     3340   
18624851.00    7676       1577       9253       4324       1423       5747       4082       1.08       0.65     5318.59    14316.37     2873   
18749850.00    7155       1434       8589       4845       1566       6411       4564       1.07       0.63     5966.03    13668.93     3205   
18874849.00    7044       1398       8442       4956       1602       6558       4567       1.08       0.62     6074.69    13560.26     3279   
18999848.00    7036       1334       8370       4964       1666       6630       4464       1.08       0.62     6163.89    13471.07     3315   
19124847.00    7384       1462       8846       4616       1538       6154       3817       1.08       0.63     5692.50    13942.46     3077   
19249846.00    7331       1414       8745       4669       1586       6255       4029       1.07       0.63     5861.29    13773.67     3127   
19374845.00    7513       1500       9013       4487       1500       5987       3849       1.07       0.64     5586.86    14048.10     2993   
19499844.00    7488       1452       8940       4512       1548       6060       3929       1.07       0.64     5677.77    13957.18     3030   
19624843.00    7681       1503       9184       4319       1497       5816       3893       1.07       0.65     5450.44    14184.52     2908   
19749842.00    7653       1514       9167       4347       1486       5833       3941       1.06       0.65     5482.74    14152.22     2916   
19874841.00    7426       1456       8882       4574       1544       6118       4110       1.06       0.64     5757.07    13877.89     3059   
19999840.00    7862       1621       9483       4138       1379       5517       3524       1.07       0.66     5161.42    14473.54     2758   
20124839.00    8045       1662       9707       3955       1338       5293       3487       1.07       0.66     4947.91    14687.05     2646   
20249838.00    8276       1704       9980       3724       1296       5020       3437       1.08       0.67     4651.61    14983.34     2510   
20374837.00    8027       1615       9642       3973       1385       5358       3291       1.08       0.66     4952.14    14682.81     2679   
20499836.00    7764       1594       9358       4236       1406       5642       3712       1.08       0.65     5228.74    14406.21     2821   
20624835.00    7718       1576       9294       4282       1424       5706       3805       1.07       0.65     5333.67    14301.28     2853   
20749834.00    7373       1475       8848       4627       1525       6152       3855       1.07       0.64     5726.53    13908.42     3076   
20874833.00    7763       1616       9379       4237       1384       5621       3771       1.07       0.65     5237.59    14397.37     2810   
20999832.00    7712       1623       9335       4288       1377       5665       3897       1.08       0.65     5264.27    14370.69     2832   
21124831.00    8149       1736       9885       3851       1264       5115       4071       1.08       0.66     4740.06    14894.90     2557   
21249830.00    7580       1559       9139       4420       1441       5861       4198       1.07       0.65     5475.12    14159.84     2930   
21374829.00    7521       1488       9009       4479       1512       5991       4459       1.08       0.64     5558.60    14076.36     2995   
21499828.00    7383       1431       8814       4617       1569       6186       4620       1.09       0.63     5701.05    13933.90     3093   
21624827.00    7041       1327       8368       4959       1673       6632       4805       1.08       0.62     6135.26    13499.70     3316   
21749826.00    6935       1307       8242       5065       1693       6758       4929       1.08       0.62     6246.90    13388.06     3379   
21874825.00    7210       1379       8589       4790       1621       6411       4716       1.09       0.63     5902.93    13732.03     3205   
21999824.00    6936       1278       8214       5064       1722       6786       4732       1.09       0.61     6244.31    13390.64     3393   
22124823.00    7045       1304       8349       4955       1696       6651       4533       1.09       0.62     6110.46    13524.50     3325   
22249822.00    7562       1475       9037       4438       1525       5963       4720       1.09       0.64     5476.57    14158.39     2981   
22374821.00    6683       1214       7897       5317       1786       7103       4768       1.08       0.61     6598.74    13036.22     3551   
22499820.00    6677       1205       7882       5323       1795       7118       7118       1.08       0.60     6592.04    13042.91     7118   
22624819.00    7047       1302       8349       4953       1698       6651       6651       1.08       0.62     6153.67    13481.28     6651   
22749818.00    6929       1213       8142       5071       1787       6858       4733       1.07       0.62     6420.67    13214.29     3429   
22874817.00    7152       1332       8484       4848       1668       6516       4330       1.08       0.62     6055.43    13579.52     3258   
22999816.00    7415       1407       8822       4585       1593       6178       4196       1.08       0.63     5732.54    13902.42     3089   
23124815.00    7406       1385       8791       4594       1615       6209       4322       1.08       0.63     5766.58    13868.37     3104   
23249814.00    7013       1254       8267       4987       1746       6733       4683       1.07       0.62     6287.66    13347.29     3366   
23374813.00    7265       1356       8621       4735       1644       6379       4612       1.07       0.63     5940.45    13694.50     3189   
23499812.00    7335       1379       8714       4665       1621       6286       4417       1.07       0.63     5884.86    13750.09     3143   
23624811.00    7401       1385       8786       4599       1615       6214       4715       1.07       0.64     5825.44    13809.52     3107   
23749810.00    7864       1565       9429       4136       1435       5571       4196       1.07       0.65     5194.25    14440.71     2785   
23874809.00    7456       1408       8864       4544       1592       6136       6136       1.07       0.64     5736.22    13898.73     6136   
23999808.00    7772       1576       9348       4228       1424       5652       3127       1.07       0.65     5268.10    14366.86     2826   
24124807.00    7594       1494       9088       4406       1506       5912       5912       1.06       0.65     5551.84    14083.11     5912   
24249806.00    7820       1561       9381       4180       1439       5619       5619       1.07       0.65     5256.97    14377.98     5619   
24374805.00    8561       1825      10386       3439       1175       4614       4614       1.07       0.68     4292.55    15342.40     4614   
24499804.00    7735       1555       9290       4265       1445       5710       3354       1.07       0.65     5327.05    14307.91     2855   
24624803.00    7610       1492       9102       4390       1508       5898       3277       1.07       0.64     5509.58    14125.37     2949   
24749802.00    7687       1514       9201       4313       1486       5799       5799       1.07       0.65     5402.99    14231.97     5799   
24874801.00    7951       1606       9557       4049       1394       5443       2944       1.08       0.66     5046.13    14588.82     2721   
24999800.00    8115       1696       9811       3885       1304       5189       2769       1.07       0.66     4846.00    14788.96     2594   
25124799.00    8352       1747      10099       3648       1253       4901       4901       1.08       0.67     4522.45    15112.51     4901   
25249798.00    8341       1738      10079       3659       1262       4921       4921       1.08       0.67     4542.19    15092.76     4921   
25374797.00    7991       1649       9640       4009       1351       5360       5360       1.08       0.66     4958.51    14676.45     5360   
25499796.00    7879       1577       9456       4121       1423       5544       5544       1.08       0.65     5131.72    14503.23     5544   
25624795.00    8015       1616       9631       3985       1384       5369       3012       1.08       0.66     4957.14    14677.82     2684   
25749794.00    8048       1656       9704       3952       1344       5296       5296       1.09       0.66     4879.17    14755.79     5296   
25874793.00    8304       1708      10012       3696       1292       4988       2907       1.09       0.66     4567.28    15067.68     2494   
25999792.00    8170       1666       9836       3830       1334       5164       5164       1.08       0.66     4783.33    14851.62     5164   
26124791.00    8392       1733      10125       3608       1267       4875       3302       1.08       0.67     4529.30    15105.65     2437   
26249790.00    8296       1700       9996       3704       1300       5004       3364       1.07       0.67     4660.34    14974.61     2502   
26374789.00    8131       1654       9785       3869       1346       5215       3537       1.07       0.66     4888.17    14746.78     2607   
26499788.00    8199       1698       9897       3801       1302       5103       3385       1.08       0.66     4723.63    14911.33     2551   
26624787.00    8128       1631       9759       3872       1369       5241       3511       1.08       0.66     4835.04    14799.91     2620   
26749786.00    8049       1613       9662       3951       1387       5338       3645       1.08       0.66     4961.39    14673.57     2669   
26874785.00    7220       1320       8540       4780       1680       6460       3761       1.08       0.63     6002.27    13632.69     2153   
26999784.00    7226       1335       8561       4774       1665       6439       4776       1.07       0.63     6027.18    13607.78     3219   
27124783.00    7363       1380       8743       4637       1620       6257       3564       1.07       0.64     5869.04    13765.91     2085   
27249782.00    8299       1678       9977       3701       1322       5023       3446       1.06       0.67     4725.24    14909.71     2511   
27374781.00    7862       1518       9380       4138       1482       5620       4196       1.07       0.65     5271.94    14363.02     2810   
27499780.00    8135       1628       9763       3865       1372       5237       3764       1.06       0.66     4919.35    14715.60     2618   
27624779.00    8045       1645       9690       3955       1355       5310       4134       1.07       0.66     4979.25    14655.70     2655   
27749778.00    9071       1983      11054       2929       1017       3946       3946       1.08       0.69     3652.95    15982.01     3946   
27874777.00    9613       2170      11783       2387       830        3217       3217       1.08       0.71     2964.98    16669.97     3217   
27999776.00    9488       2164      11652       2512       836        3348       3348       1.08       0.70     3095.34    16539.61     3348   
28124775.00    9471       2129      11600       2529       871        3400       3400       1.09       0.70     3128.38    16506.57     3400   
28249774.00    9362       2086      11448       2638       914        3552       3552       1.08       0.70     3279.28    16355.67     3552   
28374773.00    9670       2175      11845       2330       825        3155       3155       1.08       0.71     2916.20    16718.76     3155   
28499772.00    9351       2096      11447       2649       904        3553       3553       1.07       0.70     3310.73    16324.23     3553   
28624771.00    9111       2010      11121       2889       990        3879       3879       1.07       0.70     3635.37    15999.59     3879   
28749770.00    9023       1970      10993       2977       1030       4007       4007       1.07       0.69     3750.47    15884.49     4007   
28874769.00    9484       2124      11608       2516       876        3392       3392       1.08       0.70     3143.52    16491.43     3392   
28999768.00    9242       2046      11288       2758       954        3712       3712       1.07       0.70     3479.46    16155.49     3712   
29124767.00    9021       1952      10973       2979       1048       4027       4027       1.06       0.69     3781.39    15853.56     4027   
29249766.00    8898       1932      10830       3102       1068       4170       4170       1.07       0.69     3902.71    15732.25     4170   
29374765.00    9114       1982      11096       2886       1018       3904       3904       1.07       0.69     3636.72    15998.23     3904   
29499764.00    9032       1957      10989       2968       1043       4011       4011       1.08       0.69     3723.62    15911.34     4011   
29624763.00    8823       1916      10739       3177       1084       4261       4261       1.07       0.69     3995.98    15638.98     4261   
29749762.00    8943       1948      10891       3057       1052       4109       4109       1.06       0.69     3874.90    15760.05     4109   
29874761.00    8829       1901      10730       3171       1099       4270       4270       1.06       0.69     4014.75    15620.21     4270   
29999760.00    8835       1867      10702       3165       1133       4298       4298       1.07       0.69     4026.72    15608.24     4298   
30124759.00    8806       1881      10687       3194       1119       4313       4313       1.06       0.69     4087.20    15547.76     4313   
30249758.00    9026       1949      10975       2974       1051       4025       4025       1.06       0.69     3811.84    15823.12     4025   
30374757.00    8303       1691       9994       3697       1309       5006       5006       1.06       0.67     4708.94    14926.02     5006   
30499756.00    8517       1744      10261       3483       1256       4739       3657       1.06       0.68     4480.12    15154.84     2369   
30624755.00    8613       1727      10340       3387       1273       4660       4660       1.07       0.68     4363.05    15271.90     4660   
30749754.00    8709       1785      10494       3291       1215       4506       3495       1.07       0.68     4202.55    15432.40     2253   
30874753.00    8768       1817      10585       3232       1183       4415       4415       1.07       0.68     4118.89    15516.07     4415   
30999752.00    8198       1642       9840       3802       1358       5160       4157       1.07       0.66     4837.68    14797.28     2580   
31124751.00    8740       1823      10563       3260       1177       4437       4437       1.07       0.68     4135.95    15499.00     4437   
31249750.00    8580       1731      10311       3420       1269       4689       4689       1.08       0.67     4354.84    15280.11     4689   
31374749.00    8646       1782      10428       3354       1218       4572       3470       1.09       0.68     4188.81    15446.14     2286   
31499748.00    8510       1697      10207       3490       1303       4793       3645       1.08       0.67     4438.61    15196.34     2396   
31624747.00    8610       1758      10368       3390       1242       4632       3335       1.07       0.68     4338.00    15296.95     2316   
31749746.00    8660       1788      10448       3340       1212       4552       3330       1.06       0.68     4287.66    15347.30     2276   
31874745.00    7917       1523       9440       4083       1477       5560       3507       1.06       0.66     5232.04    14402.92     1853   
31999744.00    7882       1518       9400       4118       1482       5600       3316       1.06       0.66     5296.33    14338.62     1866   
32124743.00    7867       1534       9401       4133       1466       5599       4569       1.06       0.65     5275.34    14359.62     2799   
32249742.00    8195       1644       9839       3805       1356       5161       4009       1.07       0.66     4837.37    14797.58     2580   
32374741.00    8082       1572       9654       3918       1428       5346       4136       1.07       0.66     5006.33    14628.63     2673   
32499740.00    7920       1547       9467       4080       1453       5533       2766       1.06       0.66     5232.61    14402.35     1844   
32624739.00    7920       1502       9422       4080       1498       5578       2558       1.05       0.66     5294.82    14340.13     1859   
32749738.00    7831       1483       9314       4169       1517       5686       2759       1.05       0.65     5391.70    14243.25     1895   
32874737.00    8460       1707      10167       3540       1293       4833       2599       1.06       0.67     4546.78    15088.18     1611   
32999736.00    8030       1559       9589       3970       1441       5411       2567       1.05       0.66     5156.59    14478.36     1803   
33124735.00    9173       1977      11150       2827       1023       3850       2566       1.06       0.70     3648.35    15986.61     1925   
33249734.00    8324       1666       9990       3676       1334       5010       2462       1.06       0.67     4713.81    14921.14     1670   
33374733.00    7791       1434       9225       4209       1566       5775       2673       1.05       0.65     5480.11    14154.85     1925   
33499732.00    7656       1446       9102       4344       1554       5898       1817       1.05       0.65     5622.03    14012.93     1474   
33624731.00    7653       1424       9077       4347       1576       5923       4489       1.05       0.65     5637.14    13997.82     2961   
33749730.00    7938       1515       9453       4062       1485       5547       2419       1.06       0.66     5251.11    14383.84     1849   
33874729.00    7745       1427       9172       4255       1573       5828       2478       1.06       0.65     5506.92    14128.03     1942   
33999728.00    7535       1390       8925       4465       1610       6075       2518       1.06       0.64     5734.53    13900.42     2025   
34124727.00    7777       1500       9277       4223       1500       5723       2128       1.07       0.65     5371.59    14263.37     1907   
34249726.00    7590       1422       9012       4410       1578       5988       2331       1.07       0.64     5587.85    14047.10     1996   
34374725.00    7705       1448       9153       4295       1552       5847       2275       1.07       0.65     5485.22    14149.73     1949   
34499724.00    7527       1379       8906       4473       1621       6094       2442       1.06       0.64     5757.61    13877.34     2031   
34624723.00    8141       1588       9729       3859       1412       5271       2227       1.05       0.67     5006.10    14628.86     1757   
34749722.00    7562       1373       8935       4438       1627       6065       2225       1.05       0.64     5769.89    13865.06     1516   
34874721.00    8583       1746      10329       3417       1254       4671       2643       1.06       0.68     4407.16    15227.80     2335   
34999720.00    8850       1871      10721       3150       1129       4279       2159       1.06       0.69     4049.67    15585.29     2139   
35124719.00    9695       2147      11842       2305       853        3158       2122       1.07       0.71     2951.94    16683.01     1579   
35249718.00    9393       2059      11452       2607       941        3548       2177       1.08       0.70     3290.75    16344.20     1774   
35374717.00    8830       1873      10703       3170       1127       4297       2215       1.08       0.68     3995.06    15639.89     2148   
35499716.00    7912       1574       9486       4088       1426       5514       2379       1.06       0.66     5221.11    14413.84     1838   
35624715.00    8770       1862      10632       3230       1138       4368       2287       1.06       0.68     4110.99    15523.97     2184   
35749714.00    8668       1790      10458       3332       1210       4542       2419       1.07       0.68     4253.81    15381.15     2271   
35874713.00    7636       1456       9092       4364       1544       5908       2563       1.07       0.65     5540.11    14094.85     1969   
35999712.00    8023       1598       9621       3977       1402       5379       2048       1.07       0.66     5049.75    14585.21     1793   
36124711.00    8182       1677       9859       3818       1323       5141       2107       1.06       0.67     4872.77    14762.19     1713   
36249710.00    8196       1658       9854       3804       1342       5146       2083       1.05       0.67     4889.64    14745.31     1715   
36374709.00    8289       1728      10017       3711       1272       4983       4983       1.06       0.67     4710.84    14924.11     4983   
36499708.00    7943       1585       9528       4057       1415       5472       4320       1.06       0.66     5165.43    14469.52     2736   
36624707.00    8216       1710       9926       3784       1290       5074       2736       1.06       0.67     4767.79    14867.17     2537   
36749706.00    8268       1726       9994       3732       1274       5006       2868       1.07       0.67     4694.58    14940.38     1668   
36874705.00    8402       1675      10077       3598       1325       4923       2841       1.06       0.67     4632.82    15002.14     2461   
36999704.00    8830       1843      10673       3170       1157       4327       4327       1.05       0.69     4120.62    15514.34     4327   
37124703.00    8737       1834      10571       3263       1166       4429       4429       1.05       0.68     4201.95    15433.01     4429   
37249702.00   10054       2305      12359       1946       695        2641       2641       1.09       0.72     2432.68    17202.28     2641   
37374701.00    8457       1686      10143       3543       1314       4857       2494       1.06       0.67     4575.52    15059.44     1619   
37499700.00    8284       1610       9894       3716       1390       5106       2578       1.06       0.67     4837.29    14797.67     2553   
37624699.00    8565       1704      10269       3435       1296       4731       2586       1.06       0.68     4468.64    15166.31     2365   
37749698.00    8793       1860      10653       3207       1140       4347       2799       1.06       0.69     4097.90    15537.05     2173   
37874697.00    9047       1921      10968       2953       1079       4032       2638       1.06       0.69     3789.30    15845.65     2016   
37999696.00    8764       1749      10513       3236       1251       4487       2627       1.06       0.68     4239.45    15395.50     2243   
38124695.00    8260       1658       9918       3740       1342       5082       2621       1.05       0.67     4833.10    14801.86     2541   
38249694.00   10258       2328      12586       1742       672        2414       2414       1.07       0.72     2259.70    17375.26     2414   
38374693.00    9053       1924      10977       2947       1076       4023       2646       1.04       0.70     3872.90    15762.06     2011   
38499692.00    8704       1808      10512       3296       1192       4488       2442       1.05       0.68     4270.05    15364.91     2244   
38624691.00    7707       1492       9199       4293       1508       5801       5801       1.04       0.65     5578.77    14056.18     5801   
38749690.00    8704       1804      10508       3296       1196       4492       2674       1.04       0.69     4307.58    15327.38     2246   
38874689.00    8605       1729      10334       3395       1271       4666       2882       1.05       0.68     4449.42    15185.53     2333   
38999688.00    9209       1909      11118       2791       1091       3882       1409       1.05       0.70     3683.17    15951.78     1294   
39124687.00    9553       2093      11646       2447       907        3354       1971       1.04       0.71     3211.81    16423.14     1677   
39249686.00    9354       2027      11381       2646       973        3619       3619       1.04       0.70     3465.70    16169.25     3619   
39374685.00    9416       2048      11464       2584       952        3536       2201       1.04       0.71     3407.38    16227.58     1768   
39499684.00    9735       2217      11952       2265       783        3048       1678       1.04       0.72     2932.29    16702.67     1524   
39624683.00   10845       2580      13425       1155       420        1575       1575       1.06       0.74     1485.55    18149.41     1575   
39749682.00   10322       2422      12744       1678       578        2256       2256       1.06       0.73     2135.62    17499.33     2256   
39874681.00    9981       2286      12267       2019       714        2733       1669       1.04       0.72     2621.47    17013.49     1366   
39999680.00    9385       2080      11465       2615       920        3535       2139       1.05       0.71     3380.98    16253.98     1767   
40124679.00    9944       2295      12239       2056       705        2761       2761       1.07       0.72     2572.77    17062.18     2761   
40249678.00    8414       1778      10192       3586       1222       4808       2605       1.05       0.68     4589.59    15045.36     1602   
40374677.00    9200       2052      11252       2800       948        3748       2510       1.05       0.70     3580.70    16054.26     1874   
40499676.00    8807       1931      10738       3193       1069       4262       2977       1.05       0.69     4052.73    15582.23     2131   
40624675.00    8007       1657       9664       3993       1343       5336       1550       1.05       0.66     5078.39    14556.57     1334   
40749674.00    8360       1779      10139       3640       1221       4861       3332       1.05       0.68     4627.21    15007.74     2430   
40874673.00    8108       1668       9776       3892       1332       5224       1872       1.05       0.67     4983.89    14651.07     1741   
40999672.00    8526       1789      10315       3474       1211       4685       2003       1.05       0.68     4451.89    15183.07     1561   
41124671.00    8919       1970      10889       3081       1030       4111       1764       1.06       0.69     3886.74    15748.22     1370   
41249670.00    8593       1798      10391       3407       1202       4609       1798       1.05       0.68     4382.58    15252.38     1536   
41374669.00    8768       1879      10647       3232       1121       4353       1778       1.05       0.69     4156.24    15478.72     1451   
41499668.00    8806       1908      10714       3194       1092       4286       1756       1.06       0.69     4041.83    15593.12     1428   
41624667.00    8870       1965      10835       3130       1035       4165       2397       1.07       0.69     3896.50    15738.45     2082   
41749666.00    8580       1849      10429       3420       1151       4571       2774       1.06       0.68     4310.40    15324.56     2285   
41874665.00    7976       1641       9617       4024       1359       5383       3586       1.06       0.66     5094.82    14540.13     2691   
41999664.00    8255       1739       9994       3745       1261       5006       2883       1.05       0.67     4773.89    14861.07     2503   
42124663.00    9384       2165      11549       2616       835        3451       3451       1.06       0.71     3267.18    16367.77     3451   
42249662.00    8450       1866      10316       3550       1134       4684       4684       1.06       0.68     4407.65    15227.31     4684   
42374661.00    7761       1618       9379       4239       1382       5621       3092       1.06       0.65     5288.11    14346.84     2810   
42499660.00    7746       1545       9291       4254       1455       5709       2946       1.05       0.65     5428.60    14206.35     2854   
42624659.00    7856       1589       9445       4144       1411       5555       3285       1.05       0.66     5298.28    14336.68     1851   
42749658.00    7999       1627       9626       4001       1373       5374       4304       1.05       0.66     5117.39    14517.57     2687   
42874657.00    8218       1702       9920       3782       1298       5080       2712       1.06       0.67     4804.30    14830.65     1693   
42999656.00    8131       1672       9803       3869       1328       5197       2844       1.05       0.67     4958.22    14676.74     1732   
43124655.00    8976       2000      10976       3024       1000       4024       1561       1.06       0.69     3789.76    15845.20     1341   
43249654.00    8050       1626       9676       3950       1374       5324       3099       1.06       0.66     5045.28    14589.68     1774   
43374653.00    8089       1675       9764       3911       1325       5236       2686       1.06       0.66     4917.15    14717.80     1745   
43499652.00    7730       1563       9293       4270       1437       5707       3340       1.06       0.65     5383.27    14251.69     2853   
43624651.00    8825       1934      10759       3175       1066       4241       2950       1.07       0.69     3978.55    15656.40     2120   
43749650.00    7989       1667       9656       4011       1333       5344       4327       1.07       0.66     5004.19    14630.76     2672   
43874649.00    7959       1641       9600       4041       1359       5400       4220       1.08       0.66     5020.97    14613.98     2700   
43999648.00    7642       1539       9181       4358       1461       5819       4459       1.08       0.64     5386.35    14248.60     2909   
44124647.00    7571       1503       9074       4429       1497       5926       4429       1.08       0.64     5508.80    14126.16     2963   
44249646.00    7381       1440       8821       4619       1560       6179       4663       1.07       0.64     5751.88    13883.08     3089   
44374645.00    7540       1499       9039       4460       1501       5961       4543       1.08       0.64     5519.75    14115.20     2980   
44499644.00    7816       1600       9416       4184       1400       5584       4178       1.07       0.65     5212.24    14422.72     2792   
44624643.00    8017       1629       9646       3983       1371       5354       4287       1.07       0.66     5010.82    14624.13     2677   
44749642.00    7917       1555       9472       4083       1445       5528       4275       1.07       0.66     5190.05    14444.91     2764   
44874641.00    7809       1532       9341       4191       1468       5659       4254       1.06       0.65     5346.86    14288.09     2829   
44999640.00    7895       1552       9447       4105       1448       5553       4291       1.05       0.66     5265.10    14369.85     2776   
45124639.00    8839       1942      10781       3161       1058       4219       4219       1.08       0.69     3905.59    15729.37     4219   
45249638.00    8586       1882      10468       3414       1118       4532       4532       1.08       0.68     4179.97    15454.99     4532   
45374637.00    8213       1724       9937       3787       1276       5063       5063       1.08       0.66     4671.01    14963.94     5063   
45499636.00    8063       1695       9758       3937       1305       5242       5242       1.08       0.66     4838.35    14796.60     5242   
45624635.00    7784       1571       9355       4216       1429       5645       5645       1.08       0.65     5234.58    14400.38     5645   
45749634.00    8227       1756       9983       3773       1244       5017       5017       1.09       0.67     4623.46    15011.50     5017   
45874633.00    8232       1745       9977       3768       1255       5023       5023       1.09       0.66     4612.73    15022.22     5023   
45999632.00    7931       1627       9558       4069       1373       5442       5442       1.08       0.65     5025.96    14609.00     5442   
46124631.00    7934       1620       9554       4066       1380       5446       5446       1.08       0.65     5047.74    14587.21     5446   
46249630.00    8051       1634       9685       3949       1366       5315       5315       1.08       0.66     4925.59    14709.37     5315   
46374629.00    7791       1548       9339       4209       1452       5661       5661       1.07       0.65     5274.38    14360.58     5661   
46499628.00    7783       1538       9321       4217       1462       5679       5679       1.07       0.65     5328.11    14306.85     5679   
46624627.00    7518       1457       8975       4482       1543       6025       6025       1.06       0.64     5661.36    13973.60     6025   
46749626.00    7588       1486       9074       4412       1514       5926       5926       1.07       0.64     5544.04    14090.92     5926   
46874625.00    7734       1536       9270       4266       1464       5730       5730       1.08       0.65     5319.93    14315.03     5730   
46999624.00    7671       1520       9191       4329       1480       5809       3735       1.08       0.65     5402.06    14232.90     2904   
47124623.00    7905       1588       9493       4095       1412       5507       5507       1.07       0.65     5133.25    14501.70     5507   
47249622.00    7569       1510       9079       4431       1490       5921       5921       1.07       0.64     5511.05    14123.90     5921   
47374621.00    7678       1535       9213       4322       1465       5787       5787       1.08       0.65     5370.64    14264.32     5787   
47499620.00    7666       1500       9166       4334       1500       5834       5834       1.08       0.64     5415.88    14219.08     5834   
47624619.00    7730       1516       9246       4270       1484       5754       5754       1.08       0.65     5339.84    14295.11     5754   
47749618.00    7825       1531       9356       4175       1469       5644       5644       1.08       0.65     5236.85    14398.10     5644   
47874617.00    7724       1490       9214       4276       1510       5786       5786       1.07       0.65     5411.86    14223.09     5786   
47999616.00    7920       1535       9455       4080       1465       5545       3785       1.08       0.65     5156.58    14478.38     2772   
48124615.00    7877       1508       9385       4123       1492       5615       5615       1.07       0.65     5256.49    14378.46     5615   
48249614.00    8008       1571       9579       3992       1429       5421       5421       1.07       0.66     5089.37    14545.59     5421   
48374613.00    8025       1570       9595       3975       1430       5405       5405       1.06       0.66     5076.29    14558.67     5405   
48499612.00    8086       1589       9675       3914       1411       5325       5325       1.07       0.66     4995.18    14639.78     5325   
48624611.00    8135       1597       9732       3865       1403       5268       5268       1.07       0.66     4917.96    14717.00     5268   
48749610.00    8087       1603       9690       3913       1397       5310       5310       1.07       0.66     4985.87    14649.08     5310   
48874609.00    8133       1616       9749       3867       1384       5251       5251       1.07       0.66     4925.54    14709.41     5251   
48999608.00    7621       1440       9061       4379       1560       5939       4624       1.06       0.65     5587.12    14047.83     2969   
49124607.00    7984       1550       9534       4016       1450       5466       5466       1.07       0.66     5131.31    14503.64     5466   
49249606.00    9190       1971      11161       2810       1029       3839       3839       1.08       0.69     3563.12    16071.83     3839   
49374605.00    8475       1723      10198       3525       1277       4802       4802       1.07       0.67     4481.69    15153.26     4802   
49499604.00    8238       1646       9884       3762       1354       5116       5116       1.07       0.67     4783.02    14851.93     5116   
49624603.00    8464       1715      10179       3536       1285       4821       4821       1.07       0.67     4485.15    15149.81     4821   
49749602.00    8661       1752      10413       3339       1248       4587       4587       1.07       0.68     4282.63    15352.32     4587   
49874601.00    8819       1833      10652       3181       1167       4348       4348       1.07       0.68     4047.40    15587.55     4348   
49999600.00    8222       1641       9863       3778       1359       5137       5137       1.07       0.67     4809.85    14825.10     5137   
