 Timestep    Gas_A      Gas_B     Gas_tot    Dense_A    Dense_B   Dense_tot   Lg_clust  DP_density GP_density Clust_area  Gas_area     MCS    
   0.00      10500       4500      15000        0          0          0          5         0.00       0.76       0.00     19634.96      0     
145833.00    10500       4500      15000        0          0          0         207        0.00       0.76       0.00     19634.96      0     
291666.00    10500       4500      15000        0          0          0         452        0.00       0.76       0.00     19634.96      0     
437499.00    10500       4500      15000        0          0          0         540        0.00       0.76       0.00     19634.96      0     
583332.00    10500       4500      15000        0          0          0         919        0.00       0.76       0.00     19634.96      0     
729165.00    10500       4500      15000        0          0          0         804        0.00       0.76       0.00     19634.96      0     
874998.00    10500       4500      15000        0          0          0         941        0.00       0.76       0.00     19634.96      0     
1020831.00    9082       3626      12708       1418       874        2292       1212       1.05       0.73     2187.40    17447.55     1146   
1166664.00    9010       3596      12606       1490       904        2394       1283       1.06       0.73     2256.39    17378.56     1197   
1312497.00    7965       2943      10908       2535       1557       4092       1516       1.04       0.69     3921.38    15713.57     1364   
1458330.00    7667       2770      10437       2833       1730       4563       1950       1.04       0.68     4379.82    15255.13     1521   
1604163.00    7420       2640      10060       3080       1860       4940       2010       1.05       0.67     4686.80    14948.16     1646   
1749996.00    7262       2544       9806       3238       1956       5194       3411       1.05       0.67     4952.86    14682.09     2597   
1895829.00    7489       2691      10180       3011       1809       4820       4820       1.06       0.67     4526.72    15108.23     4820   
2041662.00    7124       2436       9560       3376       2064       5440       5440       1.06       0.66     5132.08    14502.88     5440   
2187495.00    7377       2536       9913       3123       1964       5087       3108       1.06       0.67     4810.92    14824.03     2543   
2333328.00    7561       2620      10181       2939       1880       4819       1898       1.06       0.67     4527.77    15107.18     1606   
2479161.00    7474       2597      10071       3026       1903       4929       1918       1.07       0.67     4618.69    15016.27     1643   
2624994.00    7293       2458       9751       3207       2042       5249       1992       1.09       0.66     4837.72    14797.23     1749   
2770827.00    7074       2381       9455       3426       2119       5545       5545       1.07       0.65     5183.84    14451.11     5545   
2916660.00    7184       2478       9662       3316       2022       5338       2189       1.07       0.66     4981.79    14653.17     1779   
3062493.00    7140       2409       9549       3360       2091       5451       3355       1.07       0.66     5081.23    14553.73     2725   
3208326.00    7279       2510       9789       3221       1990       5211       3046       1.08       0.66     4834.17    14800.78     2605   
3354159.00    7217       2420       9637       3283       2080       5363       3158       1.07       0.66     5005.46    14629.50     2681   
3499992.00    7112       2373       9485       3388       2127       5515       3355       1.06       0.66     5183.98    14450.98     2757   
3645825.00    7217       2384       9601       3283       2116       5399       3231       1.07       0.66     5039.10    14595.85     2699   
3791658.00    7073       2326       9399       3427       2174       5601       3242       1.06       0.65     5261.51    14373.45     2800   
3937491.00    7730       2824      10554       2770       1676       4446       2953       1.07       0.68     4158.79    15476.16     2223   
4083324.00    7513       2704      10217       2987       1796       4783       3229       1.07       0.67     4462.67    15172.28     2391   
4229157.00    7895       2888      10783       2605       1612       4217       4217       1.08       0.69     3904.73    15730.22     4217   
4374990.00    7317       2529       9846       3183       1971       5154       3289       1.08       0.66     4771.57    14863.38     2577   
4520823.00    7149       2438       9587       3351       2062       5413       3183       1.09       0.65     4988.18    14646.78     2706   
4666656.00    7706       2764      10470       2794       1736       4530       4530       1.09       0.68     4156.49    15478.47     4530   
4812489.00    7609       2730      10339       2891       1770       4661       4661       1.10       0.67     4242.98    15391.97     4661   
4958322.00    6674       2166       8840       3826       2334       6160       4979       1.08       0.63     5687.84    13947.12     3080   
5104155.00    6767       2167       8934       3733       2333       6066       6066       1.09       0.63     5564.48    14070.47     6066   
5249988.00    6710       2082       8792       3790       2418       6208       6208       1.09       0.63     5706.48    13928.48     6208   
5395821.00    6922       2202       9124       3578       2298       5876       5876       1.10       0.64     5365.49    14269.46     5876   
5541654.00    6878       2158       9036       3622       2342       5964       5964       1.10       0.63     5401.56    14233.39     5964   
5687487.00    6725       2091       8816       3775       2409       6184       6184       1.10       0.63     5642.86    13992.10     6184   
5833320.00    6541       1960       8501       3959       2540       6499       6499       1.08       0.62     5994.23    13640.73     6499   
5979153.00    6731       2090       8821       3769       2410       6179       6179       1.08       0.63     5717.73    13917.22     6179   
6124986.00    6838       2173       9011       3662       2327       5989       5989       1.08       0.64     5537.19    14097.77     5989   
6270819.00    6871       2150       9021       3629       2350       5979       5979       1.08       0.64     5511.50    14123.46     5979   
6416652.00    6816       2082       8898       3684       2418       6102       6102       1.09       0.63     5600.24    14034.72     6102   
6562485.00    6752       2056       8808       3748       2444       6192       6192       1.08       0.63     5747.64    13887.32     6192   
6708318.00    6859       2072       8931       3641       2428       6069       6069       1.08       0.64     5617.35    14017.60     6069   
6854151.00    6948       2146       9094       3552       2354       5906       5906       1.08       0.64     5461.29    14173.66     5906   
6999984.00    7517       2489      10006       2983       2011       4994       4994       1.08       0.67     4609.14    15025.82     4994   
7145817.00    7687       2575      10262       2813       1925       4738       4738       1.09       0.67     4365.47    15269.49     4738   
7291650.00    7555       2514      10069       2945       1986       4931       4931       1.08       0.67     4574.40    15060.56     4931   
7437483.00    7658       2512      10170       2842       1988       4830       4830       1.06       0.67     4556.18    15078.78     4830   
7583316.00    7316       2287       9603       3184       2213       5397       5397       1.06       0.66     5085.02    14549.93     5397   
7729149.00    7639       2483      10122       2861       2017       4878       4878       1.07       0.67     4580.27    15054.68     4878   
7874982.00    7669       2528      10197       2831       1972       4803       4803       1.06       0.68     4551.46    15083.49     4803   
8020815.00    7836       2723      10559       2664       1777       4441       4441       1.06       0.68     4200.31    15434.64     4441   
8166648.00    7748       2661      10409       2752       1839       4591       4591       1.06       0.68     4321.63    15313.33     4591   
8312481.00    7558       2507      10065       2942       1993       4935       4935       1.06       0.67     4638.51    14996.44     4935   
8458314.00    7747       2643      10390       2753       1857       4610       4610       1.07       0.68     4298.01    15336.95     4610   
8604147.00    8151       2949      11100       2349       1551       3900       3900       1.08       0.69     3627.23    16007.72     3900   
8749980.00    7643       2513      10156       2857       1987       4844       4844       1.06       0.67     4565.05    15069.91     4844   
8895813.00    8279       2911      11190       2221       1589       3810       3810       1.08       0.70     3543.83    16091.12     3810   
9041646.00    8088       2745      10833       2412       1755       4167       2850       1.07       0.69     3910.19    15724.77     2083   
9187479.00    8148       2788      10936       2352       1712       4064       2807       1.06       0.69     3843.53    15791.43     2032   
9333312.00    8545       3191      11736       1955       1309       3264       3264       1.06       0.71     3074.16    16560.79     3264   
9479145.00    8759       3292      12051       1741       1208       2949       2949       1.06       0.71     2773.15    16861.80     2949   
9624978.00    8803       3331      12134       1697       1169       2866       2866       1.05       0.72     2735.69    16899.27     2866   
9770811.00    8769       3457      12226       1731       1043       2774       2774       1.06       0.72     2608.11    17026.84     2774   
9916644.00    7950       2819      10769       2550       1681       4231       3199       1.05       0.69     4013.58    15621.38     2115   
10062477.00    8045       2874      10919       2455       1626       4081       3037       1.05       0.69     3871.71    15763.24     2040   
10208310.00    8356       3161      11517       2144       1339       3483       3483       1.06       0.70     3271.05    16363.90     3483   
10354143.00    8258       3116      11374       2242       1384       3626       3626       1.07       0.70     3398.09    16236.87     3626   
10499976.00    7823       2829      10652       2677       1671       4348       4348       1.07       0.68     4050.87    15584.08     4348   
10645809.00    7854       2779      10633       2646       1721       4367       3041       1.08       0.68     4048.29    15586.66     2183   
10791642.00    7888       2823      10711       2612       1677       4289       4289       1.08       0.68     3968.45    15666.50     4289   
10937475.00    7853       2802      10655       2647       1698       4345       4345       1.09       0.68     3998.68    15636.28     4345   
11083308.00    6695       2111       8806       3805       2389       6194       2906       1.07       0.64     5783.22    13851.74     2064   
11229141.00    6374       1936       8310       4126       2564       6690       5652       1.06       0.62     6294.00    13340.96     3345   
11374974.00    6757       2097       8854       3743       2403       6146       3099       1.07       0.64     5728.33    13906.62     3073   
11520807.00    6699       2081       8780       3801       2419       6220       3298       1.08       0.63     5765.40    13869.55     3110   
11666640.00    6601       2032       8633       3899       2468       6367       6367       1.08       0.63     5911.60    13723.35     6367   
11812473.00    6543       2035       8578       3957       2465       6422       6422       1.08       0.63     5964.77    13670.19     6422   
11958306.00    6390       1920       8310       4110       2580       6690       6690       1.08       0.62     6178.44    13456.52     6690   
12104139.00    6391       1926       8317       4109       2574       6683       6683       1.08       0.62     6211.58    13423.38     6683   
12249972.00    6297       1868       8165       4203       2632       6835       6835       1.08       0.61     6344.35    13290.61     6835   
12395805.00    6204       1897       8101       4296       2603       6899       3775       1.07       0.61     6424.59    13210.36     3449   
12541638.00    6319       1937       8256       4181       2563       6744       3776       1.07       0.62     6278.79    13356.17     3372   
12687471.00    6429       1982       8411       4071       2518       6589       3628       1.07       0.62     6146.39    13488.56     3294   
12833304.00    6278       1864       8142       4222       2636       6858       3834       1.07       0.62     6408.18    13226.78     2286   
12979137.00    6418       2015       8433       4082       2485       6567       3784       1.08       0.62     6079.53    13555.43     2189   
13124970.00    6497       2069       8566       4003       2431       6434       3767       1.08       0.63     5983.31    13651.65     2144   
13270803.00    6535       2084       8619       3965       2416       6381       3755       1.08       0.63     5891.10    13743.86     3190   
13416636.00    6263       1873       8136       4237       2627       6864       4053       1.08       0.61     6333.79    13301.17     3432   
13562469.00    6354       1897       8251       4146       2603       6749       4741       1.09       0.61     6217.75    13417.20     3374   
13708302.00    6352       1933       8285       4148       2567       6715       4717       1.08       0.62     6220.82    13414.14     3357   
13854135.00    6690       2087       8777       3810       2413       6223       4200       1.08       0.63     5759.50    13875.45     3111   
13999968.00    6602       2060       8662       3898       2440       6338       4337       1.08       0.63     5872.29    13762.66     3169   
14145801.00    6177       1803       7980       4323       2697       7020       7020       1.08       0.61     6492.50    13142.46     7020   
14291634.00    6375       1940       8315       4125       2560       6685       6685       1.08       0.62     6183.55    13451.41     6685   
14437467.00    6583       2029       8612       3917       2471       6388       2615       1.08       0.63     5915.16    13719.80     2129   
14583300.00    6383       1985       8368       4117       2515       6632       4671       1.08       0.62     6146.82    13488.14     3316   
14729133.00    6176       1902       8078       4324       2598       6922       5048       1.08       0.61     6418.36    13216.60     3461   
14874966.00    6013       1795       7808       4487       2705       7192       7192       1.07       0.60     6703.52    12931.44     7192   
15020799.00    6115       1835       7950       4385       2665       7050       7050       1.08       0.61     6508.36    13126.60     7050   
15166632.00    6162       1866       8028       4338       2634       6972       6972       1.08       0.61     6443.20    13191.76     6972   
15312465.00    6353       1979       8332       4147       2521       6668       6668       1.08       0.62     6165.55    13469.41     6668   
15458298.00    6233       1868       8101       4267       2632       6899       6899       1.07       0.61     6425.08    13209.88     6899   
15604131.00    6178       1847       8025       4322       2653       6975       6975       1.07       0.61     6499.19    13135.76     6975   
15749964.00    6765       2212       8977       3735       2288       6023       6023       1.07       0.64     5611.22    14023.74     6023   
15895797.00    6269       1895       8164       4231       2605       6836       6836       1.07       0.62     6362.55    13272.40     6836   
16041630.00    6333       1969       8302       4167       2531       6698       4855       1.07       0.62     6248.22    13386.74     3349   
16187463.00    6175       1826       8001       4325       2674       6999       4833       1.06       0.61     6577.28    13057.68     3499   
16333296.00    6237       1882       8119       4263       2618       6881       6881       1.07       0.62     6454.08    13180.88     6881   
16479129.00    6198       1889       8087       4302       2611       6913       6913       1.07       0.61     6452.75    13182.21     6913   
16624962.00    6119       1808       7927       4381       2692       7073       7073       1.07       0.61     6582.47    13052.48     7073   
16770795.00    6078       1763       7841       4422       2737       7159       7159       1.08       0.60     6637.32    12997.63     7159   
16916628.00    5886       1687       7573       4614       2813       7427       7427       1.08       0.59     6881.28    12753.68     7427   
17062461.00    5978       1657       7635       4522       2843       7365       7365       1.08       0.60     6809.45    12825.51     7365   
17208294.00    6274       1898       8172       4226       2602       6828       6828       1.08       0.61     6323.77    13311.19     6828   
17354127.00    6292       1839       8131       4208       2661       6869       6869       1.07       0.62     6431.90    13203.05     6869   
17499960.00    6096       1775       7871       4404       2725       7129       7129       1.07       0.61     6654.76    12980.20     7129   
17645793.00    6075       1793       7868       4425       2707       7132       7132       1.08       0.61     6632.01    13002.94     7132   
17791626.00    6130       1816       7946       4370       2684       7054       7054       1.08       0.61     6532.72    13102.24     7054   
17937459.00    6136       1879       8015       4364       2621       6985       6985       1.07       0.61     6505.57    13129.38     6985   
18083292.00    6376       2005       8381       4124       2495       6619       6619       1.08       0.62     6110.10    13524.85     6619   
18229125.00    6402       1984       8386       4098       2516       6614       4922       1.09       0.62     6095.71    13539.25     3307   
18374958.00    6351       1958       8309       4149       2542       6691       5099       1.08       0.62     6181.10    13453.85     3345   
18520791.00    6590       2119       8709       3910       2381       6291       4877       1.08       0.63     5802.93    13832.02     3145   
18666624.00    7451       2745      10196       3049       1755       4804       4804       1.08       0.67     4428.82    15206.13     4804   
18812457.00    7258       2650       9908       3242       1850       5092       5092       1.08       0.66     4720.48    14914.48     5092   
18958290.00    7301       2653       9954       3199       1847       5046       5046       1.08       0.66     4651.70    14983.25     5046   
19104123.00    7587       2830      10417       2913       1670       4583       4583       1.09       0.68     4217.72    15417.24     4583   
19249956.00    7195       2537       9732       3305       1963       5268       5268       1.07       0.66     4919.63    14715.33     5268   
19395789.00    7039       2352       9391       3461       2148       5609       5609       1.07       0.65     5243.83    14391.13     5609   
19541622.00    6915       2279       9194       3585       2221       5806       5806       1.08       0.65     5392.96    14242.00     5806   
19687455.00    6756       2229       8985       3744       2271       6015       6015       1.08       0.64     5579.20    14055.75     6015   
19833288.00    6846       2191       9037       3654       2309       5963       5963       1.09       0.64     5482.78    14152.17     5963   
19979121.00    6997       2306       9303       3503       2194       5697       5697       1.09       0.65     5233.96    14400.99     5697   
20124954.00    6650       2098       8748       3850       2402       6252       6252       1.08       0.63     5774.35    13860.60     6252   
20270787.00    6718       2105       8823       3782       2395       6177       6177       1.09       0.63     5667.79    13967.17     6177   
20416620.00    6818       2192       9010       3682       2308       5990       5990       1.09       0.64     5514.72    14120.23     5990   
20562453.00    6908       2269       9177       3592       2231       5823       5823       1.09       0.64     5353.97    14280.99     5823   
20708286.00    6913       2325       9238       3587       2175       5762       5762       1.09       0.64     5266.33    14368.62     5762   
20854119.00    6801       2203       9004       3699       2297       5996       5996       1.10       0.64     5471.25    14163.71     5996   
20999952.00    6773       2200       8973       3727       2300       6027       6027       1.08       0.64     5555.87    14079.08     6027   
21145785.00    6830       2197       9027       3670       2303       5973       5973       1.10       0.64     5448.59    14186.36     5973   
21291618.00    6531       2029       8560       3969       2471       6440       6440       1.09       0.62     5931.48    13703.48     6440   
21437451.00    6686       2109       8795       3814       2391       6205       6205       1.09       0.63     5713.04    13921.91     6205   
21583284.00    6656       2097       8753       3844       2403       6247       6247       1.08       0.63     5761.71    13873.24     6247   
21729117.00    6783       2098       8881       3717       2402       6119       6119       1.08       0.63     5648.00    13986.96     6119   
21874950.00    6693       2051       8744       3807       2449       6256       6256       1.07       0.63     5856.49    13778.46     6256   
22020783.00    6843       2097       8940       3657       2403       6060       6060       1.08       0.64     5631.14    14003.81     6060   
22166616.00    6967       2148       9115       3533       2352       5885       5885       1.07       0.64     5475.47    14159.48     5885   
22312449.00    6925       2072       8997       3575       2428       6003       3798       1.08       0.64     5546.97    14087.98     3001   
22458282.00    6947       2153       9100       3553       2347       5900       3635       1.09       0.64     5430.85    14204.11     2950   
22604115.00    7063       2205       9268       3437       2295       5732       3478       1.08       0.65     5295.12    14339.83     2866   
22749948.00    7092       2207       9299       3408       2293       5701       5701       1.08       0.65     5293.15    14341.81     5701   
22895781.00    6929       2202       9131       3571       2298       5869       3969       1.08       0.64     5435.70    14199.26     2934   
23041614.00    6920       2162       9082       3580       2338       5918       3939       1.08       0.64     5466.73    14168.22     2959   
23187447.00    6806       2118       8924       3694       2382       6076       4038       1.09       0.64     5592.38    14042.57     3038   
23333280.00    6748       2081       8829       3752       2419       6171       3757       1.09       0.63     5681.09    13953.87     3085   
23479113.00    7185       2299       9484       3315       2201       5516       3622       1.09       0.65     5071.52    14563.44     2758   
23624946.00    6983       2151       9134       3517       2349       5866       4020       1.08       0.64     5433.30    14201.66     2933   
23770779.00    7360       2389       9749       3140       2111       5251       3498       1.09       0.66     4796.77    14838.18     2625   
23916612.00    6845       2097       8942       3655       2403       6058       3867       1.09       0.64     5555.90    14079.06     3029   
24062445.00    6799       2017       8816       3701       2483       6184       3756       1.09       0.63     5697.26    13937.69     3092   
24208278.00    6713       2013       8726       3787       2487       6274       3952       1.08       0.63     5812.18    13822.78     3137   
24354111.00    7409       2418       9827       3091       2082       5173       3896       1.09       0.66     4743.02    14891.94     2586   
24499944.00    7357       2354       9711       3143       2146       5289       3929       1.09       0.66     4852.03    14782.92     2644   
24645777.00    7320       2320       9640       3180       2180       5360       3856       1.08       0.66     4970.48    14664.47     2680   
24791610.00    7508       2438       9946       2992       2062       5054       3693       1.08       0.67     4680.73    14954.23     2527   
24937443.00    6690       1964       8654       3810       2536       6346       3868       1.07       0.63     5950.07    13684.89     2115   
25083276.00    6568       1932       8500       3932       2568       6500       3992       1.06       0.63     6154.69    13480.26     2166   
25229109.00    7304       2411       9715       3196       2089       5285       4250       1.07       0.66     4949.64    14685.31     2642   
25374942.00    6707       2046       8753       3793       2454       6247       5106       1.07       0.64     5852.30    13782.66     3123   
25520775.00    7116       2226       9342       3384       2274       5658       4541       1.08       0.65     5234.09    14400.86     2829   
25666608.00    7113       2271       9384       3387       2229       5616       4497       1.08       0.65     5214.13    14420.82     2808   
25812441.00    6903       2178       9081       3597       2322       5919       4889       1.07       0.64     5533.64    14101.32     2959   
25958274.00    6776       2106       8882       3724       2394       6118       6118       1.07       0.64     5712.57    13922.38     6118   
26104107.00    6615       1978       8593       3885       2522       6407       6407       1.07       0.63     5972.42    13662.53     6407   
26249940.00    7358       2345       9703       3142       2155       5297       4142       1.07       0.66     4954.02    14680.93     2648   
26395773.00    8225       2953      11178       2275       1547       3822       3822       1.06       0.70     3604.74    16030.22     3822   
26541606.00    8376       3017      11393       2124       1483       3607       3607       1.08       0.70     3353.80    16281.16     3607   
26687439.00    7579       2508      10087       2921       1992       4913       4913       1.07       0.67     4591.16    15043.79     4913   
26833272.00    8550       3159      11709       1950       1341       3291       3291       1.09       0.70     3014.01    16620.94     3291   
26979105.00    7742       2688      10430       2758       1812       4570       4570       1.07       0.68     4270.77    15364.19     4570   
27124938.00    8234       3024      11258       2266       1476       3742       3742       1.09       0.69     3426.36    16208.60     3742   
27270771.00    8250       3042      11292       2250       1458       3708       3708       1.09       0.70     3404.90    16230.05     3708   
27416604.00    8039       2882      10921       2461       1618       4079       4079       1.09       0.69     3741.25    15893.70     4079   
27562437.00    7893       2777      10670       2607       1723       4330       4330       1.09       0.68     3964.40    15670.56     4330   
27708270.00    7785       2735      10520       2715       1765       4480       4480       1.08       0.68     4138.57    15496.39     4480   
27854103.00    7423       2570       9993       3077       1930       5007       5007       1.10       0.66     4572.22    15062.73     5007   
27999936.00    7150       2388       9538       3350       2112       5462       5462       1.08       0.65     5039.33    14595.62     5462   
28145769.00    6754       2166       8920       3746       2334       6080       4375       1.09       0.64     5593.65    14041.31     3040   
28291602.00    6519       2094       8613       3981       2406       6387       4483       1.08       0.63     5924.13    13710.83     3193   
28437435.00    6771       2135       8906       3729       2365       6094       4419       1.09       0.63     5587.07    14047.88     3047   
28583268.00    6689       2120       8809       3811       2380       6191       4248       1.08       0.63     5725.08    13909.88     3095   
28729101.00    6914       2279       9193       3586       2221       5807       4080       1.09       0.64     5327.01    14307.95     2903   
28874934.00    6834       2177       9011       3666       2323       5989       4081       1.09       0.64     5487.98    14146.97     2994   
29020767.00    6800       2185       8985       3700       2315       6015       4080       1.09       0.64     5514.98    14119.98     3007   
29166600.00    6830       2129       8959       3670       2371       6041       3868       1.09       0.64     5560.48    14074.47     3020   
29312433.00    6740       2038       8778       3760       2462       6222       6222       1.09       0.63     5699.20    13935.76     6222   
29458266.00    6784       2091       8875       3716       2409       6125       3789       1.08       0.64     5661.40    13973.55     3062   
29604099.00    6613       1978       8591       3887       2522       6409       3737       1.07       0.63     5976.43    13658.53     3204   
29749932.00    6928       2194       9122       3572       2306       5878       3546       1.08       0.64     5444.51    14190.44     2939   
29895765.00    7360       2452       9812       3140       2048       5188       3385       1.08       0.66     4799.18    14835.77     2594   
30041598.00    7487       2529      10016       3013       1971       4984       3649       1.08       0.67     4611.42    15023.53     2492   
30187431.00    7467       2519       9986       3033       1981       5014       5014       1.08       0.67     4630.93    15004.03     5014   
30333264.00    7230       2442       9672       3270       2058       5328       3899       1.10       0.65     4863.95    14771.00     2664   
30479097.00    7071       2316       9387       3429       2184       5613       3891       1.09       0.65     5158.45    14476.50     2806   
30624930.00    7303       2441       9744       3197       2059       5256       5256       1.10       0.66     4772.63    14862.32     5256   
30770763.00    7240       2402       9642       3260       2098       5358       5358       1.09       0.66     4923.54    14711.42     5358   
30916596.00    7420       2543       9963       3080       1957       5037       5037       1.08       0.66     4648.81    14986.14     5037   
31062429.00    7169       2392       9561       3331       2108       5439       5439       1.08       0.66     5045.32    14589.64     5439   
31208262.00    7287       2458       9745       3213       2042       5255       5255       1.09       0.66     4826.28    14808.67     5255   
31354095.00    7073       2301       9374       3427       2199       5626       5626       1.08       0.65     5199.40    14435.55     5626   
31499928.00    7283       2383       9666       3217       2117       5334       5334       1.08       0.66     4924.25    14710.70     5334   
31645761.00    7425       2475       9900       3075       2025       5100       5100       1.08       0.66     4705.17    14929.78     5100   
31791594.00    7604       2545      10149       2896       1955       4851       4851       1.09       0.67     4434.21    15200.74     4851   
31937427.00    7421       2482       9903       3079       2018       5097       5097       1.09       0.66     4697.60    14937.36     5097   
32083260.00    6965       2195       9160       3535       2305       5840       5840       1.09       0.64     5373.70    14261.25     5840   
32229093.00    7239       2330       9569       3261       2170       5431       5431       1.09       0.65     4971.44    14663.51     5431   
32374926.00    6786       2089       8875       3714       2411       6125       6125       1.08       0.64     5660.65    13974.30     6125   
32520759.00    7079       2257       9336       3421       2243       5664       5664       1.08       0.65     5234.45    14400.51     5664   
32666592.00    6816       2090       8906       3684       2410       6094       6094       1.08       0.64     5629.22    14005.74     6094   
32812425.00    7378       2425       9803       3122       2075       5197       5197       1.09       0.66     4749.55    14885.40     5197   
32958258.00    7640       2610      10250       2860       1890       4750       4750       1.10       0.67     4329.82    15305.14     4750   
33104091.00    7475       2549      10024       3025       1951       4976       4976       1.09       0.67     4581.52    15053.43     4976   
33249924.00    7364       2470       9834       3136       2030       5166       5166       1.09       0.66     4730.23    14904.73     5166   
33395757.00    7123       2316       9439       3377       2184       5561       5561       1.10       0.65     5076.08    14558.87     5561   
33541590.00    7151       2383       9534       3349       2117       5466       5466       1.09       0.65     5009.21    14625.74     5466   
33687423.00    6735       2085       8820       3765       2415       6180       6180       1.09       0.63     5672.39    13962.57     6180   
33833256.00    7397       2486       9883       3103       2014       5117       5117       1.11       0.66     4618.29    15016.66     5117   
33979089.00    7452       2490       9942       3048       2010       5058       5058       1.10       0.66     4580.27    15054.69     5058   
34124922.00    7467       2507       9974       3033       1993       5026       5026       1.10       0.66     4551.34    15083.61     5026   
34270755.00    6579       1983       8562       3921       2517       6438       6438       1.08       0.63     5959.36    13675.59     6438   
34416588.00    6809       2094       8903       3691       2406       6097       6097       1.08       0.64     5655.51    13979.45     6097   
34562421.00    7099       2344       9443       3401       2156       5557       5557       1.09       0.65     5112.96    14521.99     5557   
34708254.00    7015       2305       9320       3485       2195       5680       5680       1.10       0.64     5169.23    14465.73     5680   
34854087.00    6671       2089       8760       3829       2411       6240       6240       1.09       0.63     5706.35    13928.61     6240   
34999920.00    6818       2143       8961       3682       2357       6039       6039       1.11       0.63     5443.70    14191.26     6039   
35145753.00    6779       2125       8904       3721       2375       6096       6096       1.10       0.63     5545.72    14089.23     6096   
35291586.00    6918       2222       9140       3582       2278       5860       5860       1.10       0.64     5329.95    14305.00     5860   
35437419.00    6856       2139       8995       3644       2361       6005       6005       1.10       0.63     5442.33    14192.62     6005   
35583252.00    6782       2076       8858       3718       2424       6142       6142       1.10       0.63     5565.09    14069.87     6142   
35729085.00    6640       2016       8656       3860       2484       6344       6344       1.10       0.62     5743.60    13891.35     6344   
35874918.00    6628       1956       8584       3872       2544       6416       6416       1.10       0.62     5822.10    13812.85     6416   
36020751.00    6848       2062       8910       3652       2438       6090       6090       1.10       0.63     5520.97    14113.99     6090   
36166584.00    6745       2019       8764       3755       2481       6236       6236       1.09       0.63     5697.33    13937.63     6236   
36312417.00    6685       1961       8646       3815       2539       6354       6354       1.10       0.62     5795.80    13839.15     6354   
36458250.00    6639       1933       8572       3861       2567       6428       6428       1.09       0.62     5886.66    13748.29     6428   
36604083.00    6649       1972       8621       3851       2528       6379       6379       1.08       0.63     5896.62    13738.33     6379   
36749916.00    6620       1904       8524       3880       2596       6476       6476       1.08       0.63     6007.88    13627.08     6476   
36895749.00    6677       1877       8554       3823       2623       6446       6446       1.08       0.63     5959.92    13675.03     6446   
37041582.00    6925       2030       8955       3575       2470       6045       6045       1.08       0.64     5601.82    14033.13     6045   
37187415.00    6976       2181       9157       3524       2319       5843       5843       1.09       0.64     5369.99    14264.97     5843   
37333248.00    6701       1981       8682       3799       2519       6318       6318       1.09       0.63     5808.39    13826.56     6318   
37479081.00    7048       2168       9216       3452       2332       5784       5784       1.09       0.64     5289.24    14345.71     5784   
37624914.00    6802       2086       8888       3698       2414       6112       6112       1.08       0.64     5656.41    13978.54     6112   
37770747.00    6988       2174       9162       3512       2326       5838       5838       1.09       0.64     5350.83    14284.12     5838   
37916580.00    6888       2078       8966       3612       2422       6034       6034       1.08       0.64     5588.17    14046.79     6034   
38062413.00    6911       2105       9016       3589       2395       5984       5984       1.08       0.64     5557.49    14077.46     5984   
38208246.00    6942       2106       9048       3558       2394       5952       5952       1.08       0.64     5527.14    14107.82     5952   
38354079.00    7149       2198       9347       3351       2302       5653       5653       1.07       0.65     5305.69    14329.26     5653   
38499912.00    7243       2334       9577       3257       2166       5423       5423       1.08       0.65     4999.04    14635.92     5423   
38645745.00    7239       2307       9546       3261       2193       5454       5454       1.09       0.65     5009.08    14625.88     5454   
38791578.00    7052       2236       9288       3448       2264       5712       5712       1.08       0.65     5295.52    14339.44     5712   
38937411.00    6820       2112       8932       3680       2388       6068       6068       1.08       0.64     5614.00    14020.96     6068   
39083244.00    6819       2065       8884       3681       2435       6116       6116       1.10       0.63     5571.89    14063.06     6116   
39229077.00    6924       2092       9016       3576       2408       5984       5984       1.10       0.64     5436.60    14198.36     5984   
39374910.00    6743       2011       8754       3757       2489       6246       6246       1.09       0.63     5734.57    13900.38     6246   
39520743.00    6824       2106       8930       3676       2394       6070       6070       1.09       0.63     5560.59    14074.37     6070   
39666576.00    6793       2061       8854       3707       2439       6146       6146       1.10       0.63     5597.94    14037.02     6146   
39812409.00    6844       2150       8994       3656       2350       6006       6006       1.10       0.63     5466.29    14168.67     6006   
39958242.00    6544       1987       8531       3956       2513       6469       6469       1.09       0.62     5942.46    13692.50     6469   
40104075.00    6532       1965       8497       3968       2535       6503       6503       1.08       0.62     5999.46    13635.49     6503   
40249908.00    6480       1965       8445       4020       2535       6555       6555       1.08       0.62     6074.83    13560.12     6555   
40395741.00    6230       1846       8076       4270       2654       6924       6924       1.07       0.61     6447.98    13186.97     6924   
40541574.00    6421       1881       8302       4079       2619       6698       6698       1.09       0.62     6169.04    13465.92     6698   
40687407.00    6210       1846       8056       4290       2654       6944       6944       1.09       0.61     6386.67    13248.28     6944   
40833240.00    6094       1809       7903       4406       2691       7097       7097       1.07       0.61     6608.30    13026.65     7097   
40979073.00    6224       1829       8053       4276       2671       6947       6947       1.08       0.61     6418.55    13216.41     6947   
41124906.00    6144       1851       7995       4356       2649       7005       7005       1.09       0.61     6448.30    13186.65     7005   
41270739.00    6245       1870       8115       4255       2630       6885       6885       1.09       0.61     6316.12    13318.84     6885   
41416572.00    6334       1958       8292       4166       2542       6708       6708       1.09       0.62     6181.96    13452.99     6708   
41562405.00    6271       1933       8204       4229       2567       6796       6796       1.10       0.61     6187.25    13447.70     6796   
41708238.00    6126       1867       7993       4374       2633       7007       7007       1.10       0.60     6372.46    13262.49     7007   
41854071.00    5761       1647       7408       4739       2853       7592       7592       1.10       0.58     6902.58    12732.38     7592   
41999904.00    5731       1569       7300       4769       2931       7700       7700       1.10       0.58     6981.01    12653.94     7700   
   0.00      10500       4500      15000        0          0          0          5         0.00       0.76       0.00     19634.96      0     
145833.00    10500       4500      15000        0          0          0         207        0.00       0.76       0.00     19634.96      0     
291666.00    10500       4500      15000        0          0          0         452        0.00       0.76       0.00     19634.96      0     
437499.00    10500       4500      15000        0          0          0         540        0.00       0.76       0.00     19634.96      0     
583332.00    10500       4500      15000        0          0          0         919        0.00       0.76       0.00     19634.96      0     
729165.00    10500       4500      15000        0          0          0         804        0.00       0.76       0.00     19634.96      0     
874998.00    10500       4500      15000        0          0          0         941        0.00       0.76       0.00     19634.96      0     
1020831.00    9082       3626      12708       1418       874        2292       1212       1.05       0.73     2187.40    17447.55     1146   
1166664.00    9010       3596      12606       1490       904        2394       1283       1.06       0.73     2256.39    17378.56     1197   
1312497.00    7965       2943      10908       2535       1557       4092       1516       1.04       0.69     3921.38    15713.57     1364   
1458330.00    7667       2770      10437       2833       1730       4563       1950       1.04       0.68     4379.82    15255.13     1521   
1604163.00    7420       2640      10060       3080       1860       4940       2010       1.05       0.67     4686.80    14948.16     1646   
1749996.00    7262       2544       9806       3238       1956       5194       3411       1.05       0.67     4952.86    14682.09     2597   
1895829.00    7489       2691      10180       3011       1809       4820       4820       1.06       0.67     4526.72    15108.23     4820   
2041662.00    7124       2436       9560       3376       2064       5440       5440       1.06       0.66     5132.08    14502.88     5440   
2187495.00    7377       2536       9913       3123       1964       5087       3108       1.06       0.67     4810.92    14824.03     2543   
2333328.00    7561       2620      10181       2939       1880       4819       1898       1.06       0.67     4527.77    15107.18     1606   
2479161.00    7474       2597      10071       3026       1903       4929       1918       1.07       0.67     4618.69    15016.27     1643   
2624994.00    7293       2458       9751       3207       2042       5249       1992       1.09       0.66     4837.72    14797.23     1749   
2770827.00    7074       2381       9455       3426       2119       5545       5545       1.07       0.65     5183.84    14451.11     5545   
2916660.00    7184       2478       9662       3316       2022       5338       2189       1.07       0.66     4981.79    14653.17     1779   
3062493.00    7140       2409       9549       3360       2091       5451       3355       1.07       0.66     5081.23    14553.73     2725   
3208326.00    7279       2510       9789       3221       1990       5211       3046       1.08       0.66     4834.17    14800.78     2605   
3354159.00    7217       2420       9637       3283       2080       5363       3158       1.07       0.66     5005.46    14629.50     2681   
3499992.00    7112       2373       9485       3388       2127       5515       3355       1.06       0.66     5183.98    14450.98     2757   
3645825.00    7217       2384       9601       3283       2116       5399       3231       1.07       0.66     5039.10    14595.85     2699   
3791658.00    7073       2326       9399       3427       2174       5601       3242       1.06       0.65     5261.51    14373.45     2800   
3937491.00    7730       2824      10554       2770       1676       4446       2953       1.07       0.68     4158.79    15476.16     2223   
4083324.00    7513       2704      10217       2987       1796       4783       3229       1.07       0.67     4462.67    15172.28     2391   
4229157.00    7895       2888      10783       2605       1612       4217       4217       1.08       0.69     3904.73    15730.22     4217   
4374990.00    7317       2529       9846       3183       1971       5154       3289       1.08       0.66     4771.57    14863.38     2577   
4520823.00    7149       2438       9587       3351       2062       5413       3183       1.09       0.65     4988.18    14646.78     2706   
4666656.00    7706       2764      10470       2794       1736       4530       4530       1.09       0.68     4156.49    15478.47     4530   
4812489.00    7609       2730      10339       2891       1770       4661       4661       1.10       0.67     4242.98    15391.97     4661   
4958322.00    6674       2166       8840       3826       2334       6160       4979       1.08       0.63     5687.84    13947.12     3080   
5104155.00    6767       2167       8934       3733       2333       6066       6066       1.09       0.63     5564.48    14070.47     6066   
5249988.00    6710       2082       8792       3790       2418       6208       6208       1.09       0.63     5706.48    13928.48     6208   
5395821.00    6922       2202       9124       3578       2298       5876       5876       1.10       0.64     5365.49    14269.46     5876   
5541654.00    6878       2158       9036       3622       2342       5964       5964       1.10       0.63     5401.56    14233.39     5964   
5687487.00    6725       2091       8816       3775       2409       6184       6184       1.10       0.63     5642.86    13992.10     6184   
5833320.00    6541       1960       8501       3959       2540       6499       6499       1.08       0.62     5994.23    13640.73     6499   
5979153.00    6731       2090       8821       3769       2410       6179       6179       1.08       0.63     5717.73    13917.22     6179   
6124986.00    6838       2173       9011       3662       2327       5989       5989       1.08       0.64     5537.19    14097.77     5989   
6270819.00    6871       2150       9021       3629       2350       5979       5979       1.08       0.64     5511.50    14123.46     5979   
6416652.00    6816       2082       8898       3684       2418       6102       6102       1.09       0.63     5600.24    14034.72     6102   
6562485.00    6752       2056       8808       3748       2444       6192       6192       1.08       0.63     5747.64    13887.32     6192   
6708318.00    6859       2072       8931       3641       2428       6069       6069       1.08       0.64     5617.35    14017.60     6069   
6854151.00    6948       2146       9094       3552       2354       5906       5906       1.08       0.64     5461.29    14173.66     5906   
6999984.00    7517       2489      10006       2983       2011       4994       4994       1.08       0.67     4609.14    15025.82     4994   
7145817.00    7687       2575      10262       2813       1925       4738       4738       1.09       0.67     4365.47    15269.49     4738   
7291650.00    7555       2514      10069       2945       1986       4931       4931       1.08       0.67     4574.40    15060.56     4931   
7437483.00    7658       2512      10170       2842       1988       4830       4830       1.06       0.67     4556.18    15078.78     4830   
7583316.00    7316       2287       9603       3184       2213       5397       5397       1.06       0.66     5085.02    14549.93     5397   
7729149.00    7639       2483      10122       2861       2017       4878       4878       1.07       0.67     4580.27    15054.68     4878   
7874982.00    7669       2528      10197       2831       1972       4803       4803       1.06       0.68     4551.46    15083.49     4803   
8020815.00    7836       2723      10559       2664       1777       4441       4441       1.06       0.68     4200.31    15434.64     4441   
8166648.00    7748       2661      10409       2752       1839       4591       4591       1.06       0.68     4321.63    15313.33     4591   
8312481.00    7558       2507      10065       2942       1993       4935       4935       1.06       0.67     4638.51    14996.44     4935   
8458314.00    7747       2643      10390       2753       1857       4610       4610       1.07       0.68     4298.01    15336.95     4610   
8604147.00    8151       2949      11100       2349       1551       3900       3900       1.08       0.69     3627.23    16007.72     3900   
8749980.00    7643       2513      10156       2857       1987       4844       4844       1.06       0.67     4565.05    15069.91     4844   
8895813.00    8279       2911      11190       2221       1589       3810       3810       1.08       0.70     3543.83    16091.12     3810   
9041646.00    8088       2745      10833       2412       1755       4167       2850       1.07       0.69     3910.19    15724.77     2083   
9187479.00    8148       2788      10936       2352       1712       4064       2807       1.06       0.69     3843.53    15791.43     2032   
9333312.00    8545       3191      11736       1955       1309       3264       3264       1.06       0.71     3074.16    16560.79     3264   
9479145.00    8759       3292      12051       1741       1208       2949       2949       1.06       0.71     2773.15    16861.80     2949   
9624978.00    8803       3331      12134       1697       1169       2866       2866       1.05       0.72     2735.69    16899.27     2866   
9770811.00    8769       3457      12226       1731       1043       2774       2774       1.06       0.72     2608.11    17026.84     2774   
9916644.00    7950       2819      10769       2550       1681       4231       3199       1.05       0.69     4013.58    15621.38     2115   
10062477.00    8045       2874      10919       2455       1626       4081       3037       1.05       0.69     3871.71    15763.24     2040   
10208310.00    8356       3161      11517       2144       1339       3483       3483       1.06       0.70     3271.05    16363.90     3483   
10354143.00    8258       3116      11374       2242       1384       3626       3626       1.07       0.70     3398.09    16236.87     3626   
10499976.00    7823       2829      10652       2677       1671       4348       4348       1.07       0.68     4050.87    15584.08     4348   
10645809.00    7854       2779      10633       2646       1721       4367       3041       1.08       0.68     4048.29    15586.66     2183   
10791642.00    7888       2823      10711       2612       1677       4289       4289       1.08       0.68     3968.45    15666.50     4289   
10937475.00    7853       2802      10655       2647       1698       4345       4345       1.09       0.68     3998.68    15636.28     4345   
11083308.00    6695       2111       8806       3805       2389       6194       2906       1.07       0.64     5783.22    13851.74     2064   
11229141.00    6374       1936       8310       4126       2564       6690       5652       1.06       0.62     6294.00    13340.96     3345   
11374974.00    6757       2097       8854       3743       2403       6146       3099       1.07       0.64     5728.33    13906.62     3073   
11520807.00    6699       2081       8780       3801       2419       6220       3298       1.08       0.63     5765.40    13869.55     3110   
11666640.00    6601       2032       8633       3899       2468       6367       6367       1.08       0.63     5911.60    13723.35     6367   
11812473.00    6543       2035       8578       3957       2465       6422       6422       1.08       0.63     5964.77    13670.19     6422   
11958306.00    6390       1920       8310       4110       2580       6690       6690       1.08       0.62     6178.44    13456.52     6690   
12104139.00    6391       1926       8317       4109       2574       6683       6683       1.08       0.62     6211.58    13423.38     6683   
12249972.00    6297       1868       8165       4203       2632       6835       6835       1.08       0.61     6344.35    13290.61     6835   
12395805.00    6204       1897       8101       4296       2603       6899       3775       1.07       0.61     6424.59    13210.36     3449   
12541638.00    6319       1937       8256       4181       2563       6744       3776       1.07       0.62     6278.79    13356.17     3372   
12687471.00    6429       1982       8411       4071       2518       6589       3628       1.07       0.62     6146.39    13488.56     3294   
12833304.00    6278       1864       8142       4222       2636       6858       3834       1.07       0.62     6408.18    13226.78     2286   
12979137.00    6418       2015       8433       4082       2485       6567       3784       1.08       0.62     6079.53    13555.43     2189   
13124970.00    6497       2069       8566       4003       2431       6434       3767       1.08       0.63     5983.31    13651.65     2144   
13270803.00    6535       2084       8619       3965       2416       6381       3755       1.08       0.63     5891.10    13743.86     3190   
13416636.00    6263       1873       8136       4237       2627       6864       4053       1.08       0.61     6333.79    13301.17     3432   
13562469.00    6354       1897       8251       4146       2603       6749       4741       1.09       0.61     6217.75    13417.20     3374   
13708302.00    6352       1933       8285       4148       2567       6715       4717       1.08       0.62     6220.82    13414.14     3357   
13854135.00    6690       2087       8777       3810       2413       6223       4200       1.08       0.63     5759.50    13875.45     3111   
13999968.00    6602       2060       8662       3898       2440       6338       4337       1.08       0.63     5872.29    13762.66     3169   
14145801.00    6177       1803       7980       4323       2697       7020       7020       1.08       0.61     6492.50    13142.46     7020   
14291634.00    6375       1940       8315       4125       2560       6685       6685       1.08       0.62     6183.55    13451.41     6685   
14437467.00    6583       2029       8612       3917       2471       6388       2615       1.08       0.63     5915.16    13719.80     2129   
14583300.00    6383       1985       8368       4117       2515       6632       4671       1.08       0.62     6146.82    13488.14     3316   
14729133.00    6176       1902       8078       4324       2598       6922       5048       1.08       0.61     6418.36    13216.60     3461   
14874966.00    6013       1795       7808       4487       2705       7192       7192       1.07       0.60     6703.52    12931.44     7192   
15020799.00    6115       1835       7950       4385       2665       7050       7050       1.08       0.61     6508.36    13126.60     7050   
15166632.00    6162       1866       8028       4338       2634       6972       6972       1.08       0.61     6443.20    13191.76     6972   
15312465.00    6353       1979       8332       4147       2521       6668       6668       1.08       0.62     6165.55    13469.41     6668   
15458298.00    6233       1868       8101       4267       2632       6899       6899       1.07       0.61     6425.08    13209.88     6899   
15604131.00    6178       1847       8025       4322       2653       6975       6975       1.07       0.61     6499.19    13135.76     6975   
15749964.00    6765       2212       8977       3735       2288       6023       6023       1.07       0.64     5611.22    14023.74     6023   
15895797.00    6269       1895       8164       4231       2605       6836       6836       1.07       0.62     6362.55    13272.40     6836   
16041630.00    6333       1969       8302       4167       2531       6698       4855       1.07       0.62     6248.22    13386.74     3349   
16187463.00    6175       1826       8001       4325       2674       6999       4833       1.06       0.61     6577.28    13057.68     3499   
16333296.00    6237       1882       8119       4263       2618       6881       6881       1.07       0.62     6454.08    13180.88     6881   
16479129.00    6198       1889       8087       4302       2611       6913       6913       1.07       0.61     6452.75    13182.21     6913   
16624962.00    6119       1808       7927       4381       2692       7073       7073       1.07       0.61     6582.47    13052.48     7073   
16770795.00    6078       1763       7841       4422       2737       7159       7159       1.08       0.60     6637.32    12997.63     7159   
16916628.00    5886       1687       7573       4614       2813       7427       7427       1.08       0.59     6881.28    12753.68     7427   
17062461.00    5978       1657       7635       4522       2843       7365       7365       1.08       0.60     6809.45    12825.51     7365   
17208294.00    6274       1898       8172       4226       2602       6828       6828       1.08       0.61     6323.77    13311.19     6828   
17354127.00    6292       1839       8131       4208       2661       6869       6869       1.07       0.62     6431.90    13203.05     6869   
17499960.00    6096       1775       7871       4404       2725       7129       7129       1.07       0.61     6654.76    12980.20     7129   
17645793.00    6075       1793       7868       4425       2707       7132       7132       1.08       0.61     6632.01    13002.94     7132   
17791626.00    6130       1816       7946       4370       2684       7054       7054       1.08       0.61     6532.72    13102.24     7054   
17937459.00    6136       1879       8015       4364       2621       6985       6985       1.07       0.61     6505.57    13129.38     6985   
18083292.00    6376       2005       8381       4124       2495       6619       6619       1.08       0.62     6110.10    13524.85     6619   
18229125.00    6402       1984       8386       4098       2516       6614       4922       1.09       0.62     6095.71    13539.25     3307   
18374958.00    6351       1958       8309       4149       2542       6691       5099       1.08       0.62     6181.10    13453.85     3345   
18520791.00    6590       2119       8709       3910       2381       6291       4877       1.08       0.63     5802.93    13832.02     3145   
18666624.00    7451       2745      10196       3049       1755       4804       4804       1.08       0.67     4428.82    15206.13     4804   
18812457.00    7258       2650       9908       3242       1850       5092       5092       1.08       0.66     4720.48    14914.48     5092   
18958290.00    7301       2653       9954       3199       1847       5046       5046       1.08       0.66     4651.70    14983.25     5046   
19104123.00    7587       2830      10417       2913       1670       4583       4583       1.09       0.68     4217.72    15417.24     4583   
19249956.00    7195       2537       9732       3305       1963       5268       5268       1.07       0.66     4919.63    14715.33     5268   
19395789.00    7039       2352       9391       3461       2148       5609       5609       1.07       0.65     5243.83    14391.13     5609   
19541622.00    6915       2279       9194       3585       2221       5806       5806       1.08       0.65     5392.96    14242.00     5806   
19687455.00    6756       2229       8985       3744       2271       6015       6015       1.08       0.64     5579.20    14055.75     6015   
19833288.00    6846       2191       9037       3654       2309       5963       5963       1.09       0.64     5482.78    14152.17     5963   
19979121.00    6997       2306       9303       3503       2194       5697       5697       1.09       0.65     5233.96    14400.99     5697   
20124954.00    6650       2098       8748       3850       2402       6252       6252       1.08       0.63     5774.35    13860.60     6252   
20270787.00    6718       2105       8823       3782       2395       6177       6177       1.09       0.63     5667.79    13967.17     6177   
20416620.00    6818       2192       9010       3682       2308       5990       5990       1.09       0.64     5514.72    14120.23     5990   
20562453.00    6908       2269       9177       3592       2231       5823       5823       1.09       0.64     5353.97    14280.99     5823   
20708286.00    6913       2325       9238       3587       2175       5762       5762       1.09       0.64     5266.33    14368.62     5762   
20854119.00    6801       2203       9004       3699       2297       5996       5996       1.10       0.64     5471.25    14163.71     5996   
20999952.00    6773       2200       8973       3727       2300       6027       6027       1.08       0.64     5555.87    14079.08     6027   
21145785.00    6830       2197       9027       3670       2303       5973       5973       1.10       0.64     5448.59    14186.36     5973   
21291618.00    6531       2029       8560       3969       2471       6440       6440       1.09       0.62     5931.48    13703.48     6440   
21437451.00    6686       2109       8795       3814       2391       6205       6205       1.09       0.63     5713.04    13921.91     6205   
21583284.00    6656       2097       8753       3844       2403       6247       6247       1.08       0.63     5761.71    13873.24     6247   
21729117.00    6783       2098       8881       3717       2402       6119       6119       1.08       0.63     5648.00    13986.96     6119   
21874950.00    6693       2051       8744       3807       2449       6256       6256       1.07       0.63     5856.49    13778.46     6256   
22020783.00    6843       2097       8940       3657       2403       6060       6060       1.08       0.64     5631.14    14003.81     6060   
22166616.00    6967       2148       9115       3533       2352       5885       5885       1.07       0.64     5475.47    14159.48     5885   
22312449.00    6925       2072       8997       3575       2428       6003       3798       1.08       0.64     5546.97    14087.98     3001   
22458282.00    6947       2153       9100       3553       2347       5900       3635       1.09       0.64     5430.85    14204.11     2950   
22604115.00    7063       2205       9268       3437       2295       5732       3478       1.08       0.65     5295.12    14339.83     2866   
22749948.00    7092       2207       9299       3408       2293       5701       5701       1.08       0.65     5293.15    14341.81     5701   
22895781.00    6929       2202       9131       3571       2298       5869       3969       1.08       0.64     5435.70    14199.26     2934   
23041614.00    6920       2162       9082       3580       2338       5918       3939       1.08       0.64     5466.73    14168.22     2959   
23187447.00    6806       2118       8924       3694       2382       6076       4038       1.09       0.64     5592.38    14042.57     3038   
23333280.00    6748       2081       8829       3752       2419       6171       3757       1.09       0.63     5681.09    13953.87     3085   
23479113.00    7185       2299       9484       3315       2201       5516       3622       1.09       0.65     5071.52    14563.44     2758   
23624946.00    6983       2151       9134       3517       2349       5866       4020       1.08       0.64     5433.30    14201.66     2933   
23770779.00    7360       2389       9749       3140       2111       5251       3498       1.09       0.66     4796.77    14838.18     2625   
23916612.00    6845       2097       8942       3655       2403       6058       3867       1.09       0.64     5555.90    14079.06     3029   
24062445.00    6799       2017       8816       3701       2483       6184       3756       1.09       0.63     5697.26    13937.69     3092   
24208278.00    6713       2013       8726       3787       2487       6274       3952       1.08       0.63     5812.18    13822.78     3137   
24354111.00    7409       2418       9827       3091       2082       5173       3896       1.09       0.66     4743.02    14891.94     2586   
24499944.00    7357       2354       9711       3143       2146       5289       3929       1.09       0.66     4852.03    14782.92     2644   
24645777.00    7320       2320       9640       3180       2180       5360       3856       1.08       0.66     4970.48    14664.47     2680   
24791610.00    7508       2438       9946       2992       2062       5054       3693       1.08       0.67     4680.73    14954.23     2527   
24937443.00    6690       1964       8654       3810       2536       6346       3868       1.07       0.63     5950.07    13684.89     2115   
25083276.00    6568       1932       8500       3932       2568       6500       3992       1.06       0.63     6154.69    13480.26     2166   
25229109.00    7304       2411       9715       3196       2089       5285       4250       1.07       0.66     4949.64    14685.31     2642   
25374942.00    6707       2046       8753       3793       2454       6247       5106       1.07       0.64     5852.30    13782.66     3123   
25520775.00    7116       2226       9342       3384       2274       5658       4541       1.08       0.65     5234.09    14400.86     2829   
25666608.00    7113       2271       9384       3387       2229       5616       4497       1.08       0.65     5214.13    14420.82     2808   
25812441.00    6903       2178       9081       3597       2322       5919       4889       1.07       0.64     5533.64    14101.32     2959   
25958274.00    6776       2106       8882       3724       2394       6118       6118       1.07       0.64     5712.57    13922.38     6118   
26104107.00    6615       1978       8593       3885       2522       6407       6407       1.07       0.63     5972.42    13662.53     6407   
26249940.00    7358       2345       9703       3142       2155       5297       4142       1.07       0.66     4954.02    14680.93     2648   
26395773.00    8225       2953      11178       2275       1547       3822       3822       1.06       0.70     3604.74    16030.22     3822   
26541606.00    8376       3017      11393       2124       1483       3607       3607       1.08       0.70     3353.80    16281.16     3607   
26687439.00    7579       2508      10087       2921       1992       4913       4913       1.07       0.67     4591.16    15043.79     4913   
26833272.00    8550       3159      11709       1950       1341       3291       3291       1.09       0.70     3014.01    16620.94     3291   
26979105.00    7742       2688      10430       2758       1812       4570       4570       1.07       0.68     4270.77    15364.19     4570   
27124938.00    8234       3024      11258       2266       1476       3742       3742       1.09       0.69     3426.36    16208.60     3742   
27270771.00    8250       3042      11292       2250       1458       3708       3708       1.09       0.70     3404.90    16230.05     3708   
27416604.00    8039       2882      10921       2461       1618       4079       4079       1.09       0.69     3741.25    15893.70     4079   
27562437.00    7893       2777      10670       2607       1723       4330       4330       1.09       0.68     3964.40    15670.56     4330   
27708270.00    7785       2735      10520       2715       1765       4480       4480       1.08       0.68     4138.57    15496.39     4480   
27854103.00    7423       2570       9993       3077       1930       5007       5007       1.10       0.66     4572.22    15062.73     5007   
27999936.00    7150       2388       9538       3350       2112       5462       5462       1.08       0.65     5039.33    14595.62     5462   
28145769.00    6754       2166       8920       3746       2334       6080       4375       1.09       0.64     5593.65    14041.31     3040   
28291602.00    6519       2094       8613       3981       2406       6387       4483       1.08       0.63     5924.13    13710.83     3193   
28437435.00    6771       2135       8906       3729       2365       6094       4419       1.09       0.63     5587.07    14047.88     3047   
28583268.00    6689       2120       8809       3811       2380       6191       4248       1.08       0.63     5725.08    13909.88     3095   
28729101.00    6914       2279       9193       3586       2221       5807       4080       1.09       0.64     5327.01    14307.95     2903   
28874934.00    6834       2177       9011       3666       2323       5989       4081       1.09       0.64     5487.98    14146.97     2994   
29020767.00    6800       2185       8985       3700       2315       6015       4080       1.09       0.64     5514.98    14119.98     3007   
29166600.00    6830       2129       8959       3670       2371       6041       3868       1.09       0.64     5560.48    14074.47     3020   
29312433.00    6740       2038       8778       3760       2462       6222       6222       1.09       0.63     5699.20    13935.76     6222   
29458266.00    6784       2091       8875       3716       2409       6125       3789       1.08       0.64     5661.40    13973.55     3062   
29604099.00    6613       1978       8591       3887       2522       6409       3737       1.07       0.63     5976.43    13658.53     3204   
29749932.00    6928       2194       9122       3572       2306       5878       3546       1.08       0.64     5444.51    14190.44     2939   
29895765.00    7360       2452       9812       3140       2048       5188       3385       1.08       0.66     4799.18    14835.77     2594   
30041598.00    7487       2529      10016       3013       1971       4984       3649       1.08       0.67     4611.42    15023.53     2492   
30187431.00    7467       2519       9986       3033       1981       5014       5014       1.08       0.67     4630.93    15004.03     5014   
30333264.00    7230       2442       9672       3270       2058       5328       3899       1.10       0.65     4863.95    14771.00     2664   
30479097.00    7071       2316       9387       3429       2184       5613       3891       1.09       0.65     5158.45    14476.50     2806   
30624930.00    7303       2441       9744       3197       2059       5256       5256       1.10       0.66     4772.63    14862.32     5256   
30770763.00    7240       2402       9642       3260       2098       5358       5358       1.09       0.66     4923.54    14711.42     5358   
30916596.00    7420       2543       9963       3080       1957       5037       5037       1.08       0.66     4648.81    14986.14     5037   
31062429.00    7169       2392       9561       3331       2108       5439       5439       1.08       0.66     5045.32    14589.64     5439   
31208262.00    7287       2458       9745       3213       2042       5255       5255       1.09       0.66     4826.28    14808.67     5255   
31354095.00    7073       2301       9374       3427       2199       5626       5626       1.08       0.65     5199.40    14435.55     5626   
31499928.00    7283       2383       9666       3217       2117       5334       5334       1.08       0.66     4924.25    14710.70     5334   
31645761.00    7425       2475       9900       3075       2025       5100       5100       1.08       0.66     4705.17    14929.78     5100   
31791594.00    7604       2545      10149       2896       1955       4851       4851       1.09       0.67     4434.21    15200.74     4851   
31937427.00    7421       2482       9903       3079       2018       5097       5097       1.09       0.66     4697.60    14937.36     5097   
32083260.00    6965       2195       9160       3535       2305       5840       5840       1.09       0.64     5373.70    14261.25     5840   
32229093.00    7239       2330       9569       3261       2170       5431       5431       1.09       0.65     4971.44    14663.51     5431   
32374926.00    6786       2089       8875       3714       2411       6125       6125       1.08       0.64     5660.65    13974.30     6125   
32520759.00    7079       2257       9336       3421       2243       5664       5664       1.08       0.65     5234.45    14400.51     5664   
32666592.00    6816       2090       8906       3684       2410       6094       6094       1.08       0.64     5629.22    14005.74     6094   
32812425.00    7378       2425       9803       3122       2075       5197       5197       1.09       0.66     4749.55    14885.40     5197   
32958258.00    7640       2610      10250       2860       1890       4750       4750       1.10       0.67     4329.82    15305.14     4750   
33104091.00    7475       2549      10024       3025       1951       4976       4976       1.09       0.67     4581.52    15053.43     4976   
33249924.00    7364       2470       9834       3136       2030       5166       5166       1.09       0.66     4730.23    14904.73     5166   
33395757.00    7123       2316       9439       3377       2184       5561       5561       1.10       0.65     5076.08    14558.87     5561   
33541590.00    7151       2383       9534       3349       2117       5466       5466       1.09       0.65     5009.21    14625.74     5466   
33687423.00    6735       2085       8820       3765       2415       6180       6180       1.09       0.63     5672.39    13962.57     6180   
33833256.00    7397       2486       9883       3103       2014       5117       5117       1.11       0.66     4618.29    15016.66     5117   
33979089.00    7452       2490       9942       3048       2010       5058       5058       1.10       0.66     4580.27    15054.69     5058   
34124922.00    7467       2507       9974       3033       1993       5026       5026       1.10       0.66     4551.34    15083.61     5026   
34270755.00    6579       1983       8562       3921       2517       6438       6438       1.08       0.63     5959.36    13675.59     6438   
34416588.00    6809       2094       8903       3691       2406       6097       6097       1.08       0.64     5655.51    13979.45     6097   
34562421.00    7099       2344       9443       3401       2156       5557       5557       1.09       0.65     5112.96    14521.99     5557   
34708254.00    7015       2305       9320       3485       2195       5680       5680       1.10       0.64     5169.23    14465.73     5680   
34854087.00    6671       2089       8760       3829       2411       6240       6240       1.09       0.63     5706.35    13928.61     6240   
34999920.00    6818       2143       8961       3682       2357       6039       6039       1.11       0.63     5443.70    14191.26     6039   
35145753.00    6779       2125       8904       3721       2375       6096       6096       1.10       0.63     5545.72    14089.23     6096   
35291586.00    6918       2222       9140       3582       2278       5860       5860       1.10       0.64     5329.95    14305.00     5860   
35437419.00    6856       2139       8995       3644       2361       6005       6005       1.10       0.63     5442.33    14192.62     6005   
35583252.00    6782       2076       8858       3718       2424       6142       6142       1.10       0.63     5565.09    14069.87     6142   
35729085.00    6640       2016       8656       3860       2484       6344       6344       1.10       0.62     5743.60    13891.35     6344   
35874918.00    6628       1956       8584       3872       2544       6416       6416       1.10       0.62     5822.10    13812.85     6416   
36020751.00    6848       2062       8910       3652       2438       6090       6090       1.10       0.63     5520.97    14113.99     6090   
36166584.00    6745       2019       8764       3755       2481       6236       6236       1.09       0.63     5697.33    13937.63     6236   
36312417.00    6685       1961       8646       3815       2539       6354       6354       1.10       0.62     5795.80    13839.15     6354   
36458250.00    6639       1933       8572       3861       2567       6428       6428       1.09       0.62     5886.66    13748.29     6428   
36604083.00    6649       1972       8621       3851       2528       6379       6379       1.08       0.63     5896.62    13738.33     6379   
36749916.00    6620       1904       8524       3880       2596       6476       6476       1.08       0.63     6007.88    13627.08     6476   
36895749.00    6677       1877       8554       3823       2623       6446       6446       1.08       0.63     5959.92    13675.03     6446   
37041582.00    6925       2030       8955       3575       2470       6045       6045       1.08       0.64     5601.82    14033.13     6045   
37187415.00    6976       2181       9157       3524       2319       5843       5843       1.09       0.64     5369.99    14264.97     5843   
37333248.00    6701       1981       8682       3799       2519       6318       6318       1.09       0.63     5808.39    13826.56     6318   
37479081.00    7048       2168       9216       3452       2332       5784       5784       1.09       0.64     5289.24    14345.71     5784   
37624914.00    6802       2086       8888       3698       2414       6112       6112       1.08       0.64     5656.41    13978.54     6112   
37770747.00    6988       2174       9162       3512       2326       5838       5838       1.09       0.64     5350.83    14284.12     5838   
37916580.00    6888       2078       8966       3612       2422       6034       6034       1.08       0.64     5588.17    14046.79     6034   
38062413.00    6911       2105       9016       3589       2395       5984       5984       1.08       0.64     5557.49    14077.46     5984   
38208246.00    6942       2106       9048       3558       2394       5952       5952       1.08       0.64     5527.14    14107.82     5952   
38354079.00    7149       2198       9347       3351       2302       5653       5653       1.07       0.65     5305.69    14329.26     5653   
38499912.00    7243       2334       9577       3257       2166       5423       5423       1.08       0.65     4999.04    14635.92     5423   
38645745.00    7239       2307       9546       3261       2193       5454       5454       1.09       0.65     5009.08    14625.88     5454   
38791578.00    7052       2236       9288       3448       2264       5712       5712       1.08       0.65     5295.52    14339.44     5712   
38937411.00    6820       2112       8932       3680       2388       6068       6068       1.08       0.64     5614.00    14020.96     6068   
39083244.00    6819       2065       8884       3681       2435       6116       6116       1.10       0.63     5571.89    14063.06     6116   
39229077.00    6924       2092       9016       3576       2408       5984       5984       1.10       0.64     5436.60    14198.36     5984   
39374910.00    6743       2011       8754       3757       2489       6246       6246       1.09       0.63     5734.57    13900.38     6246   
39520743.00    6824       2106       8930       3676       2394       6070       6070       1.09       0.63     5560.59    14074.37     6070   
39666576.00    6793       2061       8854       3707       2439       6146       6146       1.10       0.63     5597.94    14037.02     6146   
39812409.00    6844       2150       8994       3656       2350       6006       6006       1.10       0.63     5466.29    14168.67     6006   
39958242.00    6544       1987       8531       3956       2513       6469       6469       1.09       0.62     5942.46    13692.50     6469   
40104075.00    6532       1965       8497       3968       2535       6503       6503       1.08       0.62     5999.46    13635.49     6503   
40249908.00    6480       1965       8445       4020       2535       6555       6555       1.08       0.62     6074.83    13560.12     6555   
40395741.00    6230       1846       8076       4270       2654       6924       6924       1.07       0.61     6447.98    13186.97     6924   
40541574.00    6421       1881       8302       4079       2619       6698       6698       1.09       0.62     6169.04    13465.92     6698   
40687407.00    6210       1846       8056       4290       2654       6944       6944       1.09       0.61     6386.67    13248.28     6944   
40833240.00    6094       1809       7903       4406       2691       7097       7097       1.07       0.61     6608.30    13026.65     7097   
40979073.00    6224       1829       8053       4276       2671       6947       6947       1.08       0.61     6418.55    13216.41     6947   
41124906.00    6144       1851       7995       4356       2649       7005       7005       1.09       0.61     6448.30    13186.65     7005   
41270739.00    6245       1870       8115       4255       2630       6885       6885       1.09       0.61     6316.12    13318.84     6885   
41416572.00    6334       1958       8292       4166       2542       6708       6708       1.09       0.62     6181.96    13452.99     6708   
41562405.00    6271       1933       8204       4229       2567       6796       6796       1.10       0.61     6187.25    13447.70     6796   
41708238.00    6126       1867       7993       4374       2633       7007       7007       1.10       0.60     6372.46    13262.49     7007   
41854071.00    5761       1647       7408       4739       2853       7592       7592       1.10       0.58     6902.58    12732.38     7592   
41999904.00    5731       1569       7300       4769       2931       7700       7700       1.10       0.58     6981.01    12653.94     7700   
42145737.00    5528       1472       7000       4972       3028       8000       8000       1.10       0.57     7267.71    12367.25     8000   
42291570.00    5446       1399       6845       5054       3101       8155       8155       1.10       0.56     7383.13    12251.82     8155   
42437403.00    5310       1359       6669       5190       3141       8331       8331       1.10       0.55     7596.47    12038.49     8331   
42583236.00    5545       1498       7043       4955       3002       7957       7957       1.10       0.57     7216.77    12418.19     7957   
42729069.00    5530       1473       7003       4970       3027       7997       7997       1.10       0.57     7262.29    12372.67     7997   
42874902.00    5567       1518       7085       4933       2982       7915       7915       1.11       0.57     7151.48    12483.48     7915   
43020735.00    5631       1500       7131       4869       3000       7869       7869       1.11       0.57     7091.84    12543.11     7869   
43166568.00    5692       1550       7242       4808       2950       7758       7758       1.10       0.58     7064.52    12570.44     7758   
43312401.00    5749       1618       7367       4751       2882       7633       7633       1.09       0.58     6995.50    12639.46     7633   
43458234.00    5856       1693       7549       4644       2807       7451       7451       1.10       0.59     6797.37    12837.58     7451   
43604067.00    5851       1687       7538       4649       2813       7462       7462       1.09       0.59     6819.13    12815.83     7462   
43749900.00    5940       1748       7688       4560       2752       7312       7312       1.10       0.59     6647.47    12987.48     7312   
43895733.00    5683       1602       7285       4817       2898       7715       7715       1.10       0.58     7012.56    12622.39     7715   
44041566.00    5586       1563       7149       4914       2937       7851       7851       1.11       0.57     7093.85    12541.10     7851   
44187399.00    5464       1568       7032       5036       2932       7968       7968       1.11       0.57     7198.66    12436.29     7968   
44333232.00    5695       1702       7397       4805       2798       7603       7603       1.11       0.58     6852.87    12782.08     7603   
44479065.00    5641       1615       7256       4859       2885       7744       7744       1.10       0.58     7020.02    12614.93     7744   
44624898.00    5640       1631       7271       4860       2869       7729       7729       1.10       0.58     7058.19    12576.76     7729   
44770731.00    5407       1568       6975       5093       2932       8025       8025       1.09       0.57     7373.32    12261.64     8025   
44916564.00    5838       1909       7747       4662       2591       7253       7253       1.10       0.59     6587.97    13046.98     7253   
45062397.00    5893       1909       7802       4607       2591       7198       7198       1.11       0.59     6487.23    13147.72     7198   
45208230.00    5879       1898       7777       4621       2602       7223       7223       1.12       0.59     6470.54    13164.41     7223   
45354063.00    5609       1732       7341       4891       2768       7659       7659       1.11       0.58     6901.96    12733.00     7659   
45499896.00    5699       1775       7474       4801       2725       7526       7526       1.10       0.58     6817.64    12817.32     7526   
45645729.00    5678       1783       7461       4822       2717       7539       7539       1.10       0.58     6862.95    12772.00     7539   
45791562.00    5654       1739       7393       4846       2761       7607       7607       1.10       0.58     6920.57    12714.39     7607   
45937395.00    5684       1741       7425       4816       2759       7575       7575       1.11       0.58     6841.58    12793.37     7575   
46083228.00    5586       1697       7283       4914       2803       7717       7717       1.10       0.58     7005.14    12629.82     7717   
46229061.00    5703       1702       7405       4797       2798       7595       7595       1.11       0.58     6846.05    12788.90     7595   
46374894.00    5503       1630       7133       4997       2870       7867       7867       1.11       0.57     7074.69    12560.26     7867   
46520727.00    5742       1748       7490       4758       2752       7510       7510       1.11       0.58     6760.66    12874.30     7510   
46666560.00    5438       1561       6999       5062       2939       8001       8001       1.10       0.57     7254.83    12380.13     8001   
46812393.00    5620       1674       7294       4880       2826       7706       7706       1.10       0.58     6988.47    12646.48     7706   
46958226.00    5683       1743       7426       4817       2757       7574       7574       1.10       0.58     6902.49    12732.47     7574   
47104059.00    5696       1724       7420       4804       2776       7580       7580       1.10       0.58     6871.07    12763.89     7580   
47249892.00    5790       1772       7562       4710       2728       7438       7438       1.11       0.59     6720.88    12914.08     7438   
47395725.00    5775       1769       7544       4725       2731       7456       7456       1.09       0.59     6829.01    12805.95     7456   
47541558.00    6219       2012       8231       4281       2488       6769       6769       1.10       0.61     6143.19    13491.76     6769   
47687391.00    5870       1804       7674       4630       2696       7326       7326       1.10       0.59     6679.20    12955.76     7326   
47833224.00    5932       1896       7828       4568       2604       7172       7172       1.10       0.60     6494.25    13140.70     7172   
47979057.00    5993       1926       7919       4507       2574       7081       7081       1.12       0.60     6343.28    13291.68     7081   
48124890.00    5909       1858       7767       4591       2642       7233       7233       1.11       0.59     6501.63    13133.32     7233   
48270723.00    5919       1824       7743       4581       2676       7257       7257       1.11       0.59     6510.22    13124.73     7257   
48416556.00    5750       1724       7474       4750       2776       7526       7526       1.12       0.58     6745.48    12889.48     7526   
48562389.00    5818       1749       7567       4682       2751       7433       7433       1.11       0.58     6668.17    12966.79     7433   
48708222.00    5676       1656       7332       4824       2844       7668       7668       1.10       0.58     6954.95    12680.01     7668   
48854055.00    5629       1660       7289       4871       2840       7711       7711       1.10       0.58     7025.52    12609.43     7711   
48999888.00    5882       1731       7613       4618       2769       7387       7387       1.10       0.59     6720.17    12914.79     7387   
49145721.00    5885       1770       7655       4615       2730       7345       7345       1.10       0.59     6676.46    12958.49     7345   
49291554.00    5817       1712       7529       4683       2788       7471       7471       1.10       0.59     6800.84    12834.12     7471   
49437387.00    6167       1911       8078       4333       2589       6922       6922       1.10       0.61     6290.12    13344.84     6922   
49583220.00    6220       1933       8153       4280       2567       6847       6847       1.11       0.61     6192.27    13442.69     6847   
49729053.00    6315       2011       8326       4185       2489       6674       6674       1.11       0.61     6036.68    13598.27     6674   
49874886.00    6442       2069       8511       4058       2431       6489       6489       1.10       0.62     5901.92    13733.04     6489   
50020719.00    6477       2036       8513       4023       2464       6487       6487       1.09       0.62     5946.73    13688.23     6487   
50166552.00    6674       2136       8810       3826       2364       6190       6190       1.09       0.63     5680.53    13954.42     6190   
50312385.00    6728       2176       8904       3772       2324       6096       6096       1.10       0.63     5565.72    14069.23     6096   
50458218.00    6596       2162       8758       3904       2338       6242       6242       1.10       0.63     5688.13    13946.82     6242   
50604051.00    6598       2102       8700       3902       2398       6300       6300       1.10       0.63     5749.74    13885.21     6300   
50749884.00    6342       1969       8311       4158       2531       6689       6689       1.10       0.61     6087.61    13547.34     6689   
50895717.00    6296       1896       8192       4204       2604       6808       6808       1.10       0.61     6195.11    13439.84     6808   
51041550.00    6403       1983       8386       4097       2517       6614       6614       1.10       0.62     6036.72    13598.23     6614   
51187383.00    6441       1992       8433       4059       2508       6567       6567       1.10       0.62     5974.65    13660.31     6567   
51333216.00    6391       1934       8325       4109       2566       6675       6675       1.10       0.61     6078.10    13556.86     6675   
51479049.00    6538       2009       8547       3962       2491       6453       6453       1.11       0.62     5836.48    13798.47     6453   
51624882.00    6613       2068       8681       3887       2432       6319       6319       1.11       0.62     5712.05    13922.90     6319   
51770715.00    6475       1965       8440       4025       2535       6560       6560       1.10       0.62     5988.67    13646.29     6560   
51916548.00    6562       1972       8534       3938       2528       6466       6466       1.10       0.62     5902.91    13732.04     6466   
52062381.00    6668       2016       8684       3832       2484       6316       6316       1.10       0.63     5767.89    13867.07     6316   
52208214.00    6682       2037       8719       3818       2463       6281       6281       1.09       0.63     5767.35    13867.61     6281   
52354047.00    6599       1939       8538       3901       2561       6462       6462       1.08       0.63     5991.27    13643.69     6462   
52499880.00    7001       2234       9235       3499       2266       5765       5765       1.09       0.64     5285.60    14349.35     5765   
52645713.00    6902       2191       9093       3598       2309       5907       5907       1.09       0.64     5400.57    14234.39     5907   
52791546.00    6992       2233       9225       3508       2267       5775       5775       1.10       0.64     5251.04    14383.91     5775   
52937379.00    7027       2281       9308       3473       2219       5692       5692       1.10       0.64     5195.02    14439.93     5692   
53083212.00    6379       1887       8266       4121       2613       6734       5649       1.08       0.62     6207.36    13427.59     3367   
53229045.00    6380       1915       8295       4120       2585       6705       6705       1.08       0.62     6182.72    13452.24     6705   
53374878.00    6446       1960       8406       4054       2540       6594       6594       1.08       0.62     6080.62    13554.33     6594   
53520711.00    6474       1928       8402       4026       2572       6598       5419       1.09       0.62     6074.65    13560.31     3299   
53666544.00    6797       2183       8980       3703       2317       6020       4949       1.09       0.64     5533.36    14101.60     3010   
53812377.00    6509       2026       8535       3991       2474       6465       5281       1.08       0.62     5970.31    13664.65     3232   
53958210.00    7265       2446       9711       3235       2054       5289       5289       1.08       0.66     4898.63    14736.33     5289   
54104043.00    7370       2557       9927       3130       1943       5073       5073       1.08       0.66     4702.89    14932.07     5073   
54249876.00    7818       2752      10570       2682       1748       4430       4430       1.09       0.68     4072.81    15562.15     4430   
54395709.00    7843       2777      10620       2657       1723       4380       4380       1.09       0.68     4007.57    15627.38     4380   
54541542.00    7892       2804      10696       2608       1696       4304       4304       1.10       0.68     3916.80    15718.16     4304   
54687375.00    7814       2719      10533       2686       1781       4467       4467       1.09       0.68     4082.56    15552.39     4467   
54833208.00    7158       2367       9525       3342       2133       5475       4459       1.09       0.65     5031.46    14603.50     2737   
54979041.00    7936       2772      10708       2564       1728       4292       4292       1.11       0.68     3874.77    15760.19     4292   
55124874.00    7790       2686      10476       2710       1814       4524       4524       1.10       0.67     4099.45    15535.51     4524   
55270707.00    7836       2742      10578       2664       1758       4422       4422       1.10       0.68     4018.81    15616.14     4422   
55416540.00    8001       2810      10811       2499       1690       4189       4189       1.09       0.68     3833.02    15801.93     4189   
55562373.00    8072       2841      10913       2428       1659       4087       4087       1.09       0.69     3762.84    15872.11     4087   
55708206.00    8189       2970      11159       2311       1530       3841       3841       1.09       0.69     3526.66    16108.30     3841   
55854039.00    7487       2507       9994       3013       1993       5006       3905       1.07       0.67     4674.65    14960.31     2503   
55999872.00    7394       2488       9882       3106       2012       5118       3810       1.07       0.66     4771.42    14863.54     2559   
56145705.00    7159       2358       9517       3341       2142       5483       3681       1.08       0.65     5085.37    14549.58     2741   
56291538.00    7466       2418       9884       3034       2082       5116       3741       1.07       0.66     4760.75    14874.21     2558   
56437371.00    7543       2535      10078       2957       1965       4922       3800       1.08       0.67     4557.17    15077.79     2461   
56583204.00    7451       2495       9946       3049       2005       5054       3195       1.07       0.67     4724.15    14910.80     2527   
56729037.00    7581       2530      10111       2919       1970       4889       3196       1.08       0.67     4544.93    15090.03     2444   
56874870.00    7547       2494      10041       2953       2006       4959       4959       1.08       0.67     4582.49    15052.46     4959   
57020703.00    7601       2550      10151       2899       1950       4849       3073       1.08       0.67     4487.31    15147.64     2424   
57166536.00    7527       2542      10069       2973       1958       4931       2897       1.07       0.67     4594.17    15040.78     2465   
57312369.00    7565       2549      10114       2935       1951       4886       2785       1.07       0.67     4584.54    15050.41     2443   
57458202.00    6840       2170       9010       3660       2330       5990       5990       1.06       0.64     5646.99    13987.96     5990   
57604035.00    7018       2265       9283       3482       2235       5717       3709       1.07       0.65     5367.83    14267.12     2858   
57749868.00    7189       2446       9635       3311       2054       5365       4074       1.06       0.66     5077.80    14557.15     2682   
57895701.00    6964       2210       9174       3536       2290       5826       3838       1.07       0.65     5463.32    14171.64     2913   
58041534.00    6925       2166       9091       3575       2334       5909       4627       1.08       0.64     5472.05    14162.90     2954   
58187367.00    7265       2427       9692       3235       2073       5308       3912       1.08       0.66     4911.52    14723.43     2654   
58333200.00    6768       2052       8820       3732       2448       6180       4728       1.08       0.63     5724.42    13910.54     3090   
