 Timestep    Gas_A      Gas_B     Gas_tot    Dense_A    Dense_B   Dense_tot   Lg_clust  DP_density GP_density Clust_area  Gas_area     MCS    
   0.00      13500       1500      15000        0          0          0          6         0.00       0.76       0.00     19634.96      0     
104166.00    13500       1500      15000        0          0          0         327        0.00       0.76       0.00     19634.96      0     
208332.00    13500       1500      15000        0          0          0         968        0.00       0.76       0.00     19634.96      0     
312498.00    11169       1210      12379       2331       290        2621       1551       1.01       0.73     2595.22    17039.74     1310   
416664.00     9097       954       10051       4403       546        4949       1995       1.02       0.68     4870.16    14764.80     1649   
520830.00     8731       930        9661       4769       570        5339       2141       1.04       0.67     5127.63    14507.32     1779   
624996.00     7697       777        8474       5803       723        6526       2349       1.05       0.63     6233.30    13401.65     2175   
729162.00     6566       637        7203       6934       863        7797       4435       1.05       0.59     7425.90    12209.05     3898   
833328.00     5646       528        6174       7854       972        8826       8826       1.05       0.55     8389.29    11245.66     8826   
937494.00     4356       394        4750       9144       1106      10250      10250       1.05       0.48     9768.02    9866.93     10250   
1041660.00    4184       380        4564       9316       1120      10436       4478       1.06       0.47     9859.97    9774.98      3478   
1145826.00    4020       348        4368       9480       1152      10632       4170       1.06       0.45     9998.99    9635.96      2658   
1249992.00    3856       361        4217       9644       1139      10783      10783       1.06       0.44     10126.66   9508.30     10783   
1354158.00    4637       446        5083       8863       1054       9917       5738       1.06       0.49     9314.00    10320.96     4958   
1458324.00    3906       377        4283       9594       1123      10717       6646       1.08       0.44     9968.48    9666.47      5358   
1562490.00    3609       330        3939       9891       1170      11061      11061       1.07       0.42     10296.69   9338.26     11061   
1666656.00    3809       363        4172       9691       1137      10828       6742       1.07       0.44     10095.19   9539.76      5414   
1770822.00    3802       350        4152       9698       1150      10848      10848       1.06       0.44     10191.70   9443.25     10848   
1874988.00    3824       364        4188       9676       1136      10812      10812       1.07       0.44     10097.06   9537.89     10812   
1979154.00    3630       346        3976       9870       1154      11024       5690       1.07       0.43     10284.56   9350.39      5512   
2083320.00    3660       334        3994       9840       1166      11006      11006       1.08       0.42     10181.76   9453.19     11006   
2187486.00    3656       329        3985       9844       1171      11015       5618       1.08       0.42     10171.41   9463.55      5507   
2291652.00    3586       338        3924       9914       1162      11076       5630       1.08       0.42     10210.45   9424.50      5538   
2395818.00    3627       305        3932       9873       1195      11068       5821       1.08       0.42     10244.07   9390.89      5534   
2499984.00    3671       315        3986       9829       1185      11014       5754       1.08       0.42     10218.08   9416.88      5507   
2604150.00    3509       293        3802       9991       1207      11198      11198       1.08       0.41     10393.96   9241.00     11198   
2708316.00    4322       396        4718       9178       1104      10282       6177       1.08       0.47     9520.61    10114.34     5141   
2812482.00    3609       276        3885       9891       1224      11115      11115       1.08       0.42     10281.83   9353.12     11115   
2916648.00    3488       292        3780      10012       1208      11220       6555       1.08       0.41     10387.38   9247.57      5610   
3020814.00    3690       314        4004       9810       1186      10996       6522       1.08       0.42     10142.20   9492.76      5498   
3124980.00    3489       304        3793      10011       1196      11207       6759       1.08       0.41     10397.37   9237.59      5603   
3229146.00    3421       303        3724      10079       1197      11276       6449       1.08       0.41     10458.91   9176.04      5638   
3333312.00    3510       325        3835       9990       1175      11165       6381       1.07       0.41     10388.41   9246.54      5582   
3437478.00    3567       311        3878       9933       1189      11122       6287       1.07       0.42     10379.06   9255.89      5561   
3541644.00    3813       366        4179       9687       1134      10821       4800       1.06       0.44     10184.22   9450.74      3607   
3645810.00    3973       371        4344       9527       1129      10656       4640       1.07       0.45     9995.35    9639.61      3552   
3749976.00    3958       382        4340       9542       1118      10660       4694       1.07       0.45     9989.98    9644.98      3553   
3854142.00    3756       376        4132       9744       1124      10868       4870       1.07       0.44     10188.76   9446.19      3622   
3958308.00    3673       334        4007       9827       1166      10993       4923       1.07       0.43     10284.35   9350.61      3664   
4062474.00    4000       352        4352       9500       1148      10648       4799       1.07       0.45     9932.15    9702.80      3549   
4166640.00    3721       306        4027       9779       1194      10973       4900       1.07       0.43     10258.28   9376.68      3657   
4270806.00    3704       302        4006       9796       1198      10994       7183       1.07       0.43     10278.98   9355.98      5497   
4374972.00    3674       308        3982       9826       1192      11018       7233       1.07       0.42     10258.27   9376.69      5509   
4479138.00    3510       307        3817       9990       1193      11183       4636       1.08       0.41     10397.47   9237.49      3727   
4583304.00    3550       297        3847       9950       1203      11153      11153       1.07       0.42     10386.07   9248.88     11153   
4687470.00    3778       342        4120       9722       1158      10880       8410       1.08       0.43     10113.39   9521.56      5440   
4791636.00    3941       352        4293       9559       1148      10707       8471       1.07       0.45     10004.42   9630.54      5353   
4895802.00    3868       350        4218       9632       1150      10782      10782       1.07       0.44     10042.04   9592.91     10782   
4999968.00    3746       352        4098       9754       1148      10902       6443       1.07       0.43     10157.46   9477.50      5451   
5104134.00    4543       459        5002       8957       1041       9998       7759       1.08       0.48     9267.57    10367.39     4999   
5208300.00    4612       441        5053       8888       1059       9947       7719       1.08       0.48     9201.83    10433.13     4973   
5312466.00    4463       423        4886       9037       1077      10114       7788       1.08       0.48     9377.80    10257.16     5057   
5416632.00    3623       324        3947       9877       1176      11053       4571       1.07       0.42     10308.32   9326.64      3684   
5520798.00    3795       330        4125       9705       1170      10875       4538       1.08       0.43     10097.30   9537.66      3625   
5624964.00    3640       326        3966       9860       1174      11034       4492       1.08       0.42     10259.54   9375.41      3678   
5729130.00    3583       335        3918       9917       1165      11082       9032       1.08       0.42     10259.05   9375.90      5541   
5833296.00    3430       321        3751      10070       1179      11249       4723       1.08       0.41     10418.66   9216.30      3749   
5937462.00    3287       294        3581      10213       1206      11419       9241       1.07       0.40     10637.29   8997.67      5709   
6041628.00    3584       342        3926       9916       1158      11074       9030       1.07       0.42     10329.19   9305.77      5537   
6145794.00    3613       320        3933       9887       1180      11067       8984       1.07       0.42     10324.93   9310.02      5533   
6249960.00    3520       323        3843       9980       1177      11157       8997       1.07       0.42     10416.87   9218.09      5578   
6354126.00    3570       331        3901       9930       1169      11099       8897       1.07       0.42     10355.50   9279.45      5549   
6458292.00    4457       431        4888       9043       1069      10112       8753       1.08       0.48     9391.34    10243.61     5056   
6562458.00    4462       421        4883       9038       1079      10117       8770       1.07       0.48     9416.44    10218.52     5058   
6666624.00    4308       431        4739       9192       1069      10261       8842       1.07       0.47     9613.18    10021.78     5130   
6770790.00    3753       346        4099       9747       1154      10901       8988       1.07       0.43     10153.09   9481.86      5450   
6874956.00    4248       419        4667       9252       1081      10333       4552       1.08       0.46     9572.36    10062.59     3444   
6979122.00    4154       407        4561       9346       1093      10439       4629       1.08       0.46     9691.18    9943.77      3479   
7083288.00    4067       384        4451       9433       1116      10549       8380       1.08       0.45     9783.12    9851.84      5274   
7187454.00    3823       379        4202       9677       1121      10798       8434       1.08       0.44     9983.94    9651.02      5399   
7291620.00    3814       386        4200       9686       1114      10800       8542       1.07       0.44     10047.48   9587.47      5400   
7395786.00    3780       386        4166       9720       1114      10834      10834       1.07       0.44     10116.73   9518.22     10834   
7499952.00    3617       363        3980       9883       1137      11020      11020       1.07       0.43     10330.15   9304.81     11020   
7604118.00    3996       405        4401       9504       1095      10599      10599       1.07       0.45     9888.70    9746.25     10599   
7708284.00    3870       357        4227       9630       1143      10773      10773       1.08       0.44     9999.34    9635.62     10773   
7812450.00    3842       345        4187       9658       1155      10813       5479       1.08       0.43     9978.06    9656.89      5406   
7916616.00    3508       326        3834       9992       1174      11166      11166       1.09       0.41     10272.58   9362.37     11166   
8020782.00    3281       311        3592      10219       1189      11408       8875       1.09       0.39     10436.24   9198.71      5704   
8124948.00    3094       281        3375      10406       1219      11625      11625       1.10       0.37     10597.17   9037.78     11625   
8229114.00    2927       243        3170      10573       1257      11830      11830       1.09       0.36     10811.21   8823.75     11830   
8333280.00    2975       263        3238      10525       1237      11762      11762       1.10       0.36     10724.59   8910.36     11762   
8437446.00    2870       251        3121      10630       1249      11879      11879       1.09       0.36     10884.30   8750.65     11879   
8541612.00    3004       260        3264      10496       1240      11736      11736       1.08       0.37     10844.42   8790.53     11736   
8645778.00    3265       285        3550      10235       1215      11450      11450       1.08       0.39     10586.07   9048.89     11450   
8749944.00    3429       297        3726      10071       1203      11274      11274       1.08       0.41     10463.47   9171.49     11274   
8854110.00    3653       326        3979       9847       1174      11021      11021       1.08       0.42     10220.57   9414.39     11021   
8958276.00    3675       362        4037       9825       1138      10963      10963       1.09       0.42     10101.78   9533.17     10963   
9062442.00    3457       343        3800      10043       1157      11200       5858       1.09       0.41     10295.84   9339.11      3733   
9166608.00    3457       351        3808      10043       1149      11192      11192       1.08       0.41     10328.75   9306.21     11192   
9270774.00    3219       315        3534      10281       1185      11466       5337       1.08       0.39     10578.19   9056.76      3822   
9374940.00    3692       316        4008       9808       1184      10992       9279       1.09       0.42     10106.71   9528.25      5496   
9479106.00    3115       271        3386      10385       1229      11614       8140       1.08       0.38     10762.39   8872.57      5807   
9583272.00    3230       285        3515      10270       1215      11485      11485       1.09       0.39     10579.67   9055.28     11485   
9687438.00    3334       310        3644      10166       1190      11356      11356       1.08       0.40     10531.78   9103.17     11356   
9791604.00    3354       322        3676      10146       1178      11324       8014       1.08       0.40     10453.90   9181.05      5662   
9895770.00    3573       330        3903       9927       1170      11097       6292       1.09       0.41     10216.15   9418.81      5548   
9999936.00    3399       312        3711      10101       1188      11289       8041       1.09       0.40     10320.79   9314.17      5644   
10104102.00    3498       296        3794      10002       1204      11206       6382       1.09       0.40     10246.26   9388.70      3735   
10208268.00    3444       296        3740      10056       1204      11260       6438       1.08       0.40     10383.88   9251.07      3753   
10312434.00    3552       309        3861       9948       1191      11139       6347       1.09       0.41     10253.31   9381.65      3713   
10416600.00    3842       346        4188       9658       1154      10812       6044       1.08       0.43     9972.34    9662.62      3604   
10520766.00    3713       328        4041       9787       1172      10959       9813       1.08       0.43     10159.62   9475.34      5479   
10624932.00    4956       476        5432       8544       1024       9568       9568       1.09       0.50     8742.87    10892.08     9568   
10729098.00    4900       461        5361       8600       1039       9639       9639       1.10       0.49     8751.85    10883.11     9639   
10833264.00    4882       467        5349       8618       1033       9651       9651       1.11       0.49     8717.06    10917.89     9651   
10937430.00    4710       451        5161       8790       1049       9839       9839       1.10       0.48     8939.94    10695.02     9839   
11041596.00    4625       456        5081       8875       1044       9919       9919       1.09       0.48     9066.98    10567.97     9919   
11145762.00    4688       447        5135       8812       1053       9865       9865       1.10       0.48     8957.70    10677.26     9865   
11249928.00    4500       435        4935       9000       1065      10065      10065       1.09       0.47     9209.98    10424.98    10065   
11354094.00    4471       440        4911       9029       1060      10089      10089       1.09       0.47     9268.38    10366.58    10089   
11458260.00    4622       456        5078       8878       1044       9922       9922       1.10       0.48     9043.00    10591.95     9922   
11562426.00    4602       433        5035       8898       1067       9965       9965       1.10       0.48     9079.45    10555.50     9965   
11666592.00    4454       420        4874       9046       1080      10126      10126       1.09       0.47     9266.75    10368.20    10126   
11770758.00    4418       421        4839       9082       1079      10161      10161       1.10       0.47     9262.18    10372.77    10161   
11874924.00    4350       433        4783       9150       1067      10217      10217       1.10       0.46     9317.65    10317.31    10217   
11979090.00    4345       448        4793       9155       1052      10207      10207       1.11       0.46     9211.83    10423.13    10207   
12083256.00    4176       416        4592       9324       1084      10408      10408       1.10       0.45     9432.65    10202.30    10408   
12187422.00    4141       412        4553       9359       1088      10447      10447       1.11       0.45     9446.06    10188.89    10447   
12291588.00    4072       409        4481       9428       1091      10519      10519       1.11       0.44     9488.61    10146.34    10519   
12395754.00    4130       407        4537       9370       1093      10463      10463       1.11       0.45     9451.53    10183.43    10463   
12499920.00    4075       401        4476       9425       1099      10524      10524       1.10       0.44     9538.89    10096.06    10524   
12604086.00    4280       414        4694       9220       1086      10306      10306       1.10       0.46     9373.72    10261.23    10306   
12708252.00    4005       372        4377       9495       1128      10623      10623       1.10       0.44     9639.24    9995.71     10623   
12812418.00    3954       375        4329       9546       1125      10671      10671       1.10       0.43     9672.87    9962.08     10671   
12916584.00    3868       365        4233       9632       1135      10767      10767       1.10       0.43     9754.92    9880.03     10767   
13020750.00    3876       372        4248       9624       1128      10752      10752       1.10       0.43     9737.89    9897.07     10752   
13124916.00    3797       359        4156       9703       1141      10844      10844       1.10       0.42     9835.65    9799.30     10844   
13229082.00    3821       351        4172       9679       1149      10828      10828       1.10       0.43     9867.23    9767.73     10828   
13333248.00    3979       366        4345       9521       1134      10655      10655       1.11       0.43     9619.64    10015.32    10655   
13437414.00    3889       347        4236       9611       1153      10764      10764       1.10       0.43     9743.42    9891.53     10764   
13541580.00    3790       338        4128       9710       1162      10872      10872       1.10       0.42     9846.06    9788.89     10872   
13645746.00    3685       340        4025       9815       1160      10975      10975       1.10       0.42     9963.33    9671.63     10975   
13749912.00    3709       325        4034       9791       1175      10966      10966       1.11       0.41     9883.23    9751.73     10966   
13854078.00    3583       301        3884       9917       1199      11116      11116       1.11       0.40     10011.17   9623.79     11116   
13958244.00    3536       281        3817       9964       1219      11183      11183       1.11       0.40     10078.45   9556.50     11183   
14062410.00    3545       303        3848       9955       1197      11152      11152       1.11       0.40     10019.10   9615.85     11152   
14166576.00    3447       331        3778      10053       1169      11222      11222       1.12       0.39     10033.37   9601.58     11222   
14270742.00    3397       313        3710      10103       1187      11290      11290       1.11       0.39     10136.66   9498.29     11290   
14374908.00    3311       310        3621      10189       1190      11379      11379       1.11       0.39     10242.31   9392.65     11379   
14479074.00    3251       309        3560      10249       1191      11440      11440       1.12       0.38     10247.27   9387.69     11440   
14583240.00    3308       304        3612      10192       1196      11388      11388       1.12       0.38     10206.27   9428.69     11388   
14687406.00    3098       274        3372      10402       1226      11628      11628       1.12       0.37     10420.81   9214.15     11628   
14791572.00    2918       255        3173      10582       1245      11827      11827       1.11       0.35     10636.43   8998.53     11827   
14895738.00    2994       263        3257      10506       1237      11743      11743       1.11       0.36     10538.35   9096.61     11743   
14999904.00    2953       254        3207      10547       1246      11793      11793       1.11       0.35     10585.63   9049.33     11793   
15104070.00    3109       271        3380      10391       1229      11620      11620       1.11       0.37     10454.98   9179.97     11620   
15208236.00    3034       247        3281      10466       1253      11719      11719       1.11       0.36     10555.65   9079.30     11719   
15312402.00    3097       262        3359      10403       1238      11641      11641       1.11       0.37     10466.74   9168.22     11641   
15416568.00    3054       249        3303      10446       1251      11697      11697       1.11       0.36     10563.38   9071.58     11697   
15520734.00    3019       251        3270      10481       1249      11730      11730       1.11       0.36     10599.33   9035.62     11730   
15624900.00    3053       261        3314      10447       1239      11686      11686       1.10       0.37     10611.98   9022.98     11686   
15729066.00    3115       256        3371      10385       1244      11629      11629       1.10       0.37     10525.07   9109.89     11629   
15833232.00    3021       242        3263      10479       1258      11737      11737       1.11       0.36     10573.64   9061.32     11737   
15937398.00    3167       280        3447      10333       1220      11553      11553       1.11       0.37     10427.88   9207.08     11553   
16041564.00    3016       244        3260      10484       1256      11740      11740       1.11       0.36     10546.21   9088.74     11740   
16145730.00    2862       233        3095      10638       1267      11905      11905       1.11       0.35     10684.37   8950.58     11905   
16249896.00    2978       240        3218      10522       1260      11782      11782       1.11       0.36     10595.25   9039.71     11782   
16354062.00    3235       289        3524      10265       1211      11476      11476       1.11       0.38     10335.46   9299.49     11476   
16458228.00    3326       292        3618      10174       1208      11382      11382       1.10       0.39     10302.84   9332.12     11382   
16562394.00    3320       278        3598      10180       1222      11402      11402       1.10       0.39     10328.73   9306.23     11402   
16666560.00    3181       270        3451      10319       1230      11549      11549       1.11       0.38     10450.67   9184.28     11549   
16770726.00    3247       291        3538      10253       1209      11462      11462       1.11       0.38     10371.99   9262.96     11462   
16874892.00    3313       279        3592      10187       1221      11408      11408       1.10       0.39     10389.45   9245.50     11408   
16979058.00    3515       314        3829       9985       1186      11171      11171       1.11       0.40     10065.40   9569.55     11171   
17083224.00    3472       308        3780      10028       1192      11220      11220       1.11       0.40     10118.61   9516.35     11220   
17187390.00    3450       315        3765      10050       1185      11235      11235       1.10       0.40     10178.24   9456.72     11235   
17291556.00    3408       313        3721      10092       1187      11279      11279       1.11       0.39     10197.34   9437.62     11279   
17395722.00    3322       293        3615      10178       1207      11385      11385       1.11       0.39     10284.29   9350.67     11385   
17499888.00    3148       278        3426      10352       1222      11574      11574       1.11       0.37     10464.22   9170.74     11574   
17604054.00    3239       288        3527      10261       1212      11473      11473       1.11       0.38     10298.60   9336.35     11473   
17708220.00    3415       308        3723      10085       1192      11277      11277       1.12       0.39     10066.71   9568.25     11277   
17812386.00    3105       250        3355      10395       1250      11645      11645       1.12       0.36     10399.84   9235.11     11645   
17916552.00    2868       225        3093      10632       1275      11907      11907       1.12       0.34     10645.91   8989.05     11907   
18020718.00    2834       225        3059      10666       1275      11941      11941       1.12       0.34     10707.08   8927.87     11941   
18124884.00    2978       244        3222      10522       1256      11778      11778       1.11       0.36     10589.77   9045.19     11778   
18229050.00    2957       241        3198      10543       1259      11802      11802       1.11       0.36     10645.39   8989.57     11802   
18333216.00    3009       257        3266      10491       1243      11734      11734       1.11       0.36     10571.61   9063.35     11734   
18437382.00    3007       237        3244      10493       1263      11756      11756       1.11       0.36     10602.37   9032.59     11756   
18541548.00    3124       262        3386      10376       1238      11614      11614       1.11       0.37     10483.12   9151.84     11614   
18645714.00    3114       250        3364      10386       1250      11636      11636       1.10       0.37     10580.07   9054.89     11636   
18749880.00    3093       272        3365      10407       1228      11635      11635       1.11       0.37     10509.23   9125.72     11635   
18854046.00    3124       260        3384      10376       1240      11616      11616       1.11       0.37     10472.24   9162.72     11616   
18958212.00    3044       244        3288      10456       1256      11712      11712       1.11       0.36     10559.21   9075.74     11712   
19062378.00    3031       251        3282      10469       1249      11718      11718       1.11       0.36     10575.25   9059.71     11718   
19166544.00    3234       277        3511      10266       1223      11489      11489       1.10       0.38     10457.64   9177.32     11489   
19270710.00    3214       265        3479      10286       1235      11521      11521       1.10       0.38     10499.30   9135.65     11521   
19374876.00    3101       256        3357      10399       1244      11643      11643       1.10       0.37     10591.31   9043.64     11643   
19479042.00    3248       285        3533      10252       1215      11467      11467       1.11       0.38     10345.85   9289.10     11467   
19583208.00    3293       285        3578      10207       1215      11422      11422       1.11       0.38     10301.74   9333.21     11422   
19687374.00    3273       282        3555      10227       1218      11445      11445       1.11       0.38     10349.03   9285.93     11445   
19791540.00    3255       286        3541      10245       1214      11459      11459       1.11       0.38     10350.12   9284.83     11459   
19895706.00    3238       276        3514      10262       1224      11486      11486       1.11       0.38     10345.75   9289.20     11486   
19999872.00    3253       284        3537      10247       1216      11463      11463       1.11       0.38     10348.83   9286.12     11463   
20104038.00    3266       293        3559      10234       1207      11441      11441       1.11       0.38     10335.59   9299.37     11441   
20208204.00    3368       304        3672      10132       1196      11328      11328       1.11       0.39     10195.45   9439.51     11328   
20312370.00    3211       284        3495      10289       1216      11505      11505       1.12       0.37     10305.34   9329.62     11505   
20416536.00    2978       274        3252      10522       1226      11748      11748       1.12       0.35     10462.76   9172.20     11748   
20520702.00    2926       253        3179      10574       1247      11821      11821       1.12       0.35     10549.36   9085.59     11821   
20624868.00    2827       243        3070      10673       1257      11930      11930       1.11       0.34     10722.05   8912.91     11930   
20729034.00    2826       252        3078      10674       1248      11922      11922       1.11       0.34     10706.67   8928.28     11922   
20833200.00    2839       259        3098      10661       1241      11902      11902       1.11       0.35     10712.22   8922.73     11902   
20937366.00    2769       248        3017      10731       1252      11983      11983       1.11       0.34     10762.33   8872.63     11983   
21041532.00    2862       265        3127      10638       1235      11873      11873       1.11       0.35     10731.53   8903.42     11873   
21145698.00    2954       246        3200      10546       1254      11800      11800       1.11       0.36     10665.02   8969.93     11800   
21249864.00    2986       259        3245      10514       1241      11755      11755       1.11       0.36     10632.18   9002.78     11755   
21354030.00    3055       246        3301      10445       1254      11699      11699       1.11       0.36     10551.41   9083.54     11699   
21458196.00    3038       258        3296      10462       1242      11704      11704       1.11       0.36     10560.66   9074.29     11704   
21562362.00    2995       246        3241      10505       1254      11759      11759       1.11       0.36     10631.33   9003.62     11759   
21666528.00    2894       256        3150      10606       1244      11850      11850       1.10       0.35     10747.50   8887.46     11850   
21770694.00    3116       276        3392      10384       1224      11608      11608       1.10       0.37     10550.48   9084.48     11608   
21874860.00    3223       286        3509      10277       1214      11491      11491       1.10       0.38     10412.15   9222.81     11491   
21979026.00    3143       263        3406      10357       1237      11594      11594       1.10       0.37     10540.43   9094.53     11594   
22083192.00    3094       250        3344      10406       1250      11656      11656       1.10       0.37     10584.41   9050.54     11656   
22187358.00    3350       274        3624      10150       1226      11376      11376       1.10       0.39     10349.20   9285.76     11376   
22291524.00    3232       268        3500      10268       1232      11500      11500       1.11       0.38     10385.45   9249.50     11500   
22395690.00    3212       258        3470      10288       1242      11530      11530       1.11       0.38     10428.05   9206.91     11530   
22499856.00    3123       247        3370      10377       1253      11630      11630       1.10       0.37     10526.81   9108.14     11630   
22604022.00    3489       288        3777      10011       1212      11223      11223       1.11       0.40     10137.38   9497.58     11223   
22708188.00    3200       261        3461      10300       1239      11539      11539       1.11       0.38     10424.90   9210.05     11539   
22812354.00    3303       293        3596      10197       1207      11404      11404       1.12       0.38     10217.95   9417.00     11404   
22916520.00    3312       301        3613      10188       1199      11387      11387       1.12       0.38     10151.71   9483.24     11387   
23020686.00    3284       292        3576      10216       1208      11424      11424       1.12       0.38     10200.35   9434.60     11424   
23124852.00    3271       284        3555      10229       1216      11445      11445       1.11       0.38     10267.10   9367.86     11445   
23229018.00    3373       303        3676      10127       1197      11324      11324       1.11       0.39     10215.39   9419.56     11324   
23333184.00    3201       282        3483      10299       1218      11517      11517       1.11       0.38     10366.42   9268.53     11517   
23437350.00    3001       259        3260      10499       1241      11740      11740       1.11       0.36     10554.45   9080.51     11740   
23541516.00    3042       261        3303      10458       1239      11697      11697       1.12       0.36     10468.11   9166.85     11697   
23645682.00    3116       262        3378      10384       1238      11622      11622       1.12       0.37     10422.01   9212.95     11622   
23749848.00    3275       276        3551      10225       1224      11449      11449       1.11       0.38     10322.76   9312.20     11449   
23854014.00    3288       287        3575      10212       1213      11425      11425       1.11       0.38     10319.47   9315.48     11425   
23958180.00    3262       297        3559      10238       1203      11441      11441       1.11       0.38     10310.19   9324.77     11441   
24062346.00    3090       302        3392      10410       1198      11608      11608       1.11       0.37     10483.47   9151.49     11608   
24166512.00    3271       305        3576      10229       1195      11424      11424       1.11       0.38     10285.44   9349.52     11424   
24270678.00    3198       292        3490      10302       1208      11510      11510       1.11       0.38     10344.77   9290.18     11510   
24374844.00    3045       296        3341      10455       1204      11659      11659       1.11       0.37     10543.60   9091.36     11659   
24479010.00    3048       289        3337      10452       1211      11663      11663       1.11       0.37     10517.52   9117.44     11663   
24583176.00    3238       282        3520      10262       1218      11480      11480       1.11       0.38     10348.87   9286.08     11480   
24687342.00    3283       293        3576      10217       1207      11424      11424       1.10       0.39     10350.10   9284.85     11424   
24791508.00    3209       279        3488      10291       1221      11512      11512       1.10       0.38     10430.27   9204.69     11512   
24895674.00    3187       276        3463      10313       1224      11537      11537       1.10       0.38     10481.92   9153.03     11537   
24999840.00    3283       293        3576      10217       1207      11424      11424       1.10       0.39     10363.52   9271.44     11424   
25104006.00    3328       304        3632      10172       1196      11368      11368       1.11       0.39     10245.31   9389.65     11368   
25208172.00    3262       275        3537      10238       1225      11463      11463       1.11       0.38     10296.45   9338.51     11463   
25312338.00    3095       297        3392      10405       1203      11608      11608       1.12       0.37     10395.44   9239.52     11608   
25416504.00    3070       276        3346      10430       1224      11654      11654       1.12       0.36     10426.25   9208.70     11654   
25520670.00    3032       260        3292      10468       1240      11708      11708       1.11       0.36     10504.78   9130.18     11708   
25624836.00    2932       261        3193      10568       1239      11807      11807       1.11       0.35     10627.99   9006.96     11807   
25729002.00    2938       265        3203      10562       1235      11797      11797       1.11       0.35     10608.64   9026.32     11797   
25833168.00    2945       262        3207      10555       1238      11793      11793       1.11       0.36     10633.74   9001.22     11793   
25937334.00    2918       251        3169      10582       1249      11831      11831       1.11       0.35     10625.65   9009.30     11831   
26041500.00    2934       254        3188      10566       1246      11812      11812       1.12       0.35     10577.87   9057.09     11812   
26145666.00    2812       232        3044      10688       1268      11956      11956       1.11       0.34     10802.53   8832.43     11956   
26249832.00    2842       258        3100      10658       1242      11900      11900       1.10       0.35     10795.35   8839.60     11900   
26353998.00    2883       269        3152      10617       1231      11848      11848       1.10       0.35     10747.59   8887.37     11848   
26458164.00    2804       264        3068      10696       1236      11932      11932       1.10       0.35     10831.23   8803.72     11932   
26562330.00    2835       272        3107      10665       1228      11893      11893       1.10       0.35     10771.19   8863.76     11893   
26666496.00    2973       274        3247      10527       1226      11753      11753       1.10       0.36     10674.59   8960.37     11753   
26770662.00    2999       278        3277      10501       1222      11723      11723       1.10       0.37     10672.45   8962.50     11723   
26874828.00    2994       276        3270      10506       1224      11730      11730       1.10       0.36     10668.73   8966.23     11730   
26978994.00    3363       320        3683      10137       1180      11317      11317       1.11       0.39     10234.23   9400.72     11317   
27083160.00    3017       284        3301      10483       1216      11699      11699       1.10       0.37     10647.15   8987.80     11699   
27187326.00    3050       268        3318      10450       1232      11682      11682       1.10       0.37     10663.45   8971.51     11682   
27291492.00    3335       298        3633      10165       1202      11367      11367       1.09       0.39     10383.81   9251.14     11367   
27395658.00    3418       304        3722      10082       1196      11278      11278       1.10       0.40     10236.75   9398.20     11278   
27499824.00    3142       304        3446      10358       1196      11554      11554       1.10       0.38     10497.59   9137.36     11554   
27603990.00    3022       275        3297      10478       1225      11703      11703       1.10       0.37     10605.59   9029.36     11703   
27708156.00    3049       277        3326      10451       1223      11674      11674       1.11       0.36     10515.38   9119.57     11674   
27812322.00    3266       294        3560      10234       1206      11440      11440       1.11       0.38     10317.94   9317.01     11440   
27916488.00    3224       292        3516      10276       1208      11484      11484       1.11       0.38     10380.38   9254.58     11484   
28020654.00    3396       311        3707      10104       1189      11293      11293       1.10       0.39     10247.87   9387.09     11293   
28124820.00    3346       334        3680      10154       1166      11320      11320       1.11       0.39     10213.48   9421.48     11320   
28228986.00    3161       290        3451      10339       1210      11549      11549       1.11       0.37     10423.65   9211.30     11549   
28333152.00    3012       292        3304      10488       1208      11696      11696       1.11       0.36     10565.39   9069.57     11696   
28437318.00    2946       263        3209      10554       1237      11791      11791       1.11       0.36     10669.39   8965.57     11791   
28541484.00    3070       271        3341      10430       1229      11659      11659       1.11       0.37     10488.54   9146.42     11659   
28645650.00    2862       246        3108      10638       1254      11892      11892       1.11       0.35     10672.15   8962.80     11892   
28749816.00    2754       230        2984      10746       1270      12016      12016       1.11       0.34     10785.21   8849.74     12016   
28853982.00    2809       250        3059      10691       1250      11941      11941       1.10       0.35     10810.83   8824.13     11941   
28958148.00    2999       271        3270      10501       1229      11730      11730       1.11       0.36     10600.61   9034.35     11730   
29062314.00    2976       250        3226      10524       1250      11774      11774       1.11       0.36     10653.36   8981.59     11774   
29166480.00    2986       251        3237      10514       1249      11763      11763       1.11       0.36     10604.97   9029.98     11763   
29270646.00    3028       255        3283      10472       1245      11717      11717       1.11       0.36     10591.81   9043.14     11717   
29374812.00    3024       254        3278      10476       1246      11722      11722       1.11       0.36     10581.59   9053.37     11722   
29478978.00    3074       256        3330      10426       1244      11670      11670       1.11       0.36     10497.00   9137.96     11670   
29583144.00    3016       256        3272      10484       1244      11728      11728       1.11       0.36     10552.31   9082.65     11728   
29687310.00    2941       266        3207      10559       1234      11793      11793       1.11       0.36     10606.10   9028.85     11793   
29791476.00    2975       248        3223      10525       1252      11777      11777       1.11       0.36     10600.82   9034.14     11777   
29895642.00    2857       249        3106      10643       1251      11894      11894       1.11       0.35     10746.56   8888.40     11894   
29999808.00    2852       247        3099      10648       1253      11901      11901       1.11       0.35     10734.71   8900.24     11901   
30103974.00    2892       268        3160      10608       1232      11840      11840       1.10       0.35     10732.45   8902.50     11840   
30208140.00    3143       287        3430      10357       1213      11570      11570       1.11       0.37     10421.56   9213.40     11570   
30312306.00    3117       268        3385      10383       1232      11615      11615       1.11       0.37     10470.96   9164.00     11615   
30416472.00    3201       287        3488      10299       1213      11512      11512       1.11       0.38     10353.96   9280.99     11512   
30520638.00    2993       266        3259      10507       1234      11741      11741       1.10       0.36     10629.34   9005.61     11741   
30624804.00    2990       252        3242      10510       1248      11758      11758       1.11       0.36     10639.05   8995.91     11758   
30728970.00    3110       258        3368      10390       1242      11632      11632       1.10       0.37     10546.49   9088.47     11632   
30833136.00    3194       275        3469      10306       1225      11531      11531       1.10       0.38     10483.04   9151.91     11531   
30937302.00    3207       265        3472      10293       1235      11528      11528       1.10       0.38     10443.93   9191.03     11528   
31041468.00    3075       271        3346      10425       1229      11654      11654       1.11       0.37     10535.83   9099.12     11654   
31145634.00    2888       259        3147      10612       1241      11853      11853       1.10       0.35     10757.95   8877.01     11853   
31249800.00    3013       263        3276      10487       1237      11724      11724       1.10       0.37     10705.10   8929.86     11724   
31353966.00    3123       279        3402      10377       1221      11598      11598       1.09       0.38     10641.80   8993.16     11598   
31458132.00    3324       307        3631      10176       1193      11369      11369       1.10       0.39     10353.75   9281.20     11369   
31562298.00    3281       311        3592      10219       1189      11408      11408       1.10       0.39     10400.35   9234.61     11408   
31666464.00    3285       294        3579      10215       1206      11421      11421       1.10       0.39     10379.60   9255.35     11421   
31770630.00    3121       258        3379      10379       1242      11621      11621       1.10       0.37     10584.17   9050.79     11621   
31874796.00    3053       266        3319      10447       1234      11681      11681       1.10       0.37     10635.20   8999.76     11681   
31978962.00    3101       263        3364      10399       1237      11636      11636       1.10       0.37     10545.23   9089.73     11636   
32083128.00    3049       275        3324      10451       1225      11676      11676       1.10       0.37     10645.01   8989.94     11676   
32187294.00    3156       288        3444      10344       1212      11556      11556       1.10       0.38     10519.52   9115.43     11556   
32291460.00    3130       282        3412      10370       1218      11588      11588       1.10       0.37     10524.74   9110.22     11588   
32395626.00    3373       320        3693      10127       1180      11307      11307       1.10       0.40     10301.47   9333.48     11307   
32499792.00    3328       317        3645      10172       1183      11355      11355       1.10       0.39     10344.14   9290.81     11355   
32603958.00    3082       289        3371      10418       1211      11629      11629       1.10       0.37     10606.86   9028.10     11629   
32708124.00    3013       286        3299      10487       1214      11701      11701       1.10       0.37     10603.97   9030.98     11701   
32812290.00    2996       263        3259      10504       1237      11741      11741       1.10       0.36     10628.98   9005.97     11741   
32916456.00    3003       261        3264      10497       1239      11736      11736       1.11       0.36     10580.93   9054.02     11736   
33020622.00    2759       225        2984      10741       1275      12016      12016       1.11       0.34     10854.23   8780.73     12016   
33124788.00    2683       228        2911      10817       1272      12089      12089       1.10       0.34     10950.03   8684.92     12089   
33228954.00    2798       231        3029      10702       1269      11971      11971       1.11       0.34     10816.99   8817.96     11971   
33333120.00    2689       226        2915      10811       1274      12085      12085       1.10       0.34     10987.87   8647.09     12085   
33437286.00    2927       237        3164      10573       1263      11836      11836       1.09       0.36     10819.84   8815.12     11836   
33541452.00    3145       270        3415      10355       1230      11585      11585       1.09       0.38     10640.28   8994.68     11585   
33645618.00    3373       284        3657      10127       1216      11343      11343       1.10       0.39     10339.94   9295.01     11343   
33749784.00    3036       270        3306      10464       1230      11694      11694       1.10       0.37     10621.13   9013.82     11694   
33853950.00    2838       239        3077      10662       1261      11923      11923       1.10       0.35     10795.19   8839.77     11923   
33958116.00    2905       260        3165      10595       1240      11835      11835       1.10       0.36     10724.97   8909.99     11835   
34062282.00    3090       265        3355      10410       1235      11645      11645       1.10       0.37     10613.26   9021.70     11645   
34166448.00    3128       275        3403      10372       1225      11597      11597       1.10       0.38     10585.90   9049.06     11597   
34270614.00    3302       312        3614      10198       1188      11386      11386       1.10       0.39     10380.02   9254.94     11386   
34374780.00    3263       297        3560      10237       1203      11440      11440       1.10       0.39     10427.41   9207.54     11440   
34478946.00    3365       308        3673      10135       1192      11327      11327       1.10       0.39     10326.76   9308.19     11327   
34583112.00    3432       323        3755      10068       1177      11245      11245       1.10       0.40     10267.90   9367.05     11245   
34687278.00    3305       291        3596      10195       1209      11404      11404       1.10       0.39     10395.25   9239.71     11404   
34791444.00    3254       304        3558      10246       1196      11442      11442       1.09       0.39     10501.34   9133.62     11442   
34895610.00    3407       299        3706      10093       1201      11294      11294       1.09       0.40     10316.57   9318.39     11294   
34999776.00    3383       310        3693      10117       1190      11307      11307       1.10       0.40     10311.47   9323.48     11307   
35103942.00    3245       278        3523      10255       1222      11477      11477       1.10       0.38     10445.04   9189.92     11477   
35208108.00    3312       299        3611      10188       1201      11389      11389       1.10       0.39     10376.48   9258.48     11389   
35312274.00    3310       300        3610      10190       1200      11390      11390       1.09       0.39     10444.65   9190.31     11390   
35416440.00    3300       297        3597      10200       1203      11403      11403       1.09       0.39     10456.11   9178.85     11403   
35520606.00    3326       297        3623      10174       1203      11377      11377       1.10       0.39     10349.89   9285.07     11377   
35624772.00    3314       263        3577      10186       1237      11423      11423       1.11       0.38     10309.64   9325.32     11423   
35728938.00    3281       269        3550      10219       1231      11450      11450       1.10       0.38     10397.17   9237.78     11450   
35833104.00    3352       307        3659      10148       1193      11341      11341       1.10       0.39     10288.51   9346.45     11341   
35937270.00    3334       291        3625      10166       1209      11375      11375       1.10       0.39     10313.30   9321.66     11375   
36041436.00    3193       285        3478      10307       1215      11522      11522       1.10       0.38     10436.04   9198.91     11522   
36145602.00    3144       271        3415      10356       1229      11585      11585       1.10       0.38     10551.18   9083.78     11585   
36249768.00    3168       272        3440      10332       1228      11560      11560       1.10       0.38     10513.06   9121.90     11560   
36353934.00    3211       284        3495      10289       1216      11505      11505       1.10       0.38     10435.82   9199.13     11505   
36458100.00    3319       288        3607      10181       1212      11393      11393       1.10       0.39     10345.86   9289.09     11393   
36562266.00    3165       302        3467      10335       1198      11533      11533       1.09       0.38     10537.72   9097.23     11533   
36666432.00    3234       295        3529      10266       1205      11471      11471       1.09       0.39     10565.35   9069.60     11471   
36770598.00    3529       332        3861       9971       1168      11139      11139       1.09       0.41     10189.52   9445.44     11139   
36874764.00    3648       340        3988       9852       1160      11012      11012       1.10       0.41     10006.88   9628.08     11012   
36978930.00    3424       314        3738      10076       1186      11262      11262       1.10       0.40     10219.11   9415.85     11262   
37083096.00    3281       292        3573      10219       1208      11427      11427       1.10       0.38     10349.11   9285.85     11427   
37187262.00    3083       288        3371      10417       1212      11629      11629       1.11       0.37     10483.81   9151.14     11629   
37291428.00    2948       263        3211      10552       1237      11789      11789       1.11       0.36     10636.38   8998.57     11789   
37395594.00    3042       259        3301      10458       1241      11699      11699       1.11       0.36     10556.46   9078.50     11699   
37499760.00    2962       247        3209      10538       1253      11791      11791       1.10       0.36     10728.07   8906.88     11791   
37603926.00    3057       251        3308      10443       1249      11692      11692       1.10       0.37     10604.75   9030.20     11692   
37708092.00    2964       247        3211      10536       1253      11789      11789       1.09       0.36     10788.13   8846.82     11789   
37812258.00    3349       299        3648      10151       1201      11352      11352       1.10       0.39     10294.38   9340.58     11352   
37916424.00    3249       292        3541      10251       1208      11459      11459       1.11       0.38     10328.60   9306.36     11459   
38020590.00    3334       314        3648      10166       1186      11352      11352       1.11       0.39     10207.33   9427.63     11352   
38124756.00    3357       303        3660      10143       1197      11340      11340       1.12       0.39     10169.87   9465.08     11340   
38228922.00    3193       265        3458      10307       1235      11542      11542       1.11       0.37     10389.36   9245.60     11542   
38333088.00    3114       265        3379      10386       1235      11621      11621       1.11       0.37     10511.77   9123.19     11621   
38437254.00    2983       283        3266      10517       1217      11734      11734       1.10       0.36     10679.19   8955.77     11734   
38541420.00    2987       252        3239      10513       1248      11761      11761       1.11       0.36     10606.63   9028.32     11761   
38645586.00    3215       290        3505      10285       1210      11495      11495       1.11       0.38     10360.12   9274.84     11495   
38749752.00    3203       298        3501      10297       1202      11499      11499       1.11       0.38     10358.10   9276.85     11499   
38853918.00    3117       283        3400      10383       1217      11600      11600       1.11       0.37     10460.49   9174.46     11600   
38958084.00    3232       288        3520      10268       1212      11480      11480       1.11       0.38     10332.19   9302.76     11480   
39062250.00    3218       295        3513      10282       1205      11487      11487       1.11       0.38     10311.07   9323.89     11487   
39166416.00    3243       288        3531      10257       1212      11469      11469       1.12       0.38     10275.12   9359.84     11469   
39270582.00    3159       280        3439      10341       1220      11561      11561       1.11       0.37     10388.82   9246.14     11561   
39374748.00    3195       299        3494      10305       1201      11506      11506       1.12       0.37     10311.69   9323.27     11506   
39478914.00    3078       287        3365      10422       1213      11635      11635       1.12       0.37     10418.90   9216.05     11635   
39583080.00    3033       291        3324      10467       1209      11676      11676       1.12       0.36     10422.00   9212.95     11676   
39687246.00    2950       286        3236      10550       1214      11764      11764       1.12       0.36     10542.11   9092.85     11764   
39791412.00    2795       247        3042      10705       1253      11958      11958       1.11       0.34     10730.82   8904.13     11958   
39895578.00    2660       230        2890      10840       1270      12110      12110       1.11       0.33     10868.50   8766.46     12110   
39999744.00    2745       247        2992      10755       1253      12008      12008       1.11       0.34     10836.13   8798.82     12008   
40103910.00    2943       277        3220      10557       1223      11780      11780       1.11       0.36     10616.61   9018.35     11780   
40208076.00    2860       255        3115      10640       1245      11885      11885       1.11       0.35     10729.58   8905.37     11885   
40312242.00    2935       262        3197      10565       1238      11803      11803       1.11       0.36     10673.52   8961.43     11803   
40416408.00    2918       267        3185      10582       1233      11815      11815       1.10       0.36     10707.64   8927.31     11815   
40520574.00    2998       289        3287      10502       1211      11713      11713       1.11       0.36     10567.33   9067.63     11713   
40624740.00    3519       331        3850       9981       1169      11150      11150       1.12       0.40     9992.26    9642.70     11150   
40728906.00    3397       310        3707      10103       1190      11293      11293       1.11       0.39     10165.59   9469.36     11293   
40833072.00    3562       323        3885       9938       1177      11115      11115       1.12       0.40     9967.21    9667.74     11115   
40937238.00    3634       342        3976       9866       1158      11024      11024       1.12       0.41     9874.69    9760.27     11024   
41041404.00    3369       325        3694      10131       1175      11306      11306       1.11       0.39     10165.35   9469.60     11306   
41145570.00    3501       324        3825       9999       1176      11175      11175       1.11       0.40     10040.99   9593.96     11175   
41249736.00    3476       314        3790      10024       1186      11210      11210       1.11       0.40     10091.56   9543.40     11210   
41353902.00    3388       321        3709      10112       1179      11291      11291       1.11       0.39     10167.15   9467.81     11291   
41458068.00    3395       305        3700      10105       1195      11300      11300       1.11       0.39     10143.69   9491.26     11300   
41562234.00    3192       295        3487      10308       1205      11513      11513       1.11       0.37     10328.29   9306.66     11513   
41666400.00    2955       262        3217      10545       1238      11783      11783       1.12       0.35     10538.46   9096.50     11783   
