 Timestep    Gas_A      Gas_B     Gas_tot    Dense_A    Dense_B   Dense_tot   Lg_clust  DP_density GP_density Clust_area  Gas_area     MCS    
   0.00      10500       4500      15000        0          0          0          5         0.00       0.76       0.00     19634.96      0     
145833.00     8933       3829      12762       1567       671        2238       2238       0.96       0.74     2342.63    17292.32     2238   
291666.00     6629       2789       9418       3871       1711       5582       5582       0.99       0.67     5645.92    13989.03     5582   
437499.00     4428       1856       6284       6072       2644       8716       8716       1.03       0.56     8427.70    11207.25     8716   
583332.00     3776       1549       5325       6724       2951       9675       9675       1.07       0.50     9019.59    10615.37     9675   
729165.00     2869       1136       4005       7631       3364      10995       5395       1.09       0.42     10072.19   9562.77      3665   
874998.00     2805       1091       3896       7695       3409      11104      11104       1.11       0.40     10013.65   9621.31     11104   
1020831.00    2571       1030       3601       7929       3470      11399      11399       1.12       0.38     10194.90   9440.06     11399   
1166664.00    2340       927        3267       8160       3573      11733      11733       1.12       0.36     10497.30   9137.65     11733   
1312497.00    1712       667        2379       8788       3833      12621      12621       1.12       0.29     11312.25   8322.70     12621   
1458330.00    1514       600        2114       8986       3900      12886      12886       1.11       0.26     11582.43   8052.52     12886   
1604163.00    1638       661        2299       8862       3839      12701      12701       1.12       0.28     11384.03   8250.92     12701   
1749996.00    1655       681        2336       8845       3819      12664      12664       1.12       0.28     11280.10   8354.85     12664   
1895829.00    1575       609        2184       8925       3891      12816      12816       1.13       0.26     11336.80   8298.15     12816   
2041662.00    1593       603        2196       8907       3897      12804      12804       1.13       0.26     11301.26   8333.69     12804   
2187495.00    1471       561        2032       9029       3939      12968      12968       1.14       0.25     11363.79   8271.17     12968   
2333328.00    1447       592        2039       9053       3908      12961      12961       1.15       0.24     11294.65   8340.31     12961   
2479161.00    1289       548        1837       9211       3952      13163      13163       1.14       0.23     11511.95   8123.00     13163   
2624994.00    1382       610        1992       9118       3890      13008      13008       1.14       0.24     11438.29   8196.66     13008   
2770827.00    1389       559        1948       9111       3941      13052      13052       1.14       0.24     11457.87   8177.08     13052   
2916660.00    1381       548        1929       9119       3952      13071      13071       1.14       0.24     11444.21   8190.75     13071   
3062493.00    1376       536        1912       9124       3964      13088      13088       1.14       0.24     11508.01   8126.95     13088   
3208326.00    1309       554        1863       9191       3946      13137      13137       1.13       0.23     11640.92   7994.04     13137   
3354159.00    1520       591        2111       8980       3909      12889      12889       1.13       0.26     11433.90   8201.06     12889   
3499992.00    1477       590        2067       9023       3910      12933      12933       1.13       0.25     11456.87   8178.09     12933   
3645825.00    1431       568        1999       9069       3932      13001      13001       1.13       0.24     11460.38   8174.57     13001   
3791658.00    1550       595        2145       8950       3905      12855      12855       1.14       0.26     11249.46   8385.49     12855   
3937491.00    1383       505        1888       9117       3995      13112      13112       1.14       0.23     11541.22   8093.73     13112   
4083324.00    1352       491        1843       9148       4009      13157      13157       1.13       0.23     11598.75   8036.21     13157   
4229157.00    1301       508        1809       9199       3992      13191      13191       1.13       0.23     11697.93   7937.03     13191   
4374990.00    1595       601        2196       8905       3899      12804      12804       1.13       0.26     11303.88   8331.08     12804   
4520823.00    1597       595        2192       8903       3905      12808      12808       1.14       0.26     11251.55   8383.41     12808   
4666656.00    1327       511        1838       9173       3989      13162      13162       1.14       0.23     11532.73   8102.22     13162   
4812489.00    1215       438        1653       9285       4062      13347      13347       1.14       0.21     11707.91   7927.04     13347   
4958322.00    1197       405        1602       9303       4095      13398      13398       1.14       0.20     11787.30   7847.66     13398   
5104155.00    1326       483        1809       9174       4017      13191      13191       1.13       0.23     11715.92   7919.04     13191   
5249988.00    1551       616        2167       8949       3884      12833      12833       1.13       0.26     11362.16   8272.79     12833   
5395821.00    1494       562        2056       9006       3938      12944      12944       1.14       0.25     11368.04   8266.92     12944   
5541654.00    1474       553        2027       9026       3947      12973      12973       1.14       0.25     11364.99   8269.96     12973   
5687487.00    1360       550        1910       9140       3950      13090      13090       1.14       0.24     11524.59   8110.36     13090   
5833320.00    1276       497        1773       9224       4003      13227      13227       1.14       0.22     11604.71   8030.25     13227   
5979153.00    1379       516        1895       9121       3984      13105      13105       1.13       0.23     11548.50   8086.45     13105   
6124986.00    1389       557        1946       9111       3943      13054      13054       1.14       0.24     11442.02   8192.94     13054   
6270819.00    1450       544        1994       9050       3956      13006      13006       1.15       0.24     11322.63   8312.32     13006   
6416652.00    1407       485        1892       9093       4015      13108      13108       1.14       0.23     11456.45   8178.51     13108   
6562485.00    1403       481        1884       9097       4019      13116      13116       1.14       0.23     11504.89   8130.06     13116   
6708318.00    1414       510        1924       9086       3990      13076      13076       1.14       0.24     11517.96   8117.00     13076   
6854151.00    1410       526        1936       9090       3974      13064      13064       1.14       0.24     11499.65   8135.31     13064   
6999984.00    1299       499        1798       9201       4001      13202      13202       1.14       0.22     11579.22   8055.73     13202   
7145817.00    1364       512        1876       9136       3988      13124      13124       1.15       0.23     11447.18   8187.77     13124   
7291650.00    1368       490        1858       9132       4010      13142      13142       1.14       0.23     11539.59   8095.36     13142   
7437483.00    1366       529        1895       9134       3971      13105      13105       1.14       0.23     11482.23   8152.73     13105   
7583316.00    1405       490        1895       9095       4010      13105      13105       1.14       0.23     11519.81   8115.14     13105   
7729149.00    1567       591        2158       8933       3909      12842      12842       1.14       0.26     11289.84   8345.12     12842   
7874982.00    1613       592        2205       8887       3908      12795      12795       1.15       0.26     11152.81   8482.15     12795   
8020815.00    1435       581        2016       9065       3919      12984      12984       1.15       0.24     11310.13   8324.83     12984   
8166648.00    1354       502        1856       9146       3998      13144      13144       1.14       0.23     11489.49   8145.46     13144   
8312481.00    1398       511        1909       9102       3989      13091      13091       1.14       0.23     11483.59   8151.36     13091   
8458314.00    1643       603        2246       8857       3897      12754      12754       1.14       0.27     11161.25   8473.70     12754   
8604147.00    1588       526        2114       8912       3974      12886      12886       1.15       0.25     11233.25   8401.71     12886   
8749980.00    1495       518        2013       9005       3982      12987      12987       1.15       0.24     11289.91   8345.05     12987   
8895813.00    1339       499        1838       9161       4001      13162      13162       1.15       0.22     11444.75   8190.21     13162   
9041646.00    1274       451        1725       9226       4049      13275      13275       1.14       0.21     11610.78   8024.18     13275   
9187479.00    1389       483        1872       9111       4017      13128      13128       1.14       0.23     11533.70   8101.26     13128   
9333312.00    1443       550        1993       9057       3950      13007      13007       1.14       0.24     11404.07   8230.89     13007   
9479145.00    1347       520        1867       9153       3980      13133      13133       1.14       0.23     11513.36   8121.59     13133   
9624978.00    1306       506        1812       9194       3994      13188      13188       1.14       0.22     11532.86   8102.10     13188   
9770811.00    1379       506        1885       9121       3994      13115      13115       1.15       0.23     11434.16   8200.79     13115   
9916644.00    1424       526        1950       9076       3974      13050      13050       1.14       0.24     11482.81   8152.14     13050   
10062477.00    1475       581        2056       9025       3919      12944      12944       1.13       0.25     11420.67   8214.29     12944   
10208310.00    1437       572        2009       9063       3928      12991      12991       1.14       0.24     11388.03   8246.92     12991   
10354143.00    1350       531        1881       9150       3969      13119      13119       1.15       0.23     11452.59   8182.36     13119   
10499976.00    1456       565        2021       9044       3935      12979      12979       1.14       0.24     11342.14   8292.81     12979   
10645809.00    1381       551        1932       9119       3949      13068      13068       1.14       0.24     11431.54   8203.41     13068   
10791642.00    1333       551        1884       9167       3949      13116      13116       1.15       0.23     11408.94   8226.02     13116   
10937475.00    1338       509        1847       9162       3991      13153      13153       1.15       0.22     11417.37   8217.59     13153   
11083308.00    1339       529        1868       9161       3971      13132      13132       1.15       0.23     11414.08   8220.87     13132   
11229141.00    1374       528        1902       9126       3972      13098      13098       1.15       0.23     11355.50   8279.45     13098   
11374974.00    1272       498        1770       9228       4002      13230      13230       1.14       0.22     11554.76   8080.19     13230   
11520807.00    1306       502        1808       9194       3998      13192      13192       1.14       0.22     11554.87   8080.08     13192   
11666640.00    1437       537        1974       9063       3963      13026      13026       1.14       0.24     11453.90   8181.06     13026   
11812473.00    1520       556        2076       8980       3944      12924      12924       1.14       0.25     11331.37   8303.59     12924   
11958306.00    1540       570        2110       8960       3930      12890      12890       1.14       0.25     11278.50   8356.46     12890   
12104139.00    1365       532        1897       9135       3968      13103      13103       1.15       0.23     11403.82   8231.14     13103   
12249972.00    1346       523        1869       9154       3977      13131      13131       1.14       0.23     11495.64   8139.31     13131   
12395805.00    1342       529        1871       9158       3971      13129      13129       1.14       0.23     11484.70   8150.26     13129   
12541638.00    1368       560        1928       9132       3940      13072      13072       1.14       0.24     11489.33   8145.62     13072   
12687471.00    1431       547        1978       9069       3953      13022      13022       1.14       0.24     11395.20   8239.75     13022   
12833304.00    1417       540        1957       9083       3960      13043      13043       1.15       0.24     11325.23   8309.73     13043   
12979137.00    1424       542        1966       9076       3958      13034      13034       1.15       0.24     11319.46   8315.50     13034   
13124970.00    1280       490        1770       9220       4010      13230      13230       1.14       0.22     11557.57   8077.39     13230   
13270803.00    1275       494        1769       9225       4006      13231      13231       1.15       0.22     11501.29   8133.66     13231   
13416636.00    1260       481        1741       9240       4019      13259      13259       1.15       0.21     11527.00   8107.95     13259   
13562469.00    1253       439        1692       9247       4061      13308      13308       1.14       0.21     11622.88   8012.08     13308   
13708302.00    1303       481        1784       9197       4019      13216      13216       1.15       0.22     11504.53   8130.43     13216   
13854135.00    1312       490        1802       9188       4010      13198      13198       1.15       0.22     11461.22   8173.73     13198   
13999968.00    1306       492        1798       9194       4008      13202      13202       1.14       0.22     11532.85   8102.10     13202   
14145801.00    1306       481        1787       9194       4019      13213      13213       1.14       0.22     11561.75   8073.20     13213   
14291634.00    1458       539        1997       9042       3961      13003      13003       1.14       0.24     11415.15   8219.80     13003   
14437467.00    1499       547        2046       9001       3953      12954      12954       1.14       0.25     11360.57   8274.38     12954   
14583300.00    1479       548        2027       9021       3952      12973      12973       1.14       0.25     11395.22   8239.74     12973   
14729133.00    1570       578        2148       8930       3922      12852      12852       1.14       0.26     11256.60   8378.36     12852   
14874966.00    1493       572        2065       9007       3928      12935      12935       1.15       0.25     11237.62   8397.34     12935   
15020799.00    1337       512        1849       9163       3988      13151      13151       1.15       0.23     11437.63   8197.33     13151   
15166632.00    1283       517        1800       9217       3983      13200      13200       1.15       0.22     11452.67   8182.29     13200   
15312465.00    1297       556        1853       9203       3944      13147      13147       1.15       0.23     11445.08   8189.87     13147   
15458298.00    1279       504        1783       9221       3996      13217      13217       1.14       0.22     11549.14   8085.81     13217   
15604131.00    1397       489        1886       9103       4011      13114      13114       1.14       0.23     11472.60   8162.36     13114   
15749964.00    1404       524        1928       9096       3976      13072      13072       1.15       0.23     11368.53   8266.43     13072   
15895797.00    1452       512        1964       9048       3988      13036      13036       1.15       0.24     11303.77   8331.18     13036   
16041630.00    1400       503        1903       9100       3997      13097      13097       1.15       0.23     11395.98   8238.97     13097   
16187463.00    1417       488        1905       9083       4012      13095      13095       1.16       0.23     11333.20   8301.75     13095   
16333296.00    1409       484        1893       9091       4016      13107      13107       1.15       0.23     11365.58   8269.38     13107   
16479129.00    1357       469        1826       9143       4031      13174      13174       1.16       0.22     11404.57   8230.39     13174   
16624962.00    1341       492        1833       9159       4008      13167      13167       1.15       0.22     11403.87   8231.08     13167   
16770795.00    1459       507        1966       9041       3993      13034      13034       1.16       0.24     11278.97   8355.99     13034   
16916628.00    1484       549        2033       9016       3951      12967      12967       1.16       0.24     11188.03   8446.93     12967   
17062461.00    1544       585        2129       8956       3915      12871      12871       1.15       0.25     11148.71   8486.25     12871   
17208294.00    1446       565        2011       9054       3935      12989      12989       1.16       0.24     11244.43   8390.53     12989   
17354127.00    1425       560        1985       9075       3940      13015      13015       1.16       0.24     11263.10   8371.86     13015   
17499960.00    1325       490        1815       9175       4010      13185      13185       1.15       0.22     11423.23   8211.72     13185   
17645793.00    1310       488        1798       9190       4012      13202      13202       1.15       0.22     11504.05   8130.90     13202   
17791626.00    1379       478        1857       9121       4022      13143      13143       1.15       0.23     11409.35   8225.61     13143   
17937459.00    1412       506        1918       9088       3994      13082      13082       1.15       0.23     11392.45   8242.51     13082   
18083292.00    1445       554        1999       9055       3946      13001      13001       1.15       0.24     11319.14   8315.82     13001   
18229125.00    1451       561        2012       9049       3939      12988      12988       1.15       0.24     11303.99   8330.96     12988   
18374958.00    1442       515        1957       9058       3985      13043      13043       1.15       0.24     11360.80   8274.15     13043   
18520791.00    1483       534        2017       9017       3966      12983      12983       1.14       0.25     11405.26   8229.70     12983   
18666624.00    1510       535        2045       8990       3965      12955      12955       1.14       0.25     11341.93   8293.02     12955   
18812457.00    1380       506        1886       9120       3994      13114      13114       1.14       0.23     11543.88   8091.08     13114   
18958290.00    1376       497        1873       9124       4003      13127      13127       1.14       0.23     11517.58   8117.38     13127   
19104123.00    1410       523        1933       9090       3977      13067      13067       1.14       0.24     11437.39   8197.57     13067   
19249956.00    1541       603        2144       8959       3897      12856      12856       1.14       0.26     11284.15   8350.80     12856   
19395789.00    1477       564        2041       9023       3936      12959      12959       1.14       0.25     11364.67   8270.29     12959   
19541622.00    1498       531        2029       9002       3969      12971      12971       1.15       0.24     11323.87   8311.09     12971   
19687455.00    1391       488        1879       9109       4012      13121      13121       1.14       0.23     11465.12   8169.84     13121   
19833288.00    1343       473        1816       9157       4027      13184      13184       1.14       0.22     11545.65   8089.31     13184   
19979121.00    1324       482        1806       9176       4018      13194      13194       1.13       0.23     11651.30   7983.65     13194   
20124954.00    1496       541        2037       9004       3959      12963      12963       1.13       0.25     11513.33   8121.62     12963   
20270787.00    1508       561        2069       8992       3939      12931      12931       1.13       0.25     11398.73   8236.22     12931   
20416620.00    1555       586        2141       8945       3914      12859      12859       1.14       0.26     11259.01   8375.94     12859   
20562453.00    1341       485        1826       9159       4015      13174      13174       1.15       0.22     11467.99   8166.96     13174   
20708286.00    1355       495        1850       9145       4005      13150      13150       1.16       0.22     11347.19   8287.77     13150   
20854119.00    1356       502        1858       9144       3998      13142      13142       1.15       0.23     11431.32   8203.63     13142   
20999952.00    1358       502        1860       9142       3998      13140      13140       1.15       0.23     11449.33   8185.62     13140   
21145785.00    1500       537        2037       9000       3963      12963      12963       1.16       0.24     11204.99   8429.97     12963   
21291618.00    1331       502        1833       9169       3998      13167      13167       1.16       0.22     11368.31   8266.65     13167   
21437451.00    1390       535        1925       9110       3965      13075      13075       1.15       0.23     11390.42   8244.54     13075   
21583284.00    1359       525        1884       9141       3975      13116      13116       1.14       0.23     11477.63   8157.33     13116   
21729117.00    1366       492        1858       9134       4008      13142      13142       1.15       0.23     11462.33   8172.62     13142   
21874950.00    1347       508        1855       9153       3992      13145      13145       1.15       0.23     11409.41   8225.54     13145   
22020783.00    1241       454        1695       9259       4046      13305      13305       1.15       0.21     11590.95   8044.00     13305   
22166616.00    1305       488        1793       9195       4012      13207      13207       1.13       0.22     11645.68   7989.27     13207   
22312449.00    1450       568        2018       9050       3932      12982      12982       1.13       0.25     11466.69   8168.27     12982   
22458282.00    1499       566        2065       9001       3934      12935      12935       1.13       0.25     11433.28   8201.67     12935   
22604115.00    1764       660        2424       8736       3840      12576      12576       1.13       0.28     11089.81   8545.14     12576   
22749948.00    1692       653        2345       8808       3847      12655      12655       1.13       0.28     11155.58   8479.38     12655   
22895781.00    1565       618        2183       8935       3882      12817      12817       1.14       0.26     11292.34   8342.62     12817   
23041614.00    1508       552        2060       8992       3948      12940      12940       1.14       0.25     11302.36   8332.59     12940   
23187447.00    1410       548        1958       9090       3952      13042      13042       1.14       0.24     11400.75   8234.20     13042   
23333280.00    1438       561        1999       9062       3939      13001      13001       1.15       0.24     11330.16   8304.80     13001   
23479113.00    1271       491        1762       9229       4009      13238      13238       1.15       0.22     11542.89   8092.06     13238   
23624946.00    1348       516        1864       9152       3984      13136      13136       1.14       0.23     11489.66   8145.29     13136   
23770779.00    1432       550        1982       9068       3950      13018      13018       1.14       0.24     11418.07   8216.89     13018   
23916612.00    1373       523        1896       9127       3977      13104      13104       1.14       0.23     11506.23   8128.73     13104   
24062445.00    1481       561        2042       9019       3939      12958      12958       1.14       0.25     11397.53   8237.43     12958   
24208278.00    1440       601        2041       9060       3899      12959      12959       1.14       0.25     11337.38   8297.57     12959   
24354111.00    1361       544        1905       9139       3956      13095      13095       1.14       0.23     11446.34   8188.61     13095   
24499944.00    1321       531        1852       9179       3969      13148      13148       1.14       0.23     11528.72   8106.24     13148   
24645777.00    1406       566        1972       9094       3934      13028      13028       1.14       0.24     11391.74   8243.21     13028   
24791610.00    1317       545        1862       9183       3955      13138      13138       1.14       0.23     11510.67   8124.29     13138   
24937443.00    1375       541        1916       9125       3959      13084      13084       1.14       0.23     11440.32   8194.64     13084   
25083276.00    1251       524        1775       9249       3976      13225      13225       1.14       0.22     11626.34   8008.61     13225   
25229109.00    1303       573        1876       9197       3927      13124      13124       1.14       0.23     11536.31   8098.65     13124   
25374942.00    1384       604        1988       9116       3896      13012      13012       1.14       0.24     11440.60   8194.36     13012   
25520775.00    1439       614        2053       9061       3886      12947      12947       1.13       0.25     11438.31   8196.64     12947   
25666608.00    1557       665        2222       8943       3835      12778      12778       1.14       0.26     11176.24   8458.71     12778   
25812441.00    1501       636        2137       8999       3864      12863      12863       1.15       0.25     11211.87   8423.08     12863   
25958274.00    1438       581        2019       9062       3919      12981      12981       1.15       0.24     11270.54   8364.41     12981   
26104107.00    1302       511        1813       9198       3989      13187      13187       1.15       0.22     11428.11   8206.85     13187   
26249940.00    1172       449        1621       9328       4051      13379      13379       1.15       0.20     11597.83   8037.13     13379   
26395773.00    1177       462        1639       9323       4038      13361      13361       1.15       0.20     11588.75   8046.21     13361   
26541606.00    1219       475        1694       9281       4025      13306      13306       1.15       0.21     11575.29   8059.66     13306   
26687439.00    1293       504        1797       9207       3996      13203      13203       1.15       0.22     11523.07   8111.88     13203   
26833272.00    1318       520        1838       9182       3980      13162      13162       1.14       0.23     11514.18   8120.77     13162   
26979105.00    1423       559        1982       9077       3941      13018      13018       1.14       0.24     11382.36   8252.59     13018   
27124938.00    1300       534        1834       9200       3966      13166      13166       1.14       0.23     11522.10   8112.85     13166   
27270771.00    1435       579        2014       9065       3921      12986      12986       1.14       0.24     11390.98   8243.97     12986   
27416604.00    1427       574        2001       9073       3926      12999      12999       1.15       0.24     11327.58   8307.37     12999   
27562437.00    1364       551        1915       9136       3949      13085      13085       1.15       0.23     11394.28   8240.68     13085   
27708270.00    1311       505        1816       9189       3995      13184      13184       1.15       0.22     11485.04   8149.91     13184   
27854103.00    1435       542        1977       9065       3958      13023      13023       1.15       0.24     11346.45   8288.51     13023   
27999936.00    1480       568        2048       9020       3932      12952      12952       1.14       0.25     11359.56   8275.40     12952   
28145769.00    1494       563        2057       9006       3937      12943      12943       1.15       0.25     11256.06   8378.89     12943   
28291602.00    1544       593        2137       8956       3907      12863      12863       1.15       0.25     11229.35   8405.61     12863   
28437435.00    1614       625        2239       8886       3875      12761      12761       1.15       0.26     11074.69   8560.27     12761   
28583268.00    1567       601        2168       8933       3899      12832      12832       1.16       0.25     11102.32   8532.64     12832   
28729101.00    1382       512        1894       9118       3988      13106      13106       1.15       0.23     11377.42   8257.53     13106   
28874934.00    1445       547        1992       9055       3953      13008      13008       1.16       0.24     11246.86   8388.10     13008   
29020767.00    1325       499        1824       9175       4001      13176      13176       1.16       0.22     11360.49   8274.46     13176   
29166600.00    1370       529        1899       9130       3971      13101      13101       1.15       0.23     11377.61   8257.35     13101   
29312433.00    1511       577        2088       8989       3923      12912      12912       1.14       0.25     11282.26   8352.70     12912   
29458266.00    1587       579        2166       8913       3921      12834      12834       1.14       0.26     11236.21   8398.75     12834   
29604099.00    1473       536        2009       9027       3964      12991      12991       1.14       0.24     11401.51   8233.44     12991   
29749932.00    1474       561        2035       9026       3939      12965      12965       1.14       0.25     11381.91   8253.05     12965   
29895765.00    1442       539        1981       9058       3961      13019      13019       1.15       0.24     11347.13   8287.82     13019   
30041598.00    1543       579        2122       8957       3921      12878      12878       1.15       0.25     11175.31   8459.65     12878   
30187431.00    1556       596        2152       8944       3904      12848      12848       1.16       0.25     11122.43   8512.52     12848   
30333264.00    1504       556        2060       8996       3944      12940      12940       1.16       0.24     11172.23   8462.72     12940   
30479097.00    1516       547        2063       8984       3953      12937      12937       1.16       0.24     11128.12   8506.84     12937   
30624930.00    1364       499        1863       9136       4001      13137      13137       1.16       0.22     11354.48   8280.48     13137   
30770763.00    1393       497        1890       9107       4003      13110      13110       1.17       0.22     11234.82   8400.13     13110   
30916596.00    1243       458        1701       9257       4042      13299      13299       1.16       0.21     11437.58   8197.38     13299   
31062429.00    1186       442        1628       9314       4058      13372      13372       1.16       0.20     11564.83   8070.12     13372   
31208262.00    1305       490        1795       9195       4010      13205      13205       1.15       0.22     11465.12   8169.84     13205   
31354095.00    1381       497        1878       9119       4003      13122      13122       1.15       0.23     11434.82   8200.14     13122   
31499928.00    1390       494        1884       9110       4006      13116      13116       1.15       0.23     11427.25   8207.71     13116   
31645761.00    1280       446        1726       9220       4054      13274      13274       1.15       0.21     11562.29   8072.67     13274   
31791594.00    1277       502        1779       9223       3998      13221      13221       1.15       0.22     11519.12   8115.83     13221   
31937427.00    1386       535        1921       9114       3965      13079      13079       1.14       0.23     11430.53   8204.42     13079   
32083260.00    1387       546        1933       9113       3954      13067      13067       1.15       0.23     11365.31   8269.65     13067   
32229093.00    1340       496        1836       9160       4004      13164      13164       1.15       0.22     11459.98   8174.98     13164   
32374926.00    1339       476        1815       9161       4024      13185      13185       1.15       0.22     11502.47   8132.48     13185   
32520759.00    1356       470        1826       9144       4030      13174      13174       1.14       0.23     11574.48   8060.47     13174   
32666592.00    1526       541        2067       8974       3959      12933      12933       1.14       0.25     11317.98   8316.98     12933   
32812425.00    1612       604        2216       8888       3896      12784      12784       1.15       0.26     11151.60   8483.36     12784   
32958258.00    1475       536        2011       9025       3964      12989      12989       1.14       0.24     11362.78   8272.17     12989   
33104091.00    1526       586        2112       8974       3914      12888      12888       1.14       0.25     11258.76   8376.19     12888   
33249924.00    1430       538        1968       9070       3962      13032      13032       1.14       0.24     11429.36   8205.59     13032   
33395757.00    1534       556        2090       8966       3944      12910      12910       1.13       0.25     11376.94   8258.01     12910   
33541590.00    1578       584        2162       8922       3916      12838      12838       1.13       0.26     11331.27   8303.68     12838   
33687423.00    1657       639        2296       8843       3861      12704      12704       1.14       0.27     11152.70   8482.25     12704   
33833256.00    1596       605        2201       8904       3895      12799      12799       1.14       0.26     11235.37   8399.58     12799   
33979089.00    1532       576        2108       8968       3924      12892      12892       1.14       0.25     11298.87   8336.09     12892   
34124922.00    1459       539        1998       9041       3961      13002      13002       1.15       0.24     11326.22   8308.73     13002   
34270755.00    1462       523        1985       9038       3977      13015      13015       1.15       0.24     11364.81   8270.14     13015   
34416588.00    1328       488        1816       9172       4012      13184      13184       1.14       0.22     11527.12   8107.84     13184   
34562421.00    1416       543        1959       9084       3957      13041      13041       1.15       0.24     11388.90   8246.06     13041   
34708254.00    1498       554        2052       9002       3946      12948      12948       1.14       0.25     11401.58   8233.37     12948   
34854087.00    1567       547        2114       8933       3953      12886      12886       1.14       0.25     11321.64   8313.32     12886   
34999920.00    1553       569        2122       8947       3931      12878      12878       1.15       0.25     11244.50   8390.45     12878   
35145753.00    1632       593        2225       8868       3907      12775      12775       1.15       0.26     11119.42   8515.53     12775   
35291586.00    1425       525        1950       9075       3975      13050      13050       1.15       0.23     11322.28   8312.67     13050   
35437419.00    1370       522        1892       9130       3978      13108      13108       1.16       0.23     11324.94   8310.02     13108   
35583252.00    1242       480        1722       9258       4020      13278      13278       1.16       0.21     11445.33   8189.62     13278   
35729085.00    1280       510        1790       9220       3990      13210      13210       1.15       0.22     11455.00   8179.95     13210   
35874918.00    1372       508        1880       9128       3992      13120      13120       1.15       0.23     11426.57   8208.39     13120   
36020751.00    1389       538        1927       9111       3962      13073      13073       1.15       0.23     11384.14   8250.81     13073   
36166584.00    1397       544        1941       9103       3956      13059      13059       1.15       0.23     11352.91   8282.05     13059   
36312417.00    1429       508        1937       9071       3992      13063      13063       1.15       0.23     11377.10   8257.85     13063   
36458250.00    1375       514        1889       9125       3986      13111      13111       1.15       0.23     11426.67   8208.28     13111   
36604083.00    1351       533        1884       9149       3967      13116      13116       1.15       0.23     11428.34   8206.61     13116   
36749916.00    1307       481        1788       9193       4019      13212      13212       1.15       0.22     11536.35   8098.61     13212   
36895749.00    1319       495        1814       9181       4005      13186      13186       1.14       0.23     11581.55   8053.40     13186   
37041582.00    1422       511        1933       9078       3989      13067      13067       1.13       0.24     11612.91   8022.04     13067   
37187415.00    1492       531        2023       9008       3969      12977      12977       1.13       0.25     11469.19   8165.77     12977   
37333248.00    1449       544        1993       9051       3956      13007      13007       1.14       0.24     11453.41   8181.54     13007   
37479081.00    1570       577        2147       8930       3923      12853      12853       1.14       0.26     11259.48   8375.47     12853   
37624914.00    1542       532        2074       8958       3968      12926      12926       1.15       0.25     11227.93   8407.03     12926   
37770747.00    1501       558        2059       8999       3942      12941      12941       1.15       0.24     11212.35   8422.60     12941   
37916580.00    1369       472        1841       9131       4028      13159      13159       1.15       0.23     11462.46   8172.49     13159   
38062413.00    1323       510        1833       9177       3990      13167      13167       1.14       0.23     11528.85   8106.11     13167   
38208246.00    1388       516        1904       9112       3984      13096      13096       1.15       0.23     11428.62   8206.33     13096   
38354079.00    1458       509        1967       9042       3991      13033      13033       1.14       0.24     11445.26   8189.70     13033   
38499912.00    1539       501        2040       8961       3999      12960      12960       1.14       0.25     11375.63   8259.33     12960   
38645745.00    1690       542        2232       8810       3958      12768      12768       1.15       0.26     11107.51   8527.44     12768   
38791578.00    1583       535        2118       8917       3965      12882      12882       1.16       0.25     11150.87   8484.08     12882   
38937411.00    1428       493        1921       9072       4007      13079      13079       1.15       0.23     11333.18   8301.78     13079   
39083244.00    1366       504        1870       9134       3996      13130      13130       1.16       0.23     11367.06   8267.90     13130   
39229077.00    1315       476        1791       9185       4024      13209      13209       1.15       0.22     11465.37   8169.59     13209   
39374910.00    1364       503        1867       9136       3997      13133      13133       1.16       0.23     11345.89   8289.06     13133   
39520743.00    1247       473        1720       9253       4027      13280      13280       1.16       0.21     11480.35   8154.60     13280   
39666576.00    1311       442        1753       9189       4058      13247      13247       1.16       0.21     11382.11   8252.84     13247   
39812409.00    1262       453        1715       9238       4047      13285      13285       1.16       0.21     11435.49   8199.47     13285   
39958242.00    1341       484        1825       9159       4016      13175      13175       1.16       0.22     11334.68   8300.28     13175   
40104075.00    1276       483        1759       9224       4017      13241      13241       1.15       0.22     11472.14   8162.82     13241   
40249908.00    1406       514        1920       9094       3986      13080      13080       1.15       0.23     11395.97   8238.98     13080   
40395741.00    1425       517        1942       9075       3983      13058      13058       1.15       0.24     11373.67   8261.28     13058   
40541574.00    1315       478        1793       9185       4022      13207      13207       1.16       0.22     11424.69   8210.27     13207   
40687407.00    1401       515        1916       9099       3985      13084      13084       1.15       0.23     11372.25   8262.70     13084   
40833240.00    1350       480        1830       9150       4020      13170      13170       1.15       0.22     11426.60   8208.36     13170   
40979073.00    1286       464        1750       9214       4036      13250      13250       1.15       0.22     11502.97   8131.98     13250   
41124906.00    1266       489        1755       9234       4011      13245      13245       1.15       0.22     11555.65   8079.30     13245   
41270739.00    1388       546        1934       9112       3954      13066      13066       1.14       0.24     11448.28   8186.68     13066   
41416572.00    1462       557        2019       9038       3943      12981      12981       1.14       0.24     11371.70   8263.25     12981   
41562405.00    1481       541        2022       9019       3959      12978      12978       1.15       0.24     11256.87   8378.08     12978   
41708238.00    1295       498        1793       9205       4002      13207      13207       1.16       0.22     11429.57   8205.38     13207   
41854071.00    1302       494        1796       9198       4006      13204      13204       1.16       0.22     11361.07   8273.89     13204   
41999904.00    1320       495        1815       9180       4005      13185      13185       1.15       0.22     11487.21   8147.74     13185   
42145737.00    1406       504        1910       9094       3996      13090      13090       1.14       0.24     11519.42   8115.54     13090   
42291570.00    1498       500        1998       9002       4000      13002      13002       1.14       0.24     11434.98   8199.97     13002   
42437403.00    1501       515        2016       8999       3985      12984      12984       1.14       0.24     11374.41   8260.54     12984   
42583236.00    1463       523        1986       9037       3977      13014      13014       1.14       0.24     11408.56   8226.39     13014   
42729069.00    1465       512        1977       9035       3988      13023      13023       1.14       0.24     11392.05   8242.90     13023   
42874902.00    1492       526        2018       9008       3974      12982      12982       1.14       0.24     11344.94   8290.01     12982   
43020735.00    1414       520        1934       9086       3980      13066      13066       1.15       0.23     11349.97   8284.98     13066   
43166568.00    1294       476        1770       9206       4024      13230      13230       1.15       0.22     11491.19   8143.76     13230   
43312401.00    1361       497        1858       9139       4003      13142      13142       1.14       0.23     11495.48   8139.48     13142   
43458234.00    1407       505        1912       9093       3995      13088      13088       1.14       0.23     11436.67   8198.28     13088   
43604067.00    1503       560        2063       8997       3940      12937      12937       1.14       0.25     11308.60   8326.35     12937   
43749900.00    1592       555        2147       8908       3945      12853      12853       1.15       0.25     11214.66   8420.29     12853   
43895733.00    1442       503        1945       9058       3997      13055      13055       1.14       0.24     11435.51   8199.44     13055   
44041566.00    1464       527        1991       9036       3973      13009      13009       1.14       0.24     11422.70   8212.26     13009   
44187399.00    1514       575        2089       8986       3925      12911      12911       1.14       0.25     11296.08   8338.88     12911   
44333232.00    1493       573        2066       9007       3927      12934      12934       1.15       0.25     11243.65   8391.31     12934   
44479065.00    1480       551        2031       9020       3949      12969      12969       1.16       0.24     11217.57   8417.38     12969   
44624898.00    1392       518        1910       9108       3982      13090      13090       1.16       0.23     11298.68   8336.27     13090   
44770731.00    1361       513        1874       9139       3987      13126      13126       1.16       0.23     11310.26   8324.70     13126   
44916564.00    1361       494        1855       9139       4006      13145      13145       1.16       0.22     11333.83   8301.13     13145   
45062397.00    1295       495        1790       9205       4005      13210      13210       1.16       0.22     11383.21   8251.75     13210   
45208230.00    1316       468        1784       9184       4032      13216      13216       1.16       0.22     11380.25   8254.71     13216   
45354063.00    1275       493        1768       9225       4007      13232      13232       1.15       0.22     11481.79   8153.16     13232   
45499896.00    1382       494        1876       9118       4006      13124      13124       1.15       0.23     11373.95   8261.00     13124   
45645729.00    1380       519        1899       9120       3981      13101      13101       1.15       0.23     11399.43   8235.53     13101   
45791562.00    1471       567        2038       9029       3933      12962      12962       1.15       0.24     11256.40   8378.56     12962   
45937395.00    1487       578        2065       9013       3922      12935      12935       1.16       0.24     11191.71   8443.25     12935   
46083228.00    1462       601        2063       9038       3899      12937      12937       1.16       0.24     11194.69   8440.27     12937   
46229061.00    1353       520        1873       9147       3980      13127      13127       1.15       0.23     11382.19   8252.77     13127   
46374894.00    1376       454        1830       9124       4046      13170      13170       1.15       0.22     11482.91   8152.04     13170   
46520727.00    1371       516        1887       9129       3984      13113      13113       1.14       0.23     11479.24   8155.71     13113   
46666560.00    1438       543        1981       9062       3957      13019      13019       1.15       0.24     11324.54   8310.42     13019   
46812393.00    1428       523        1951       9072       3977      13049      13049       1.15       0.24     11378.86   8256.10     13049   
46958226.00    1372       523        1895       9128       3977      13105      13105       1.15       0.23     11389.33   8245.63     13105   
47104059.00    1297       467        1764       9203       4033      13236      13236       1.15       0.22     11497.51   8137.45     13236   
47249892.00    1191       447        1638       9309       4053      13362      13362       1.15       0.20     11573.38   8061.57     13362   
47395725.00    1167       431        1598       9333       4069      13402      13402       1.15       0.20     11604.63   8030.33     13402   
47541558.00    1230       457        1687       9270       4043      13313      13313       1.14       0.21     11671.90   7963.05     13313   
47687391.00    1230       440        1670       9270       4060      13330      13330       1.15       0.21     11635.59   7999.37     13330   
47833224.00    1303       511        1814       9197       3989      13186      13186       1.14       0.22     11528.05   8106.91     13186   
47979057.00    1419       552        1971       9081       3948      13029      13029       1.16       0.24     11255.34   8379.61     13029   
48124890.00    1289       466        1755       9211       4034      13245      13245       1.15       0.22     11473.24   8161.71     13245   
48270723.00    1287       419        1706       9213       4081      13294      13294       1.14       0.21     11618.38   8016.57     13294   
48416556.00    1429       450        1879       9071       4050      13121      13121       1.14       0.23     11476.24   8158.71     13121   
48562389.00    1456       518        1974       9044       3982      13026      13026       1.14       0.24     11394.09   8240.87     13026   
48708222.00    1471       517        1988       9029       3983      13012      13012       1.15       0.24     11321.14   8313.82     13012   
48854055.00    1388       506        1894       9112       3994      13106      13106       1.15       0.23     11445.50   8189.45     13106   
48999888.00    1350       514        1864       9150       3986      13136      13136       1.14       0.23     11497.47   8137.48     13136   
49145721.00    1427       560        1987       9073       3940      13013      13013       1.14       0.24     11389.53   8245.42     13013   
49291554.00    1434       575        2009       9066       3925      12991      12991       1.14       0.24     11372.75   8262.21     12991   
49437387.00    1271       481        1752       9229       4019      13248      13248       1.15       0.22     11529.23   8105.72     13248   
49583220.00    1240       464        1704       9260       4036      13296      13296       1.15       0.21     11595.62   8039.33     13296   
49729053.00    1393       501        1894       9107       3999      13106      13106       1.15       0.23     11433.50   8201.46     13106   
49874886.00    1469       546        2015       9031       3954      12985      12985       1.15       0.24     11290.90   8344.05     12985   
50020719.00    1311       504        1815       9189       3996      13185      13185       1.15       0.22     11461.70   8173.25     13185   
50166552.00    1406       539        1945       9094       3961      13055      13055       1.15       0.24     11401.73   8233.23     13055   
50312385.00    1264       452        1716       9236       4048      13284      13284       1.15       0.21     11567.72   8067.23     13284   
50458218.00    1246       434        1680       9254       4066      13320      13320       1.14       0.21     11637.16   7997.80     13320   
50604051.00    1340       468        1808       9160       4032      13192      13192       1.14       0.23     11600.93   8034.02     13192   
50749884.00    1397       481        1878       9103       4019      13122      13122       1.14       0.23     11478.57   8156.38     13122   
50895717.00    1327       478        1805       9173       4022      13195      13195       1.15       0.22     11509.63   8125.32     13195   
51041550.00    1365       506        1871       9135       3994      13129      13129       1.15       0.23     11411.83   8223.13     13129   
51187383.00    1256       465        1721       9244       4035      13279      13279       1.15       0.21     11563.62   8071.33     13279   
51333216.00    1212       452        1664       9288       4048      13336      13336       1.15       0.21     11607.63   8027.32     13336   
51479049.00    1208       489        1697       9292       4011      13303      13303       1.14       0.21     11630.23   8004.72     13303   
51624882.00    1282       507        1789       9218       3993      13211      13211       1.14       0.22     11560.98   8073.98     13211   
51770715.00    1359       500        1859       9141       4000      13141      13141       1.15       0.23     11461.11   8173.85     13141   
51916548.00    1327       485        1812       9173       4015      13188      13188       1.15       0.22     11460.96   8173.99     13188   
52062381.00    1265       474        1739       9235       4026      13261      13261       1.15       0.21     11503.36   8131.60     13261   
52208214.00    1155       412        1567       9345       4088      13433      13433       1.15       0.20     11677.57   7957.39     13433   
52354047.00    1167       418        1585       9333       4082      13415      13415       1.13       0.20     11832.33   7802.62     13415   
52499880.00    1305       483        1788       9195       4017      13212      13212       1.13       0.22     11686.65   7948.31     13212   
52645713.00    1458       554        2012       9042       3946      12988      12988       1.13       0.25     11456.59   8178.37     12988   
52791546.00    1439       523        1962       9061       3977      13038      13038       1.14       0.24     11468.01   8166.94     13038   
52937379.00    1382       488        1870       9118       4012      13130      13130       1.15       0.23     11440.32   8194.64     13130   
53083212.00    1269       434        1703       9231       4066      13297      13297       1.14       0.21     11633.20   8001.76     13297   
53229045.00    1210       444        1654       9290       4056      13346      13346       1.14       0.21     11674.21   7960.75     13346   
53374878.00    1197       406        1603       9303       4094      13397      13397       1.14       0.20     11724.26   7910.70     13397   
53520711.00    1300       455        1755       9200       4045      13245      13245       1.14       0.22     11636.07   7998.89     13245   
53666544.00    1240       453        1693       9260       4047      13307      13307       1.14       0.21     11701.39   7933.56     13307   
53812377.00    1476       544        2020       9024       3956      12980      12980       1.13       0.25     11444.09   8190.86     12980   
53958210.00    1559       570        2129       8941       3930      12871      12871       1.14       0.26     11302.23   8332.73     12871   
54104043.00    1578       525        2103       8922       3975      12897      12897       1.15       0.25     11203.23   8431.72     12897   
54249876.00    1394       457        1851       9106       4043      13149      13149       1.16       0.22     11342.07   8292.89     13149   
54395709.00    1261       402        1663       9239       4098      13337      13337       1.16       0.20     11515.58   8119.38     13337   
54541542.00    1178       365        1543       9322       4135      13457      13457       1.15       0.19     11672.62   7962.34     13457   
54687375.00    1255       394        1649       9245       4106      13351      13351       1.15       0.20     11579.23   8055.73     13351   
54833208.00    1254       458        1712       9246       4042      13288      13288       1.16       0.21     11489.76   8145.20     13288   
54979041.00    1248       443        1691       9252       4057      13309      13309       1.17       0.21     11422.87   8212.08     13309   
55124874.00    1339       500        1839       9161       4000      13161      13161       1.16       0.22     11313.14   8321.81     13161   
55270707.00    1250       458        1708       9250       4042      13292      13292       1.16       0.21     11443.07   8191.89     13292   
55416540.00    1208       423        1631       9292       4077      13369      13369       1.16       0.20     11558.15   8076.80     13369   
55562373.00    1145       419        1564       9355       4081      13436      13436       1.16       0.19     11582.25   8052.70     13436   
55708206.00    1106       441        1547       9394       4059      13453      13453       1.16       0.19     11612.86   8022.09     13453   
55854039.00    1063       403        1466       9437       4097      13534      13534       1.16       0.18     11683.26   7951.70     13534   
55999872.00    1097       417        1514       9403       4083      13486      13486       1.16       0.19     11638.90   7996.06     13486   
56145705.00    1114       400        1514       9386       4100      13486      13486       1.15       0.19     11688.41   7946.54     13486   
56291538.00    1120       406        1526       9380       4094      13474      13474       1.15       0.19     11672.90   7962.05     13474   
56437371.00    1213       394        1607       9287       4106      13393      13393       1.15       0.20     11644.99   7989.96     13393   
56583204.00    1120       386        1506       9380       4114      13494      13494       1.15       0.19     11754.83   7880.12     13494   
56729037.00    1124       405        1529       9376       4095      13471      13471       1.15       0.19     11745.28   7889.68     13471   
56874870.00    1222       445        1667       9278       4055      13333      13333       1.14       0.21     11650.96   7984.00     13333   
57020703.00    1197       441        1638       9303       4059      13362      13362       1.15       0.20     11643.64   7991.32     13362   
57166536.00    1198       437        1635       9302       4063      13365      13365       1.15       0.20     11622.91   8012.04     13365   
57312369.00    1284       473        1757       9216       4027      13243      13243       1.15       0.22     11466.96   8168.00     13243   
57458202.00    1192       440        1632       9308       4060      13368      13368       1.16       0.20     11536.87   8098.08     13368   
57604035.00    1206       457        1663       9294       4043      13337      13337       1.16       0.20     11488.59   8146.36     13337   
57749868.00    1213       445        1658       9287       4055      13342      13342       1.16       0.20     11472.16   8162.79     13342   
57895701.00    1159       414        1573       9341       4086      13427      13427       1.16       0.20     11568.94   8066.02     13427   
58041534.00    1207       411        1618       9293       4089      13382      13382       1.16       0.20     11559.23   8075.72     13382   
58187367.00    1182       397        1579       9318       4103      13421      13421       1.16       0.20     11599.33   8035.62     13421   
58333200.00    1064       395        1459       9436       4105      13541      13541       1.15       0.19     11770.12   7864.84     13541   
