 Timestep    Gas_A      Gas_B     Gas_tot    Dense_A    Dense_B   Dense_tot   Lg_clust  DP_density GP_density Clust_area  Gas_area     MCS    
   0.00       1500      13500      15000        0          0          0          6         0.00       0.76       0.00     19634.96      0     
114583.00     1500      13500      15000        0          0          0         625        0.00       0.76       0.00     19634.96      0     
229166.00     1362      12318      13680       138        1182       1320       1320       0.99       0.75     1330.97    18303.98     1320   
343749.00     994        8610       9604       506        4890       5396       2299       1.00       0.67     5391.28    14243.67     1798   
458332.00     835        6846       7681       665        6654       7319       3331       1.04       0.61     7060.58    12574.38     1829   
572915.00     629        5241       5870       871        8259       9130       4237       1.07       0.53     8542.52    11092.43     2282   
687498.00     454        3637       4091       1046       9863      10909       3478       1.08       0.43     10081.21   9553.74      2181   
802081.00     394        3107       3501       1106      10393      11499       7765       1.09       0.38     10527.39   9107.56      3833   
916664.00     317        2668       2985       1183      10832      12015      10017       1.10       0.34     10954.70   8680.25      6007   
1031247.00    308        2557       2865       1192      10943      12135       6602       1.09       0.34     11090.56   8544.40      4045   
1145830.00    312        2505       2817       1188      10995      12183       6567       1.10       0.33     11047.11   8587.84      4061   
1260413.00    309        2282       2591       1191      11218      12409       6647       1.10       0.31     11237.62   8397.33      4136   
1374996.00    299        2329       2628       1201      11171      12372      10401       1.11       0.31     11194.69   8440.26      6186   
1489579.00    295        2330       2625       1205      11170      12375      10396       1.11       0.31     11176.71   8458.24      6187   
1604162.00    290        2313       2603       1210      11187      12397      10414       1.11       0.31     11206.97   8427.99      6198   
1718745.00    301        2295       2596       1199      11205      12404       6745       1.10       0.31     11284.34   8350.62      4134   
1833328.00    302        2223       2525       1198      11277      12475       6787       1.10       0.30     11329.33   8305.62      6237   
1947911.00    291        2386       2677       1209      11114      12323       6790       1.10       0.32     11193.07   8441.89      6161   
2062494.00    274        2365       2639       1226      11135      12361       6908       1.11       0.31     11165.06   8469.89      6180   
2177077.00    288        2177       2465       1212      11323      12535       6975       1.11       0.29     11247.05   8387.91      6267   
2291660.00    264        2112       2376       1236      11388      12624       6950       1.11       0.29     11397.50   8237.45      6312   
2406243.00    253        2150       2403       1247      11350      12597       6909       1.11       0.29     11357.35   8277.61      6298   
2520826.00    277        2193       2470       1223      11307      12530       6854       1.12       0.29     11237.40   8397.55      6265   
2635409.00    260        2175       2435       1240      11325      12565       9205       1.11       0.29     11274.03   8360.93      6282   
2749992.00    253        2068       2321       1247      11432      12679      12679       1.12       0.28     11310.72   8324.23     12679   
2864575.00    255        1882       2137       1245      11618      12863      12863       1.12       0.26     11522.54   8112.41     12863   
2979158.00    271        2112       2383       1229      11388      12617      12617       1.11       0.29     11323.26   8311.70     12617   
3093741.00    301        2177       2478       1199      11323      12522       9598       1.12       0.29     11193.29   8441.67      6261   
3208324.00    262        2006       2268       1238      11494      12732       9934       1.12       0.27     11379.35   8255.61      6366   
3322907.00    273        2007       2280       1227      11493      12720      12720       1.12       0.28     11357.65   8277.30     12720   
3437490.00    277        2109       2386       1223      11391      12614      12614       1.12       0.28     11227.28   8407.68     12614   
3552073.00    251        1970       2221       1249      11530      12779      12779       1.12       0.27     11449.21   8185.74     12779   
3666656.00    258        2111       2369       1242      11389      12631      12631       1.11       0.29     11351.57   8283.39     12631   
3781239.00    264        2238       2502       1236      11262      12498      12498       1.11       0.30     11223.81   8411.14     12498   
3895822.00    266        2085       2351       1234      11415      12649      10444       1.11       0.28     11361.92   8273.03      6324   
4010405.00    267        2060       2327       1233      11440      12673      10587       1.10       0.29     11472.37   8162.58      6336   
4124988.00    265        2189       2454       1235      11311      12546      10704       1.11       0.29     11268.31   8366.64      6273   
4239571.00    279        2213       2492       1221      11287      12508      10973       1.13       0.29     11116.69   8518.27      6254   
4354154.00    307        2352       2659       1193      11148      12341      10877       1.13       0.31     10938.82   8696.14      6170   
4468737.00    260        2160       2420       1240      11340      12580      11144       1.13       0.29     11156.85   8478.10      6290   
4583320.00    290        2261       2551       1210      11239      12449      11149       1.14       0.29     10958.03   8676.93      6224   
4697903.00    260        2180       2440       1240      11320      12560      11471       1.14       0.28     11025.03   8609.93      6280   
4812486.00    241        1962       2203       1259      11538      12797      11670       1.14       0.26     11255.79   8379.16      6398   
4927069.00    248        1933       2181       1252      11567      12819      11771       1.14       0.26     11292.85   8342.11      6409   
5041652.00    354        2739       3093       1146      10761      11907      11907       1.14       0.34     10448.82   9186.14     11907   
5156235.00    383        2933       3316       1117      10567      11684      11684       1.15       0.35     10176.18   9458.78     11684   
5270818.00    341        2763       3104       1159      10737      11896      11896       1.15       0.33     10342.68   9292.27     11896   
5385401.00    327        2568       2895       1173      10932      12105      12105       1.15       0.32     10565.67   9069.29     12105   
5499984.00    296        2348       2644       1204      11152      12356      12356       1.15       0.30     10758.70   8876.25     12356   
5614567.00    277        2231       2508       1223      11269      12492      12492       1.14       0.29     10923.19   8711.76     12492   
5729150.00    272        2127       2399       1228      11373      12601      12601       1.14       0.28     11054.48   8580.48     12601   
5843733.00    249        1927       2176       1251      11573      12824      12824       1.13       0.26     11312.61   8322.35     12824   
5958316.00    259        1911       2170       1241      11589      12830      12830       1.14       0.26     11295.13   8339.83     12830   
6072899.00    265        1948       2213       1235      11552      12787      12787       1.14       0.26     11196.56   8438.40     12787   
6187482.00    242        1908       2150       1258      11592      12850      12850       1.14       0.26     11242.77   8392.19     12850   
6302065.00    251        1985       2236       1249      11515      12764      12764       1.14       0.26     11162.86   8472.10     12764   
6416648.00    234        1853       2087       1266      11647      12913      12913       1.14       0.25     11283.33   8351.62     12913   
6531231.00    232        1797       2029       1268      11703      12971      12971       1.15       0.24     11312.57   8322.39     12971   
6645814.00    218        1749       1967       1282      11751      13033      13033       1.15       0.24     11363.67   8271.29     13033   
6760397.00    213        1727       1940       1287      11773      13060      13060       1.14       0.24     11447.13   8187.83     13060   
6874980.00    222        1780       2002       1278      11720      12998      12998       1.14       0.24     11435.53   8199.43     12998   
6989563.00    237        1816       2053       1263      11684      12947      12947       1.13       0.25     11437.66   8197.30     12947   
7104146.00    253        1920       2173       1247      11580      12827      12827       1.13       0.26     11330.68   8304.27     12827   
7218729.00    281        2087       2368       1219      11413      12632      12632       1.13       0.28     11137.16   8497.80     12632   
7333312.00    268        2121       2389       1232      11379      12611      12611       1.14       0.28     11048.49   8586.46     12611   
7447895.00    243        1886       2129       1257      11614      12871      12871       1.15       0.25     11184.87   8450.09     12871   
7562478.00    247        1809       2056       1253      11691      12944      12944       1.15       0.25     11273.71   8361.25     12944   
7677061.00    251        1874       2125       1249      11626      12875      12875       1.14       0.25     11263.98   8370.98     12875   
7791644.00    249        1747       1996       1251      11753      13004      13004       1.14       0.24     11399.17   8235.78     13004   
7906227.00    260        1808       2068       1240      11692      12932      12932       1.14       0.25     11372.46   8262.49     12932   
8020810.00    249        1808       2057       1251      11692      12943      12943       1.14       0.25     11375.57   8259.38     12943   
8135393.00    304        2084       2388       1196      11416      12612      12612       1.14       0.28     11017.09   8617.86     12612   
8249976.00    292        2003       2295       1208      11497      12705      12705       1.14       0.27     11141.52   8493.43     12705   
8364559.00    277        1990       2267       1223      11510      12733      12733       1.14       0.27     11211.49   8423.47     12733   
8479142.00    291        1951       2242       1209      11549      12758      12758       1.13       0.27     11247.40   8387.55     12758   
8593725.00    291        1974       2265       1209      11526      12735      12735       1.14       0.27     11182.65   8452.30     12735   
8708308.00    272        1995       2267       1228      11505      12733      12733       1.14       0.27     11190.47   8444.49     12733   
8822891.00    293        1992       2285       1207      11508      12715      12715       1.13       0.27     11203.30   8431.66     12715   
8937474.00    287        1973       2260       1213      11527      12740      12740       1.14       0.27     11214.97   8419.98     12740   
9052057.00    295        2100       2395       1205      11400      12605      12605       1.13       0.28     11157.48   8477.48     12605   
9166640.00    287        2220       2507       1213      11280      12493      12493       1.14       0.29     10999.23   8635.73     12493   
9281223.00    295        2193       2488       1205      11307      12512      12512       1.13       0.29     11034.98   8599.98     12512   
9395806.00    294        2119       2413       1206      11381      12587      12587       1.13       0.28     11152.70   8482.26     12587   
9510389.00    294        2238       2532       1206      11262      12468      12468       1.13       0.29     10992.15   8642.80     12468   
9624972.00    301        2143       2444       1199      11357      12556      12556       1.13       0.29     11069.69   8565.27     12556   
9739555.00    301        2319       2620       1199      11181      12380      12380       1.14       0.30     10827.83   8807.13     12380   
9854138.00    301        2271       2572       1199      11229      12428      12428       1.14       0.29     10878.17   8756.79     12428   
9968721.00    293        2121       2414       1207      11379      12586      12586       1.15       0.28     10986.14   8648.82     12586   
10083304.00    271        2007       2278       1229      11493      12722      12722       1.15       0.27     11045.77   8589.18     12722   
10197887.00    238        1851       2089       1262      11649      12911      12911       1.16       0.25     11159.95   8475.01     12911   
10312470.00    239        1737       1976       1261      11763      13024      13024       1.15       0.24     11327.58   8307.38     13024   
10427053.00    233        1766       1999       1267      11734      13001      13001       1.14       0.24     11390.78   8244.17     13001   
10541636.00    267        1933       2200       1233      11567      12800      12800       1.14       0.26     11217.95   8417.00     12800   
10656219.00    261        1989       2250       1239      11511      12750      12750       1.15       0.26     11111.86   8523.10     12750   
10770802.00    267        1854       2121       1233      11646      12879      12879       1.16       0.25     11148.97   8485.98     12879   
10885385.00    248        1865       2113       1252      11635      12887      12887       1.15       0.25     11175.66   8459.30     12887   
10999968.00    252        1752       2004       1248      11748      12996      12996       1.16       0.24     11251.69   8383.26     12996   
11114551.00    240        1835       2075       1260      11665      12925      12925       1.15       0.25     11253.66   8381.30     12925   
11229134.00    251        1913       2164       1249      11587      12836      12836       1.15       0.26     11209.61   8425.34     12836   
11343717.00    250        1806       2056       1250      11694      12944      12944       1.14       0.25     11305.78   8329.18     12944   
11458300.00    254        1943       2197       1246      11557      12803      12803       1.15       0.26     11176.23   8458.73     12803   
11572883.00    243        1845       2088       1257      11655      12912      12912       1.15       0.25     11222.41   8412.54     12912   
11687466.00    245        1882       2127       1255      11618      12873      12873       1.15       0.25     11156.53   8478.43     12873   
11802049.00    240        1805       2045       1260      11695      12955      12955       1.15       0.24     11224.39   8410.56     12955   
11916632.00    256        1739       1995       1244      11761      13005      13005       1.15       0.24     11302.25   8332.71     13005   
12031215.00    230        1604       1834       1270      11896      13166      13166       1.15       0.22     11414.30   8220.65     13166   
12145798.00    243        1751       1994       1257      11749      13006      13006       1.15       0.24     11295.74   8339.21     13006   
12260381.00    264        1887       2151       1236      11613      12849      12849       1.15       0.26     11203.33   8431.62     12849   
12374964.00    266        2103       2369       1234      11397      12631      12631       1.15       0.27     10995.72   8639.24     12631   
12489547.00    246        1984       2230       1254      11516      12770      12770       1.15       0.26     11106.42   8528.54     12770   
12604130.00    231        1930       2161       1269      11570      12839      12839       1.15       0.25     11143.43   8491.52     12839   
12718713.00    240        1901       2141       1260      11599      12859      12859       1.15       0.25     11219.29   8415.67     12859   
12833296.00    238        1882       2120       1262      11618      12880      12880       1.15       0.25     11169.41   8465.54     12880   
12947879.00    230        1735       1965       1270      11765      13035      13035       1.16       0.23     11224.95   8410.00     13035   
13062462.00    237        1791       2028       1263      11709      12972      12972       1.16       0.24     11142.77   8492.18     12972   
13177045.00    231        1764       1995       1269      11736      13005      13005       1.16       0.24     11240.89   8394.06     13005   
13291628.00    249        1804       2053       1251      11696      12947      12947       1.15       0.24     11219.03   8415.93     12947   
13406211.00    248        1764       2012       1252      11736      12988      12988       1.16       0.24     11224.68   8410.27     12988   
13520794.00    247        1841       2088       1253      11659      12912      12912       1.15       0.25     11204.71   8430.25     12912   
13635377.00    240        1783       2023       1260      11717      12977      12977       1.15       0.24     11294.42   8340.53     12977   
13749960.00    230        1748       1978       1270      11752      13022      13022       1.15       0.24     11292.34   8342.62     13022   
13864543.00    243        1693       1936       1257      11807      13064      13064       1.15       0.23     11345.86   8289.09     13064   
13979126.00    261        1893       2154       1239      11607      12846      12846       1.16       0.25     11117.26   8517.70     12846   
14093709.00    272        2016       2288       1228      11484      12712      12712       1.16       0.27     11001.36   8633.60     12712   
14208292.00    261        1935       2196       1239      11565      12804      12804       1.15       0.26     11114.32   8520.64     12804   
14322875.00    249        1896       2145       1251      11604      12855      12855       1.15       0.25     11182.56   8452.39     12855   
14437458.00    252        1996       2248       1248      11504      12752      12752       1.16       0.26     11023.84   8611.12     12752   
14552041.00    248        1866       2114       1252      11634      12886      12886       1.16       0.25     11130.09   8504.86     12886   
14666624.00    236        1750       1986       1264      11750      13014      13014       1.16       0.24     11246.38   8388.57     13014   
14781207.00    253        1729       1982       1247      11771      13018      13018       1.16       0.24     11253.44   8381.51     13018   
14895790.00    247        1761       2008       1253      11739      12992      12992       1.14       0.24     11355.76   8279.19     12992   
15010373.00    266        1826       2092       1234      11674      12908      12908       1.15       0.25     11263.17   8371.79     12908   
15124956.00    272        2023       2295       1228      11477      12705      12705       1.15       0.27     11077.84   8557.11     12705   
15239539.00    244        1898       2142       1256      11602      12858      12858       1.14       0.26     11260.23   8374.72     12858   
15354122.00    242        1922       2164       1258      11578      12836      12836       1.13       0.26     11353.34   8281.61     12836   
15468705.00    288        2160       2448       1212      11340      12552      12552       1.13       0.29     11088.51   8546.44     12552   
15583288.00    300        2329       2629       1200      11171      12371      12371       1.14       0.30     10810.68   8824.27     12371   
15697871.00    260        2143       2403       1240      11357      12597      12597       1.15       0.28     10992.24   8642.72     12597   
15812454.00    266        2098       2364       1234      11402      12636      12636       1.15       0.27     10996.18   8638.77     12636   
15927037.00    252        1941       2193       1248      11559      12807      12807       1.15       0.26     11136.11   8498.85     12807   
16041620.00    257        1826       2083       1243      11674      12917      12917       1.15       0.25     11236.77   8398.19     12917   
16156203.00    266        1907       2173       1234      11593      12827      12827       1.15       0.26     11170.76   8464.19     12827   
16270786.00    262        1855       2117       1238      11645      12883      12883       1.15       0.25     11163.94   8471.01     12883   
16385369.00    245        1689       1934       1255      11811      13066      13066       1.15       0.23     11336.86   8298.10     13066   
16499952.00    221        1737       1958       1279      11763      13042      13042       1.14       0.24     11402.40   8232.55     13042   
16614535.00    252        1756       2008       1248      11744      12992      12992       1.14       0.24     11434.57   8200.39     12992   
16729118.00    272        1904       2176       1228      11596      12824      12824       1.13       0.26     11354.78   8280.17     12824   
16843701.00    266        2097       2363       1234      11403      12637      12637       1.14       0.28     11108.88   8526.07     12637   
16958284.00    281        2201       2482       1219      11299      12518      12518       1.14       0.29     10967.67   8667.29     12518   
17072867.00    271        2259       2530       1229      11241      12470      12470       1.15       0.29     10805.79   8829.17     12470   
17187450.00    259        2066       2325       1241      11434      12675      12675       1.16       0.27     10959.94   8675.01     12675   
17302033.00    249        2035       2284       1251      11465      12716      12716       1.16       0.26     10998.49   8636.47     12716   
17416616.00    251        1986       2237       1249      11514      12763      12763       1.15       0.26     11078.97   8555.98     12763   
17531199.00    226        1981       2207       1274      11519      12793      12793       1.15       0.26     11083.69   8551.27     12793   
17645782.00    219        1836       2055       1281      11664      12945      12945       1.15       0.25     11279.97   8354.98     12945   
17760365.00    242        1835       2077       1258      11665      12923      12923       1.15       0.25     11273.42   8361.54     12923   
17874948.00    236        1811       2047       1264      11689      12953      12953       1.14       0.25     11405.58   8229.37     12953   
17989531.00    266        2047       2313       1234      11453      12687      12687       1.14       0.27     11109.73   8525.23     12687   
18104114.00    253        1914       2167       1247      11586      12833      12833       1.15       0.26     11197.09   8437.87     12833   
18218697.00    248        1885       2133       1252      11615      12867      12867       1.14       0.25     11264.34   8370.61     12867   
18333280.00    292        2026       2318       1208      11474      12682      12682       1.14       0.27     11115.34   8519.62     12682   
18447863.00    302        2108       2410       1198      11392      12590      12590       1.15       0.28     10990.29   8644.67     12590   
18562446.00    275        2007       2282       1225      11493      12718      12718       1.15       0.27     11068.98   8565.97     12718   
18677029.00    290        2060       2350       1210      11440      12650      12650       1.15       0.27     11011.67   8623.28     12650   
18791612.00    288        1948       2236       1212      11552      12764      12764       1.15       0.26     11075.92   8559.03     12764   
18906195.00    259        1947       2206       1241      11553      12794      12794       1.16       0.26     11058.07   8576.88     12794   
19020778.00    249        1798       2047       1251      11702      12953      12953       1.15       0.24     11229.04   8405.92     12953   
19135361.00    234        1778       2012       1266      11722      12988      12988       1.15       0.24     11294.46   8340.50     12988   
19249944.00    250        1860       2110       1250      11640      12890      12890       1.15       0.25     11185.56   8449.39     12890   
19364527.00    224        1718       1942       1276      11782      13058      13058       1.15       0.23     11334.00   8300.96     13058   
19479110.00    226        1713       1939       1274      11787      13061      13061       1.14       0.24     11423.15   8211.80     13061   
19593693.00    246        1854       2100       1254      11646      12900      12900       1.14       0.25     11288.86   8346.09     12900   
19708276.00    240        1884       2124       1260      11616      12876      12876       1.15       0.25     11169.28   8465.68     12876   
19822859.00    242        1876       2118       1258      11624      12882      12882       1.14       0.25     11314.33   8320.62     12882   
19937442.00    263        1938       2201       1237      11562      12799      12799       1.14       0.26     11223.89   8411.07     12799   
20052025.00    274        2035       2309       1226      11465      12691      12691       1.15       0.27     11059.58   8575.38     12691   
20166608.00    284        2127       2411       1216      11373      12589      12589       1.14       0.28     11075.32   8559.64     12589   
20281191.00    308        2285       2593       1192      11215      12407      12407       1.15       0.29     10798.33   8836.63     12407   
20395774.00    298        2176       2474       1202      11324      12526      12526       1.15       0.28     10890.31   8744.64     12526   
20510357.00    269        2030       2299       1231      11470      12701      12701       1.15       0.27     11045.64   8589.31     12701   
20624940.00    251        1914       2165       1249      11586      12835      12835       1.15       0.26     11167.50   8467.45     12835   
20739523.00    254        1826       2080       1246      11674      12920      12920       1.14       0.25     11305.67   8329.29     12920   
20854106.00    293        2311       2604       1207      11189      12396      12396       1.14       0.30     10851.81   8783.14     12396   
20968689.00    255        1991       2246       1245      11509      12754      12754       1.14       0.27     11208.87   8426.08     12754   
21083272.00    311        2490       2801       1189      11010      12199      12199       1.15       0.31     10592.19   9042.77     12199   
21197855.00    294        2290       2584       1206      11210      12416      12416       1.16       0.29     10732.60   8902.36     12416   
21312438.00    270        2118       2388       1230      11382      12612      12612       1.17       0.27     10825.41   8809.54     12612   
21427021.00    258        1961       2219       1242      11539      12781      12781       1.17       0.25     10929.73   8705.23     12781   
21541604.00    240        1695       1935       1260      11805      13065      13065       1.17       0.23     11208.65   8426.31     13065   
21656187.00    218        1631       1849       1282      11869      13151      13151       1.16       0.22     11378.84   8256.12     13151   
21770770.00    209        1558       1767       1291      11942      13233      13233       1.15       0.22     11519.61   8115.35     13233   
21885353.00    228        1656       1884       1272      11844      13116      13116       1.15       0.23     11426.88   8208.07     13116   
21999936.00    251        1787       2038       1249      11713      12962      12962       1.15       0.24     11257.88   8377.08     12962   
22114519.00    267        1879       2146       1233      11621      12854      12854       1.15       0.25     11168.97   8465.98     12854   
22229102.00    248        1878       2126       1252      11622      12874      12874       1.16       0.25     11120.97   8513.98     12874   
22343685.00    245        1779       2024       1255      11721      12976      12976       1.16       0.24     11197.69   8437.26     12976   
22458268.00    242        1801       2043       1258      11699      12957      12957       1.16       0.24     11202.62   8432.33     12957   
22572851.00    228        1760       1988       1272      11740      13012      13012       1.15       0.24     11269.48   8365.48     13012   
22687434.00    248        1866       2114       1252      11634      12886      12886       1.15       0.25     11238.97   8395.99     12886   
22802017.00    276        2058       2334       1224      11442      12666      12666       1.15       0.27     11040.85   8594.10     12666   
22916600.00    275        2209       2484       1225      11291      12516      12516       1.16       0.28     10814.56   8820.39     12516   
23031183.00    262        2105       2367       1238      11395      12633      12633       1.16       0.27     10935.98   8698.98     12633   
23145766.00    245        2075       2320       1255      11425      12680      12680       1.16       0.27     10887.04   8747.92     12680   
23260349.00    241        1947       2188       1259      11553      12812      12812       1.16       0.25     11041.35   8593.60     12812   
23374932.00    233        1860       2093       1267      11640      12907      12907       1.17       0.24     11063.59   8571.37     12907   
23489515.00    227        1696       1923       1273      11804      13077      13077       1.16       0.23     11293.11   8341.85     13077   
23604098.00    218        1762       1980       1282      11738      13020      13020       1.16       0.24     11256.19   8378.77     13020   
23718681.00    220        1743       1963       1280      11757      13037      13037       1.16       0.23     11228.37   8406.59     13037   
23833264.00    221        1724       1945       1279      11776      13055      13055       1.16       0.23     11299.08   8335.88     13055   
23947847.00    230        1909       2139       1270      11591      12861      12861       1.16       0.25     11118.61   8516.35     12861   
24062430.00    230        1931       2161       1270      11569      12839      12839       1.15       0.25     11123.67   8511.28     12839   
24177013.00    204        1815       2019       1296      11685      12981      12981       1.16       0.24     11197.75   8437.21     12981   
24291596.00    202        1839       2041       1298      11661      12959      12959       1.16       0.24     11176.70   8458.26     12959   
24406179.00    210        1791       2001       1290      11709      12999      12999       1.16       0.24     11211.33   8423.63     12999   
24520762.00    221        1817       2038       1279      11683      12962      12962       1.16       0.24     11169.56   8465.39     12962   
24635345.00    229        1822       2051       1271      11678      12949      12949       1.16       0.24     11172.96   8462.00     12949   
24749928.00    211        1743       1954       1289      11757      13046      13046       1.16       0.23     11266.24   8368.72     13046   
24864511.00    231        1824       2055       1269      11676      12945      12945       1.16       0.24     11189.20   8445.76     12945   
24979094.00    230        1821       2051       1270      11679      12949      12949       1.16       0.24     11205.48   8429.47     12949   
25093677.00    246        1890       2136       1254      11610      12864      12864       1.16       0.25     11120.39   8514.57     12864   
25208260.00    263        1951       2214       1237      11549      12786      12786       1.16       0.26     11021.43   8613.52     12786   
25322843.00    260        1827       2087       1240      11673      12913      12913       1.16       0.24     11110.65   8524.30     12913   
25437426.00    253        1769       2022       1247      11731      12978      12978       1.16       0.24     11182.70   8452.25     12978   
25552009.00    249        1696       1945       1251      11804      13055      13055       1.16       0.23     11208.72   8426.24     13055   
25666592.00    233        1613       1846       1267      11887      13154      13154       1.16       0.22     11349.21   8285.75     13154   
25781175.00    219        1553       1772       1281      11947      13228      13228       1.15       0.22     11453.64   8181.32     13228   
25895758.00    223        1642       1865       1277      11858      13135      13135       1.15       0.23     11385.75   8249.21     13135   
26010341.00    247        1839       2086       1253      11661      12914      12914       1.16       0.25     11169.14   8465.81     12914   
26124924.00    263        1926       2189       1237      11574      12811      12811       1.15       0.26     11117.73   8517.22     12811   
26239507.00    269        1965       2234       1231      11535      12766      12766       1.15       0.26     11094.30   8540.66     12766   
26354090.00    251        1895       2146       1249      11605      12854      12854       1.16       0.25     11106.00   8528.95     12854   
26468673.00    251        1842       2093       1249      11658      12907      12907       1.16       0.25     11159.37   8475.58     12907   
26583256.00    257        1876       2133       1243      11624      12867      12867       1.16       0.25     11086.54   8548.42     12867   
26697839.00    250        1800       2050       1250      11700      12950      12950       1.17       0.24     11092.32   8542.64     12950   
26812422.00    232        1801       2033       1268      11699      12967      12967       1.17       0.24     11096.15   8538.80     12967   
26927005.00    241        1707       1948       1259      11793      13052      13052       1.16       0.23     11212.80   8422.16     13052   
27041588.00    255        1749       2004       1245      11751      12996      12996       1.16       0.24     11218.96   8416.00     12996   
27156171.00    247        1709       1956       1253      11791      13044      13044       1.16       0.23     11288.61   8346.35     13044   
27270754.00    230        1724       1954       1270      11776      13046      13046       1.16       0.23     11271.67   8363.29     13046   
27385337.00    243        1772       2015       1257      11728      12985      12985       1.16       0.24     11230.05   8404.90     12985   
27499920.00    257        1916       2173       1243      11584      12827      12827       1.16       0.25     11084.43   8550.53     12827   
27614503.00    255        1857       2112       1245      11643      12888      12888       1.15       0.25     11167.86   8467.09     12888   
27729086.00    256        1924       2180       1244      11576      12820      12820       1.16       0.25     11081.05   8553.90     12820   
27843669.00    259        2034       2293       1241      11466      12707      12707       1.15       0.27     11052.17   8582.78     12707   
27958252.00    274        2018       2292       1226      11482      12708      12708       1.16       0.27     10999.94   8635.01     12708   
28072835.00    248        1948       2196       1252      11552      12804      12804       1.16       0.26     11040.31   8594.65     12804   
28187418.00    238        1938       2176       1262      11562      12824      12824       1.16       0.25     11052.71   8582.25     12824   
28302001.00    242        1895       2137       1258      11605      12863      12863       1.16       0.25     11041.52   8593.43     12863   
28416584.00    231        1830       2061       1269      11670      12939      12939       1.17       0.24     11069.70   8565.25     12939   
28531167.00    241        1778       2019       1259      11722      12981      12981       1.17       0.24     11070.01   8564.95     12981   
28645750.00    250        1809       2059       1250      11691      12941      12941       1.17       0.24     11082.97   8551.98     12941   
28760333.00    251        1849       2100       1249      11651      12900      12900       1.17       0.24     11025.96   8608.99     12900   
28874916.00    236        1750       1986       1264      11750      13014      13014       1.18       0.23     11070.60   8564.36     13014   
28989499.00    237        1721       1958       1263      11779      13042      13042       1.17       0.23     11103.42   8531.53     13042   
29104082.00    235        1720       1955       1265      11780      13045      13045       1.18       0.23     11089.22   8545.74     13045   
29218665.00    245        1696       1941       1255      11804      13059      13059       1.18       0.23     11091.26   8543.69     13059   
29333248.00    254        1710       1964       1246      11790      13036      13036       1.17       0.23     11146.21   8488.75     13036   
29447831.00    262        1651       1913       1238      11849      13087      13087       1.17       0.23     11223.11   8411.85     13087   
29562414.00    257        1681       1938       1243      11819      13062      13062       1.16       0.23     11285.16   8349.79     13062   
29676997.00    273        1690       1963       1227      11810      13037      13037       1.15       0.24     11297.27   8337.68     13037   
29791580.00    263        1777       2040       1237      11723      12960      12960       1.15       0.24     11260.65   8374.31     12960   
29906163.00    262        1684       1946       1238      11816      13054      13054       1.14       0.24     11404.86   8230.09     13054   
30020746.00    273        1915       2188       1227      11585      12812      12812       1.15       0.26     11156.29   8478.67     12812   
30135329.00    314        2020       2334       1186      11480      12666      12666       1.16       0.27     10939.93   8695.02     12666   
30249912.00    298        2091       2389       1202      11409      12611      12611       1.16       0.27     10909.74   8725.22     12611   
30364495.00    295        2047       2342       1205      11453      12658      12658       1.16       0.27     10900.55   8734.41     12658   
30479078.00    276        2034       2310       1224      11466      12690      12690       1.16       0.27     10963.37   8671.59     12690   
30593661.00    292        2084       2376       1208      11416      12624      12624       1.16       0.27     10864.57   8770.39     12624   
30708244.00    267        1945       2212       1233      11555      12788      12788       1.16       0.26     10980.32   8654.64     12788   
30822827.00    260        1847       2107       1240      11653      12893      12893       1.16       0.25     11076.32   8558.63     12893   
30937410.00    251        1803       2054       1249      11697      12946      12946       1.16       0.24     11187.58   8447.37     12946   
31051993.00    230        1640       1870       1270      11860      13130      13130       1.15       0.23     11390.76   8244.19     13130   
31166576.00    247        1794       2041       1253      11706      12959      12959       1.16       0.24     11192.16   8442.79     12959   
31281159.00    249        1803       2052       1251      11697      12948      12948       1.15       0.24     11244.39   8390.57     12948   
31395742.00    242        1791       2033       1258      11709      12967      12967       1.14       0.25     11349.55   8285.41     12967   
31510325.00    246        1851       2097       1254      11649      12903      12903       1.15       0.25     11246.02   8388.94     12903   
31624908.00    241        1845       2086       1259      11655      12914      12914       1.15       0.25     11277.70   8357.26     12914   
31739491.00    246        1933       2179       1254      11567      12821      12821       1.15       0.26     11179.41   8455.54     12821   
31854074.00    242        1906       2148       1258      11594      12852      12852       1.16       0.25     11106.04   8528.92     12852   
31968657.00    234        1771       2005       1266      11729      12995      12995       1.16       0.24     11215.98   8418.98     12995   
32083240.00    230        1725       1955       1270      11775      13045      13045       1.15       0.24     11324.36   8310.60     13045   
32197823.00    255        1798       2053       1245      11702      12947      12947       1.15       0.24     11228.92   8406.04     12947   
32312406.00    250        1968       2218       1250      11532      12782      12782       1.16       0.26     11059.63   8575.32     12782   
32426989.00    254        1915       2169       1246      11585      12831      12831       1.17       0.25     10980.32   8654.63     12831   
32541572.00    234        1875       2109       1266      11625      12891      12891       1.17       0.25     11047.00   8587.95     12891   
32656155.00    223        1811       2034       1277      11689      12966      12966       1.17       0.24     11110.63   8524.33     12966   
32770738.00    216        1694       1910       1284      11806      13090      13090       1.17       0.23     11195.27   8439.68     13090   
32885321.00    202        1626       1828       1298      11874      13172      13172       1.17       0.22     11282.54   8352.41     13172   
32999904.00    191        1616       1807       1309      11884      13193      13193       1.17       0.22     11310.93   8324.03     13193   
33114487.00    195        1632       1827       1305      11868      13173      13173       1.16       0.22     11339.53   8295.42     13173   
33229070.00    203        1660       1863       1297      11840      13137      13137       1.15       0.23     11390.18   8244.78     13137   
33343653.00    212        1722       1934       1288      11778      13066      13066       1.16       0.23     11292.46   8342.49     13066   
33458236.00    230        1834       2064       1270      11666      12936      12936       1.16       0.24     11153.27   8481.68     12936   
33572819.00    240        1848       2088       1260      11652      12912      12912       1.16       0.25     11135.55   8499.40     12912   
33687402.00    230        1754       1984       1270      11746      13016      13016       1.16       0.24     11255.07   8379.89     13016   
33801985.00    214        1692       1906       1286      11808      13094      13094       1.17       0.23     11217.80   8417.16     13094   
33916568.00    211        1622       1833       1289      11878      13167      13167       1.16       0.22     11323.05   8311.91     13167   
34031151.00    209        1658       1867       1291      11842      13133      13133       1.16       0.23     11345.71   8289.24     13133   
34145734.00    221        1749       1970       1279      11751      13030      13030       1.16       0.23     11210.06   8424.89     13030   
34260317.00    208        1739       1947       1292      11761      13053      13053       1.17       0.23     11197.77   8437.18     13053   
34374900.00    202        1758       1960       1298      11742      13040      13040       1.16       0.23     11199.00   8435.95     13040   
34489483.00    217        1745       1962       1283      11755      13038      13038       1.16       0.23     11221.55   8413.40     13038   
34604066.00    209        1844       2053       1291      11656      12947      12947       1.16       0.24     11126.15   8508.80     12947   
34718649.00    230        1906       2136       1270      11594      12864      12864       1.17       0.25     11030.23   8604.73     12864   
34833232.00    212        1829       2041       1288      11671      12959      12959       1.17       0.24     11109.97   8524.98     12959   
34947815.00    208        1741       1949       1292      11759      13051      13051       1.16       0.23     11220.33   8414.63     13051   
35062398.00    215        1844       2059       1285      11656      12941      12941       1.16       0.24     11131.86   8503.10     12941   
35176981.00    226        1952       2178       1274      11548      12822      12822       1.16       0.25     11022.12   8612.84     12822   
35291564.00    227        1965       2192       1273      11535      12808      12808       1.16       0.25     11033.24   8601.71     12808   
35406147.00    235        1901       2136       1265      11599      12864      12864       1.16       0.25     11068.89   8566.07     12864   
35520730.00    224        1770       1994       1276      11730      13006      13006       1.16       0.24     11169.75   8465.20     13006   
35635313.00    219        1666       1885       1281      11834      13115      13115       1.16       0.23     11282.78   8352.18     13115   
35749896.00    207        1711       1918       1293      11789      13082      13082       1.16       0.23     11288.54   8346.42     13082   
35864479.00    214        1773       1987       1286      11727      13013      13013       1.15       0.24     11299.97   8334.99     13013   
35979062.00    212        1891       2103       1288      11609      12897      12897       1.15       0.25     11226.13   8408.83     12897   
36093645.00    234        1986       2220       1266      11514      12780      12780       1.16       0.26     11042.99   8591.97     12780   
36208228.00    208        1852       2060       1292      11648      12940      12940       1.17       0.24     11086.19   8548.76     12940   
36322811.00    188        1682       1870       1312      11818      13130      13130       1.17       0.22     11261.65   8373.31     13130   
36437394.00    194        1774       1968       1306      11726      13032      13032       1.17       0.23     11172.26   8462.70     13032   
36551977.00    217        1883       2100       1283      11617      12900      12900       1.17       0.24     11060.14   8574.81     12900   
36666560.00    218        1857       2075       1282      11643      12925      12925       1.16       0.24     11137.01   8497.94     12925   
36781143.00    220        1900       2120       1280      11600      12880      12880       1.16       0.25     11108.68   8526.27     12880   
36895726.00    220        1778       1998       1280      11722      13002      13002       1.16       0.24     11244.68   8390.28     13002   
37010309.00    232        1790       2022       1268      11710      12978      12978       1.15       0.24     11239.21   8395.75     12978   
37124892.00    237        1780       2017       1263      11720      12983      12983       1.16       0.24     11231.47   8403.49     12983   
37239475.00    241        1819       2060       1259      11681      12940      12940       1.16       0.24     11148.25   8486.70     12940   
37354058.00    251        1878       2129       1249      11622      12871      12871       1.16       0.25     11053.05   8581.91     12871   
37468641.00    244        1765       2009       1256      11735      12991      12991       1.17       0.24     11132.50   8502.45     12991   
37583224.00    236        1703       1939       1264      11797      13061      13061       1.17       0.23     11184.69   8450.27     13061   
37697807.00    242        1714       1956       1258      11786      13044      13044       1.17       0.23     11154.54   8480.42     13044   
37812390.00    215        1516       1731       1285      11984      13269      13269       1.16       0.21     11416.22   8218.74     13269   
37926973.00    215        1556       1771       1285      11944      13229      13229       1.16       0.22     11411.98   8222.97     13229   
38041556.00    204        1623       1827       1296      11877      13173      13173       1.16       0.22     11393.14   8241.82     13173   
38156139.00    211        1752       1963       1289      11748      13037      13037       1.15       0.24     11298.14   8336.81     13037   
38270722.00    214        1782       1996       1286      11718      13004      13004       1.15       0.24     11321.79   8313.17     13004   
38385305.00    215        1929       2144       1285      11571      12856      12856       1.15       0.25     11135.33   8499.63     12856   
38499888.00    226        1875       2101       1274      11625      12899      12899       1.15       0.25     11212.75   8422.21     12899   
38614471.00    211        1775       1986       1289      11725      13014      13014       1.15       0.24     11344.43   8290.52     13014   
38729054.00    213        1772       1985       1287      11728      13015      13015       1.15       0.24     11345.17   8289.78     13015   
38843637.00    224        1795       2019       1276      11705      12981      12981       1.14       0.24     11339.72   8295.24     12981   
38958220.00    233        1874       2107       1267      11626      12893      12893       1.14       0.25     11268.42   8366.54     12893   
39072803.00    247        1966       2213       1253      11534      12787      12787       1.14       0.26     11205.64   8429.31     12787   
39187386.00    256        1930       2186       1244      11570      12814      12814       1.14       0.26     11199.07   8435.88     12814   
39301969.00    253        1996       2249       1247      11504      12751      12751       1.15       0.26     11113.94   8521.02     12751   
39416552.00    242        1822       2064       1258      11678      12936      12936       1.15       0.25     11239.03   8395.93     12936   
39531135.00    230        1786       2016       1270      11714      12984      12984       1.15       0.24     11296.64   8338.32     12984   
39645718.00    239        1753       1992       1261      11747      13008      13008       1.15       0.24     11356.49   8278.47     13008   
39760301.00    277        1847       2124       1223      11653      12876      12876       1.15       0.25     11237.84   8397.12     12876   
39874884.00    259        1826       2085       1241      11674      12915      12915       1.15       0.25     11216.06   8418.89     12915   
39989467.00    239        1705       1944       1261      11795      13056      13056       1.15       0.23     11356.40   8278.55     13056   
40104050.00    246        1746       1992       1254      11754      13008      13008       1.15       0.24     11266.72   8368.24     13008   
40218633.00    242        1707       1949       1258      11793      13051      13051       1.16       0.23     11282.70   8352.26     13051   
40333216.00    226        1652       1878       1274      11848      13122      13122       1.16       0.23     11358.63   8276.32     13122   
40447799.00    246        1841       2087       1254      11659      12913      12913       1.15       0.25     11194.91   8440.04     12913   
40562382.00    225        1810       2035       1275      11690      12965      12965       1.15       0.24     11230.49   8404.47     12965   
40676965.00    198        1756       1954       1302      11744      13046      13046       1.15       0.24     11364.79   8270.17     13046   
40791548.00    211        1758       1969       1289      11742      13031      13031       1.15       0.24     11322.88   8312.08     13031   
40906131.00    233        1825       2058       1267      11675      12942      12942       1.15       0.24     11228.49   8406.47     12942   
41020714.00    254        1806       2060       1246      11694      12940      12940       1.14       0.25     11304.90   8330.06     12940   
41135297.00    300        2029       2329       1200      11471      12671      12671       1.15       0.27     11066.23   8568.72     12671   
41249880.00    268        2014       2282       1232      11486      12718      12718       1.14       0.27     11112.27   8522.69     12718   
41364463.00    282        2053       2335       1218      11447      12665      12665       1.14       0.27     11075.70   8559.26     12665   
41479046.00    299        2124       2423       1201      11376      12577      12577       1.15       0.28     10977.44   8657.52     12577   
41593629.00    280        2046       2326       1220      11454      12674      12674       1.14       0.27     11088.20   8546.76     12674   
41708212.00    295        2013       2308       1205      11487      12692      12692       1.15       0.27     11012.50   8622.46     12692   
41822795.00    262        1924       2186       1238      11576      12814      12814       1.15       0.26     11182.78   8452.17     12814   
41937378.00    256        1961       2217       1244      11539      12783      12783       1.15       0.26     11148.42   8486.53     12783   
42051961.00    243        1889       2132       1257      11611      12868      12868       1.15       0.25     11165.45   8469.50     12868   
42166544.00    237        1747       1984       1263      11753      13016      13016       1.15       0.24     11364.60   8270.35     13016   
42281127.00    240        1854       2094       1260      11646      12906      12906       1.14       0.25     11288.77   8346.19     12906   
42395710.00    262        2112       2374       1238      11388      12626      12626       1.15       0.27     10972.92   8662.04     12626   
42510293.00    251        1976       2227       1249      11524      12773      12773       1.16       0.26     11054.90   8580.06     12773   
42624876.00    240        1883       2123       1260      11617      12877      12877       1.16       0.25     11141.59   8493.37     12877   
42739459.00    224        1927       2151       1276      11573      12849      12849       1.15       0.25     11133.79   8501.16     12849   
42854042.00    225        1840       2065       1275      11660      12935      12935       1.16       0.24     11168.70   8466.26     12935   
42968625.00    228        1751       1979       1272      11749      13021      13021       1.15       0.24     11311.99   8322.96     13021   
43083208.00    222        1706       1928       1278      11794      13072      13072       1.15       0.23     11403.98   8230.98     13072   
43197791.00    233        1783       2016       1267      11717      12984      12984       1.15       0.24     11303.76   8331.20     12984   
43312374.00    235        1885       2120       1265      11615      12880      12880       1.15       0.25     11155.50   8479.45     12880   
43426957.00    246        1908       2154       1254      11592      12846      12846       1.16       0.25     11067.33   8567.62     12846   
43541540.00    223        1715       1938       1277      11785      13062      13062       1.15       0.23     11358.43   8276.53     13062   
43656123.00    228        1779       2007       1272      11721      12993      12993       1.15       0.24     11316.16   8318.80     12993   
43770706.00    251        1989       2240       1249      11511      12760      12760       1.15       0.26     11102.58   8532.37     12760   
43885289.00    283        2046       2329       1217      11454      12671      12671       1.16       0.27     10929.82   8705.14     12671   
43999872.00    254        1971       2225       1246      11529      12775      12775       1.16       0.26     11037.30   8597.65     12775   
44114455.00    241        2124       2365       1259      11376      12635      12635       1.16       0.27     10878.35   8756.61     12635   
44229038.00    246        2042       2288       1254      11458      12712      12712       1.16       0.26     10927.08   8707.87     12712   
44343621.00    244        1916       2160       1256      11584      12840      12840       1.17       0.25     10994.12   8640.84     12840   
44458204.00    229        1838       2067       1271      11662      12933      12933       1.17       0.24     11079.33   8555.62     12933   
44572787.00    235        1804       2039       1265      11696      12961      12961       1.15       0.24     11224.55   8410.40     12961   
44687370.00    222        1773       1995       1278      11727      13005      13005       1.15       0.24     11273.59   8361.36     13005   
44801953.00    220        1716       1936       1280      11784      13064      13064       1.16       0.23     11242.31   8392.65     13064   
44916536.00    229        1802       2031       1271      11698      12969      12969       1.17       0.24     11118.45   8516.51     12969   
45031119.00    229        1864       2093       1271      11636      12907      12907       1.16       0.24     11081.69   8553.26     12907   
45145702.00    219        1830       2049       1281      11670      12951      12951       1.16       0.24     11120.77   8514.18     12951   
45260285.00    219        1838       2057       1281      11662      12943      12943       1.16       0.24     11146.89   8488.07     12943   
45374868.00    201        1819       2020       1299      11681      12980      12980       1.15       0.24     11276.50   8358.45     12980   
45489451.00    223        1758       1981       1277      11742      13019      13019       1.15       0.24     11280.91   8354.04     13019   
45604034.00    213        1758       1971       1287      11742      13029      13029       1.16       0.24     11280.17   8354.78     13029   
45718617.00    226        1784       2010       1274      11716      12990      12990       1.16       0.24     11204.64   8430.31     12990   
45833200.00    237        1934       2171       1263      11566      12829      12829       1.16       0.25     11064.36   8570.60     12829   
