 Timestep    Gas_A      Gas_B     Gas_tot    Dense_A    Dense_B   Dense_tot   Lg_clust  DP_density GP_density Clust_area  Gas_area     MCS    
   0.00       9000       6000      15000        0          0          0          6         0.00       0.76       0.00     19634.96      0     
 72916.00     9000       6000      15000        0          0          0          93        0.00       0.76       0.00     19634.96      0     
145832.00     9000       6000      15000        0          0          0         173        0.00       0.76       0.00     19634.96      0     
218748.00     9000       6000      15000        0          0          0         327        0.00       0.76       0.00     19634.96      0     
291664.00     9000       6000      15000        0          0          0         273        0.00       0.76       0.00     19634.96      0     
364580.00     9000       6000      15000        0          0          0         254        0.00       0.76       0.00     19634.96      0     
437496.00     9000       6000      15000        0          0          0         478        0.00       0.76       0.00     19634.96      0     
510412.00     9000       6000      15000        0          0          0         603        0.00       0.76       0.00     19634.96      0     
583328.00     9000       6000      15000        0          0          0         501        0.00       0.76       0.00     19634.96      0     
656244.00     9000       6000      15000        0          0          0         837        0.00       0.76       0.00     19634.96      0     
729160.00     9000       6000      15000        0          0          0         793        0.00       0.76       0.00     19634.96      0     
802076.00     9000       6000      15000        0          0          0         974        0.00       0.76       0.00     19634.96      0     
874992.00     9000       6000      15000        0          0          0         947        0.00       0.76       0.00     19634.96      0     
947908.00     8441       5495      13936       559        505        1064       1064       1.01       0.75     1050.73    18584.23     1064   
1020824.00    9000       6000      15000        0          0          0         790        0.00       0.76       0.00     19634.96      0     
1093740.00    9000       6000      15000        0          0          0         791        0.00       0.76       0.00     19634.96      0     
1166656.00    9000       6000      15000        0          0          0         911        0.00       0.76       0.00     19634.96      0     
1239572.00    9000       6000      15000        0          0          0         848        0.00       0.76       0.00     19634.96      0     
1312488.00    9000       6000      15000        0          0          0         810        0.00       0.76       0.00     19634.96      0     
1385404.00    9000       6000      15000        0          0          0         804        0.00       0.76       0.00     19634.96      0     
1458320.00    9000       6000      15000        0          0          0         777        0.00       0.76       0.00     19634.96      0     
1531236.00    9000       6000      15000        0          0          0         836        0.00       0.76       0.00     19634.96      0     
1604152.00    9000       6000      15000        0          0          0         456        0.00       0.76       0.00     19634.96      0     
1677068.00    9000       6000      15000        0          0          0         640        0.00       0.76       0.00     19634.96      0     
1749984.00    9000       6000      15000        0          0          0         524        0.00       0.76       0.00     19634.96      0     
1822900.00    9000       6000      15000        0          0          0         562        0.00       0.76       0.00     19634.96      0     
1895816.00    9000       6000      15000        0          0          0         554        0.00       0.76       0.00     19634.96      0     
1968732.00    9000       6000      15000        0          0          0         387        0.00       0.76       0.00     19634.96      0     
2041648.00    9000       6000      15000        0          0          0         998        0.00       0.76       0.00     19634.96      0     
2114564.00    9000       6000      15000        0          0          0         569        0.00       0.76       0.00     19634.96      0     
2187480.00    9000       6000      15000        0          0          0         567        0.00       0.76       0.00     19634.96      0     
2260396.00    9000       6000      15000        0          0          0         410        0.00       0.76       0.00     19634.96      0     
2333312.00    9000       6000      15000        0          0          0         833        0.00       0.76       0.00     19634.96      0     
2406228.00    9000       6000      15000        0          0          0         561        0.00       0.76       0.00     19634.96      0     
2479144.00    9000       6000      15000        0          0          0         714        0.00       0.76       0.00     19634.96      0     
2552060.00    9000       6000      15000        0          0          0         516        0.00       0.76       0.00     19634.96      0     
2624976.00    9000       6000      15000        0          0          0         799        0.00       0.76       0.00     19634.96      0     
2697892.00    9000       6000      15000        0          0          0         751        0.00       0.76       0.00     19634.96      0     
2770808.00    9000       6000      15000        0          0          0         734        0.00       0.76       0.00     19634.96      0     
2843724.00    9000       6000      15000        0          0          0         680        0.00       0.76       0.00     19634.96      0     
2916640.00    9000       6000      15000        0          0          0         586        0.00       0.76       0.00     19634.96      0     
2989556.00    9000       6000      15000        0          0          0         752        0.00       0.76       0.00     19634.96      0     
3062472.00    9000       6000      15000        0          0          0         782        0.00       0.76       0.00     19634.96      0     
3135388.00    9000       6000      15000        0          0          0         836        0.00       0.76       0.00     19634.96      0     
3208304.00    9000       6000      15000        0          0          0         969        0.00       0.76       0.00     19634.96      0     
3281220.00    8457       5498      13955       543        502        1045       1045       0.99       0.75     1053.47    18581.49     1045   
3354136.00    9000       6000      15000        0          0          0         796        0.00       0.76       0.00     19634.96      0     
3427052.00    9000       6000      15000        0          0          0         781        0.00       0.76       0.00     19634.96      0     
3499968.00    9000       6000      15000        0          0          0         788        0.00       0.76       0.00     19634.96      0     
3572884.00    9000       6000      15000        0          0          0         850        0.00       0.76       0.00     19634.96      0     
3645800.00    8323       5467      13790       677        533        1210       1210       0.99       0.75     1217.81    18417.14     1210   
3718716.00    9000       6000      15000        0          0          0         867        0.00       0.76       0.00     19634.96      0     
3791632.00    8446       5519      13965       554        481        1035       1035       1.01       0.75     1023.61    18611.35     1035   
3864548.00    8398       5486      13884       602        514        1116       1116       1.00       0.75     1120.54    18514.42     1116   
3937464.00    9000       6000      15000        0          0          0         770        0.00       0.76       0.00     19634.96      0     
4010380.00    9000       6000      15000        0          0          0         764        0.00       0.76       0.00     19634.96      0     
4083296.00    9000       6000      15000        0          0          0         701        0.00       0.76       0.00     19634.96      0     
4156212.00    9000       6000      15000        0          0          0         514        0.00       0.76       0.00     19634.96      0     
4229128.00    9000       6000      15000        0          0          0         474        0.00       0.76       0.00     19634.96      0     
4302044.00    9000       6000      15000        0          0          0         540        0.00       0.76       0.00     19634.96      0     
4374960.00    9000       6000      15000        0          0          0         578        0.00       0.76       0.00     19634.96      0     
4447876.00    9000       6000      15000        0          0          0         608        0.00       0.76       0.00     19634.96      0     
4520792.00    9000       6000      15000        0          0          0         599        0.00       0.76       0.00     19634.96      0     
4593708.00    9000       6000      15000        0          0          0         665        0.00       0.76       0.00     19634.96      0     
4666624.00    9000       6000      15000        0          0          0         633        0.00       0.76       0.00     19634.96      0     
4739540.00    9000       6000      15000        0          0          0         644        0.00       0.76       0.00     19634.96      0     
4812456.00    9000       6000      15000        0          0          0         726        0.00       0.76       0.00     19634.96      0     
4885372.00    9000       6000      15000        0          0          0         813        0.00       0.76       0.00     19634.96      0     
4958288.00    9000       6000      15000        0          0          0         633        0.00       0.76       0.00     19634.96      0     
5031204.00    9000       6000      15000        0          0          0         643        0.00       0.76       0.00     19634.96      0     
5104120.00    9000       6000      15000        0          0          0         656        0.00       0.76       0.00     19634.96      0     
5177036.00    9000       6000      15000        0          0          0         563        0.00       0.76       0.00     19634.96      0     
5249952.00    9000       6000      15000        0          0          0         750        0.00       0.76       0.00     19634.96      0     
5322868.00    9000       6000      15000        0          0          0         685        0.00       0.76       0.00     19634.96      0     
5395784.00    9000       6000      15000        0          0          0         392        0.00       0.76       0.00     19634.96      0     
5468700.00    9000       6000      15000        0          0          0         534        0.00       0.76       0.00     19634.96      0     
5541616.00    9000       6000      15000        0          0          0         401        0.00       0.76       0.00     19634.96      0     
5614532.00    9000       6000      15000        0          0          0         544        0.00       0.76       0.00     19634.96      0     
5687448.00    9000       6000      15000        0          0          0         630        0.00       0.76       0.00     19634.96      0     
5760364.00    9000       6000      15000        0          0          0         750        0.00       0.76       0.00     19634.96      0     
5833280.00    9000       6000      15000        0          0          0         920        0.00       0.76       0.00     19634.96      0     
5906196.00    9000       6000      15000        0          0          0         707        0.00       0.76       0.00     19634.96      0     
5979112.00    9000       6000      15000        0          0          0         975        0.00       0.76       0.00     19634.96      0     
6052028.00    9000       6000      15000        0          0          0         957        0.00       0.76       0.00     19634.96      0     
6124944.00    9000       6000      15000        0          0          0         578        0.00       0.76       0.00     19634.96      0     
6197860.00    9000       6000      15000        0          0          0         616        0.00       0.76       0.00     19634.96      0     
6270776.00    8455       5534      13989       545        466        1011       1011       1.01       0.75     1002.43    18632.52     1011   
6343692.00    9000       6000      15000        0          0          0         611        0.00       0.76       0.00     19634.96      0     
6416608.00    9000       6000      15000        0          0          0         454        0.00       0.76       0.00     19634.96      0     
6489524.00    9000       6000      15000        0          0          0         601        0.00       0.76       0.00     19634.96      0     
6562440.00    9000       6000      15000        0          0          0         713        0.00       0.76       0.00     19634.96      0     
6635356.00    9000       6000      15000        0          0          0         643        0.00       0.76       0.00     19634.96      0     
6708272.00    9000       6000      15000        0          0          0         832        0.00       0.76       0.00     19634.96      0     
6781188.00    9000       6000      15000        0          0          0         723        0.00       0.76       0.00     19634.96      0     
6854104.00    9000       6000      15000        0          0          0         942        0.00       0.76       0.00     19634.96      0     
6927020.00    9000       6000      15000        0          0          0         598        0.00       0.76       0.00     19634.96      0     
6999936.00    8255       5327      13582       745        673        1418       1418       0.99       0.75     1427.02    18207.94     1418   
7072852.00    9000       6000      15000        0          0          0         933        0.00       0.76       0.00     19634.96      0     
7145768.00    8007       5163      13170       993        837        1830       1830       1.00       0.74     1837.43    17797.53     1830   
7218684.00    8134       5212      13346       866        788        1654       1654       1.02       0.74     1617.47    18017.49     1654   
7291600.00    9000       6000      15000        0          0          0         797        0.00       0.76       0.00     19634.96      0     
7364516.00    9000       6000      15000        0          0          0         622        0.00       0.76       0.00     19634.96      0     
7437432.00    9000       6000      15000        0          0          0         674        0.00       0.76       0.00     19634.96      0     
7510348.00    9000       6000      15000        0          0          0         729        0.00       0.76       0.00     19634.96      0     
7583264.00    9000       6000      15000        0          0          0         831        0.00       0.76       0.00     19634.96      0     
7656180.00    9000       6000      15000        0          0          0         844        0.00       0.76       0.00     19634.96      0     
7729096.00    9000       6000      15000        0          0          0         900        0.00       0.76       0.00     19634.96      0     
7802012.00    9000       6000      15000        0          0          0         821        0.00       0.76       0.00     19634.96      0     
7874928.00    9000       6000      15000        0          0          0         744        0.00       0.76       0.00     19634.96      0     
7947844.00    9000       6000      15000        0          0          0         730        0.00       0.76       0.00     19634.96      0     
8020760.00    9000       6000      15000        0          0          0         494        0.00       0.76       0.00     19634.96      0     
8093676.00    9000       6000      15000        0          0          0         511        0.00       0.76       0.00     19634.96      0     
8166592.00    9000       6000      15000        0          0          0         436        0.00       0.76       0.00     19634.96      0     
8239508.00    9000       6000      15000        0          0          0         481        0.00       0.76       0.00     19634.96      0     
8312424.00    9000       6000      15000        0          0          0         348        0.00       0.76       0.00     19634.96      0     
8385340.00    9000       6000      15000        0          0          0         478        0.00       0.76       0.00     19634.96      0     
8458256.00    9000       6000      15000        0          0          0         436        0.00       0.76       0.00     19634.96      0     
8531172.00    9000       6000      15000        0          0          0         518        0.00       0.76       0.00     19634.96      0     
8604088.00    9000       6000      15000        0          0          0         259        0.00       0.76       0.00     19634.96      0     
8677004.00    9000       6000      15000        0          0          0         371        0.00       0.76       0.00     19634.96      0     
8749920.00    9000       6000      15000        0          0          0         493        0.00       0.76       0.00     19634.96      0     
8822836.00    9000       6000      15000        0          0          0         373        0.00       0.76       0.00     19634.96      0     
8895752.00    9000       6000      15000        0          0          0         429        0.00       0.76       0.00     19634.96      0     
8968668.00    9000       6000      15000        0          0          0         610        0.00       0.76       0.00     19634.96      0     
9041584.00    9000       6000      15000        0          0          0         859        0.00       0.76       0.00     19634.96      0     
9114500.00    9000       6000      15000        0          0          0         685        0.00       0.76       0.00     19634.96      0     
9187416.00    9000       6000      15000        0          0          0         602        0.00       0.76       0.00     19634.96      0     
9260332.00    9000       6000      15000        0          0          0         716        0.00       0.76       0.00     19634.96      0     
9333248.00    9000       6000      15000        0          0          0         461        0.00       0.76       0.00     19634.96      0     
9406164.00    9000       6000      15000        0          0          0         598        0.00       0.76       0.00     19634.96      0     
9479080.00    9000       6000      15000        0          0          0         698        0.00       0.76       0.00     19634.96      0     
9551996.00    9000       6000      15000        0          0          0         742        0.00       0.76       0.00     19634.96      0     
9624912.00    9000       6000      15000        0          0          0         853        0.00       0.76       0.00     19634.96      0     
9697828.00    8347       5497      13844       653        503        1156       1156       1.00       0.75     1150.59    18484.37     1156   
9770744.00    8369       5438      13807       631        562        1193       1193       1.01       0.75     1185.33    18449.63     1193   
9843660.00    8419       5565      13984       581        435        1016       1016       1.02       0.75      994.89    18640.07     1016   
9916576.00    9000       6000      15000        0          0          0         954        0.00       0.76       0.00     19634.96      0     
9989492.00    9000       6000      15000        0          0          0         870        0.00       0.76       0.00     19634.96      0     
10062408.00    9000       6000      15000        0          0          0         729        0.00       0.76       0.00     19634.96      0     
10135324.00    9000       6000      15000        0          0          0         693        0.00       0.76       0.00     19634.96      0     
10208240.00    8195       5309      13504       805        691        1496       1496       1.00       0.74     1496.96    18137.99     1496   
10281156.00    8248       5343      13591       752        657        1409       1409       1.00       0.75     1411.56    18223.39     1409   
10354072.00    9000       6000      15000        0          0          0         904        0.00       0.76       0.00     19634.96      0     
10426988.00    9000       6000      15000        0          0          0         694        0.00       0.76       0.00     19634.96      0     
10499904.00    9000       6000      15000        0          0          0         628        0.00       0.76       0.00     19634.96      0     
10572820.00    9000       6000      15000        0          0          0         562        0.00       0.76       0.00     19634.96      0     
10645736.00    9000       6000      15000        0          0          0         526        0.00       0.76       0.00     19634.96      0     
10718652.00    9000       6000      15000        0          0          0         523        0.00       0.76       0.00     19634.96      0     
10791568.00    8425       5509      13934       575        491        1066       1066       1.00       0.75     1066.76    18568.19     1066   
10864484.00    9000       6000      15000        0          0          0         696        0.00       0.76       0.00     19634.96      0     
10937400.00    9000       6000      15000        0          0          0         782        0.00       0.76       0.00     19634.96      0     
11010316.00    9000       6000      15000        0          0          0         622        0.00       0.76       0.00     19634.96      0     
11083232.00    9000       6000      15000        0          0          0         680        0.00       0.76       0.00     19634.96      0     
11156148.00    9000       6000      15000        0          0          0         588        0.00       0.76       0.00     19634.96      0     
11229064.00    9000       6000      15000        0          0          0         376        0.00       0.76       0.00     19634.96      0     
11301980.00    9000       6000      15000        0          0          0         432        0.00       0.76       0.00     19634.96      0     
11374896.00    9000       6000      15000        0          0          0         658        0.00       0.76       0.00     19634.96      0     
11447812.00    9000       6000      15000        0          0          0         614        0.00       0.76       0.00     19634.96      0     
11520728.00    9000       6000      15000        0          0          0         630        0.00       0.76       0.00     19634.96      0     
11593644.00    9000       6000      15000        0          0          0         699        0.00       0.76       0.00     19634.96      0     
11666560.00    9000       6000      15000        0          0          0         700        0.00       0.76       0.00     19634.96      0     
11739476.00    9000       6000      15000        0          0          0         900        0.00       0.76       0.00     19634.96      0     
11812392.00    9000       6000      15000        0          0          0         728        0.00       0.76       0.00     19634.96      0     
11885308.00    9000       6000      15000        0          0          0         892        0.00       0.76       0.00     19634.96      0     
11958224.00    9000       6000      15000        0          0          0         781        0.00       0.76       0.00     19634.96      0     
12031140.00    9000       6000      15000        0          0          0         677        0.00       0.76       0.00     19634.96      0     
12104056.00    9000       6000      15000        0          0          0         773        0.00       0.76       0.00     19634.96      0     
12176972.00    9000       6000      15000        0          0          0         690        0.00       0.76       0.00     19634.96      0     
12249888.00    9000       6000      15000        0          0          0         555        0.00       0.76       0.00     19634.96      0     
12322804.00    9000       6000      15000        0          0          0         766        0.00       0.76       0.00     19634.96      0     
12395720.00    9000       6000      15000        0          0          0         762        0.00       0.76       0.00     19634.96      0     
12468636.00    9000       6000      15000        0          0          0         754        0.00       0.76       0.00     19634.96      0     
12541552.00    8452       5511      13963       548        489        1037       1037       1.03       0.75     1003.89    18631.06     1037   
12614468.00    9000       6000      15000        0          0          0         992        0.00       0.76       0.00     19634.96      0     
12687384.00    8442       5504      13946       558        496        1054       1054       1.01       0.75     1039.05    18595.90     1054   
12760300.00    9000       6000      15000        0          0          0         801        0.00       0.76       0.00     19634.96      0     
12833216.00    9000       6000      15000        0          0          0         719        0.00       0.76       0.00     19634.96      0     
12906132.00    9000       6000      15000        0          0          0         804        0.00       0.76       0.00     19634.96      0     
12979048.00    8383       5461      13844       617        539        1156       1156       0.99       0.75     1168.94    18466.01     1156   
13051964.00    9000       6000      15000        0          0          0         877        0.00       0.76       0.00     19634.96      0     
13124880.00    9000       6000      15000        0          0          0         708        0.00       0.76       0.00     19634.96      0     
13197796.00    9000       6000      15000        0          0          0         697        0.00       0.76       0.00     19634.96      0     
13270712.00    8196       5255      13451       804        745        1549       1549       1.01       0.74     1539.85    18095.10     1549   
13343628.00    8173       5269      13442       827        731        1558       1558       0.99       0.74     1569.48    18065.47     1558   
13416544.00    9000       6000      15000        0          0          0         790        0.00       0.76       0.00     19634.96      0     
13489460.00    9000       6000      15000        0          0          0         742        0.00       0.76       0.00     19634.96      0     
13562376.00    9000       6000      15000        0          0          0         829        0.00       0.76       0.00     19634.96      0     
13635292.00    9000       6000      15000        0          0          0         657        0.00       0.76       0.00     19634.96      0     
13708208.00    9000       6000      15000        0          0          0         678        0.00       0.76       0.00     19634.96      0     
13781124.00    9000       6000      15000        0          0          0         407        0.00       0.76       0.00     19634.96      0     
13854040.00    9000       6000      15000        0          0          0         522        0.00       0.76       0.00     19634.96      0     
13926956.00    9000       6000      15000        0          0          0         552        0.00       0.76       0.00     19634.96      0     
13999872.00    9000       6000      15000        0          0          0         598        0.00       0.76       0.00     19634.96      0     
14072788.00    9000       6000      15000        0          0          0         467        0.00       0.76       0.00     19634.96      0     
14145704.00    9000       6000      15000        0          0          0         579        0.00       0.76       0.00     19634.96      0     
14218620.00    9000       6000      15000        0          0          0         720        0.00       0.76       0.00     19634.96      0     
14291536.00    9000       6000      15000        0          0          0         844        0.00       0.76       0.00     19634.96      0     
14364452.00    9000       6000      15000        0          0          0         579        0.00       0.76       0.00     19634.96      0     
14437368.00    9000       6000      15000        0          0          0         977        0.00       0.76       0.00     19634.96      0     
14510284.00    9000       6000      15000        0          0          0         661        0.00       0.76       0.00     19634.96      0     
14583200.00    9000       6000      15000        0          0          0         684        0.00       0.76       0.00     19634.96      0     
14656116.00    9000       6000      15000        0          0          0         638        0.00       0.76       0.00     19634.96      0     
14729032.00    9000       6000      15000        0          0          0         517        0.00       0.76       0.00     19634.96      0     
14801948.00    8063       5203      13266       937        797        1734       1734       1.02       0.74     1698.58    17936.38     1734   
14874864.00    8443       5534      13977       557        466        1023       1023       1.01       0.75     1010.51    18624.44     1023   
14947780.00    7906       5033      12939       1094       967        2061       1039       1.02       0.73     2018.88    17616.08     1030   
15020696.00    8457       5499      13956       543        501        1044       1044       1.00       0.75     1038.94    18596.01     1044   
15093612.00    8437       5519      13956       563        481        1044       1044       0.99       0.75     1051.29    18583.66     1044   
15166528.00    9000       6000      15000        0          0          0         824        0.00       0.76       0.00     19634.96      0     
15239444.00    9000       6000      15000        0          0          0         788        0.00       0.76       0.00     19634.96      0     
15312360.00    9000       6000      15000        0          0          0         897        0.00       0.76       0.00     19634.96      0     
15385276.00    8479       5479      13958       521        521        1042       1042       0.99       0.75     1047.67    18587.28     1042   
15458192.00    9000       6000      15000        0          0          0         546        0.00       0.76       0.00     19634.96      0     
15531108.00    9000       6000      15000        0          0          0         833        0.00       0.76       0.00     19634.96      0     
15604024.00    8362       5407      13769       638        593        1231       1231       0.99       0.75     1246.35    18388.61     1231   
15676940.00    8411       5488      13899       589        512        1101       1101       1.00       0.75     1096.82    18538.14     1101   
15749856.00    9000       6000      15000        0          0          0         911        0.00       0.76       0.00     19634.96      0     
15822772.00    9000       6000      15000        0          0          0         704        0.00       0.76       0.00     19634.96      0     
15895688.00    9000       6000      15000        0          0          0         858        0.00       0.76       0.00     19634.96      0     
15968604.00    9000       6000      15000        0          0          0         949        0.00       0.76       0.00     19634.96      0     
16041520.00    9000       6000      15000        0          0          0         806        0.00       0.76       0.00     19634.96      0     
16114436.00    9000       6000      15000        0          0          0         796        0.00       0.76       0.00     19634.96      0     
16187352.00    9000       6000      15000        0          0          0         817        0.00       0.76       0.00     19634.96      0     
16260268.00    9000       6000      15000        0          0          0         570        0.00       0.76       0.00     19634.96      0     
16333184.00    9000       6000      15000        0          0          0         798        0.00       0.76       0.00     19634.96      0     
16406100.00    9000       6000      15000        0          0          0         483        0.00       0.76       0.00     19634.96      0     
16479016.00    9000       6000      15000        0          0          0         406        0.00       0.76       0.00     19634.96      0     
16551932.00    9000       6000      15000        0          0          0         474        0.00       0.76       0.00     19634.96      0     
16624848.00    9000       6000      15000        0          0          0         511        0.00       0.76       0.00     19634.96      0     
16697764.00    9000       6000      15000        0          0          0         530        0.00       0.76       0.00     19634.96      0     
16770680.00    9000       6000      15000        0          0          0         767        0.00       0.76       0.00     19634.96      0     
16843596.00    9000       6000      15000        0          0          0         797        0.00       0.76       0.00     19634.96      0     
16916512.00    9000       6000      15000        0          0          0         896        0.00       0.76       0.00     19634.96      0     
16989428.00    8391       5530      13921       609        470        1079       1079       0.99       0.75     1084.55    18550.41     1079   
17062344.00    8384       5489      13873       616        511        1127       1127       1.00       0.75     1125.44    18509.51     1127   
17135260.00    8377       5501      13878       623        499        1122       1122       1.01       0.75     1111.54    18523.42     1122   
17208176.00    8326       5460      13786       674        540        1214       1214       0.99       0.75     1220.72    18414.24     1214   
17281092.00    9000       6000      15000        0          0          0         723        0.00       0.76       0.00     19634.96      0     
17354008.00    8373       5457      13830       627        543        1170       1170       1.01       0.75     1155.50    18479.45     1170   
17426924.00    8434       5551      13985       566        449        1015       1015       1.00       0.75     1011.06    18623.90     1015   
17499840.00    8403       5500      13903       597        500        1097       1097       1.03       0.75     1059.97    18574.98     1097   
17572756.00    9000       6000      15000        0          0          0         938        0.00       0.76       0.00     19634.96      0     
17645672.00    9000       6000      15000        0          0          0         853        0.00       0.76       0.00     19634.96      0     
17718588.00    9000       6000      15000        0          0          0         906        0.00       0.76       0.00     19634.96      0     
17791504.00    9000       6000      15000        0          0          0         605        0.00       0.76       0.00     19634.96      0     
17864420.00    9000       6000      15000        0          0          0         729        0.00       0.76       0.00     19634.96      0     
17937336.00    9000       6000      15000        0          0          0         684        0.00       0.76       0.00     19634.96      0     
18010252.00    9000       6000      15000        0          0          0         835        0.00       0.76       0.00     19634.96      0     
18083168.00    9000       6000      15000        0          0          0         605        0.00       0.76       0.00     19634.96      0     
18156084.00    8329       5475      13804       671        525        1196       1196       1.01       0.75     1180.95    18454.00     1196   
18229000.00    9000       6000      15000        0          0          0         927        0.00       0.76       0.00     19634.96      0     
18301916.00    9000       6000      15000        0          0          0         977        0.00       0.76       0.00     19634.96      0     
18374832.00    9000       6000      15000        0          0          0         844        0.00       0.76       0.00     19634.96      0     
18447748.00    9000       6000      15000        0          0          0         701        0.00       0.76       0.00     19634.96      0     
18520664.00    9000       6000      15000        0          0          0         787        0.00       0.76       0.00     19634.96      0     
18593580.00    9000       6000      15000        0          0          0         760        0.00       0.76       0.00     19634.96      0     
18666496.00    9000       6000      15000        0          0          0         722        0.00       0.76       0.00     19634.96      0     
18739412.00    9000       6000      15000        0          0          0         733        0.00       0.76       0.00     19634.96      0     
18812328.00    9000       6000      15000        0          0          0         681        0.00       0.76       0.00     19634.96      0     
18885244.00    9000       6000      15000        0          0          0         972        0.00       0.76       0.00     19634.96      0     
18958160.00    8324       5442      13766       676        558        1234       1234       1.01       0.75     1217.70    18417.26     1234   
19031076.00    8459       5533      13992       541        467        1008       1008       1.01       0.75     1001.36    18633.59     1008   
19103992.00    8464       5505      13969       536        495        1031       1031       1.00       0.75     1027.25    18607.70     1031   
19176908.00    8094       5218      13312       906        782        1688       1688       1.00       0.74     1682.74    17952.22     1688   
19249824.00    9000       6000      15000        0          0          0         828        0.00       0.76       0.00     19634.96      0     
19322740.00    9000       6000      15000        0          0          0         393        0.00       0.76       0.00     19634.96      0     
19395656.00    9000       6000      15000        0          0          0         698        0.00       0.76       0.00     19634.96      0     
19468572.00    9000       6000      15000        0          0          0         539        0.00       0.76       0.00     19634.96      0     
19541488.00    9000       6000      15000        0          0          0         834        0.00       0.76       0.00     19634.96      0     
19614404.00    8481       5497      13978       519        503        1022       1022       1.00       0.75     1025.65    18609.30     1022   
19687320.00    9000       6000      15000        0          0          0         608        0.00       0.76       0.00     19634.96      0     
19760236.00    8455       5498      13953       545        502        1047       1047       1.00       0.75     1048.24    18586.71     1047   
19833152.00    9000       6000      15000        0          0          0         688        0.00       0.76       0.00     19634.96      0     
19906068.00    8438       5481      13919       562        519        1081       1081       1.01       0.75     1069.88    18565.08     1081   
19978984.00    9000       6000      15000        0          0          0         959        0.00       0.76       0.00     19634.96      0     
20051900.00    9000       6000      15000        0          0          0         949        0.00       0.76       0.00     19634.96      0     
20124816.00    9000       6000      15000        0          0          0         931        0.00       0.76       0.00     19634.96      0     
20197732.00    9000       6000      15000        0          0          0         932        0.00       0.76       0.00     19634.96      0     
20270648.00    9000       6000      15000        0          0          0         902        0.00       0.76       0.00     19634.96      0     
20343564.00    9000       6000      15000        0          0          0         910        0.00       0.76       0.00     19634.96      0     
20416480.00    9000       6000      15000        0          0          0         837        0.00       0.76       0.00     19634.96      0     
20489396.00    9000       6000      15000        0          0          0         809        0.00       0.76       0.00     19634.96      0     
20562312.00    9000       6000      15000        0          0          0         743        0.00       0.76       0.00     19634.96      0     
20635228.00    9000       6000      15000        0          0          0         769        0.00       0.76       0.00     19634.96      0     
20708144.00    9000       6000      15000        0          0          0         781        0.00       0.76       0.00     19634.96      0     
20781060.00    9000       6000      15000        0          0          0         562        0.00       0.76       0.00     19634.96      0     
20853976.00    9000       6000      15000        0          0          0         559        0.00       0.76       0.00     19634.96      0     
20926892.00    9000       6000      15000        0          0          0         650        0.00       0.76       0.00     19634.96      0     
20999808.00    9000       6000      15000        0          0          0         608        0.00       0.76       0.00     19634.96      0     
21072724.00    9000       6000      15000        0          0          0         795        0.00       0.76       0.00     19634.96      0     
21145640.00    9000       6000      15000        0          0          0         982        0.00       0.76       0.00     19634.96      0     
21218556.00    9000       6000      15000        0          0          0         758        0.00       0.76       0.00     19634.96      0     
21291472.00    9000       6000      15000        0          0          0         685        0.00       0.76       0.00     19634.96      0     
21364388.00    9000       6000      15000        0          0          0         669        0.00       0.76       0.00     19634.96      0     
21437304.00    9000       6000      15000        0          0          0         700        0.00       0.76       0.00     19634.96      0     
21510220.00    9000       6000      15000        0          0          0         730        0.00       0.76       0.00     19634.96      0     
21583136.00    9000       6000      15000        0          0          0         526        0.00       0.76       0.00     19634.96      0     
21656052.00    9000       6000      15000        0          0          0         539        0.00       0.76       0.00     19634.96      0     
21728968.00    9000       6000      15000        0          0          0         534        0.00       0.76       0.00     19634.96      0     
21801884.00    9000       6000      15000        0          0          0         636        0.00       0.76       0.00     19634.96      0     
21874800.00    9000       6000      15000        0          0          0         407        0.00       0.76       0.00     19634.96      0     
21947716.00    9000       6000      15000        0          0          0         391        0.00       0.76       0.00     19634.96      0     
22020632.00    9000       6000      15000        0          0          0         376        0.00       0.76       0.00     19634.96      0     
22093548.00    9000       6000      15000        0          0          0         504        0.00       0.76       0.00     19634.96      0     
22166464.00    9000       6000      15000        0          0          0         428        0.00       0.76       0.00     19634.96      0     
22239380.00    9000       6000      15000        0          0          0         368        0.00       0.76       0.00     19634.96      0     
22312296.00    9000       6000      15000        0          0          0         444        0.00       0.76       0.00     19634.96      0     
22385212.00    9000       6000      15000        0          0          0         945        0.00       0.76       0.00     19634.96      0     
22458128.00    9000       6000      15000        0          0          0         624        0.00       0.76       0.00     19634.96      0     
22531044.00    9000       6000      15000        0          0          0         632        0.00       0.76       0.00     19634.96      0     
22603960.00    9000       6000      15000        0          0          0         616        0.00       0.76       0.00     19634.96      0     
22676876.00    9000       6000      15000        0          0          0         541        0.00       0.76       0.00     19634.96      0     
22749792.00    9000       6000      15000        0          0          0         430        0.00       0.76       0.00     19634.96      0     
22822708.00    9000       6000      15000        0          0          0         430        0.00       0.76       0.00     19634.96      0     
22895624.00    9000       6000      15000        0          0          0         376        0.00       0.76       0.00     19634.96      0     
22968540.00    9000       6000      15000        0          0          0         395        0.00       0.76       0.00     19634.96      0     
23041456.00    9000       6000      15000        0          0          0         397        0.00       0.76       0.00     19634.96      0     
23114372.00    9000       6000      15000        0          0          0         551        0.00       0.76       0.00     19634.96      0     
23187288.00    9000       6000      15000        0          0          0         946        0.00       0.76       0.00     19634.96      0     
23260204.00    9000       6000      15000        0          0          0         406        0.00       0.76       0.00     19634.96      0     
23333120.00    9000       6000      15000        0          0          0         432        0.00       0.76       0.00     19634.96      0     
23406036.00    9000       6000      15000        0          0          0         533        0.00       0.76       0.00     19634.96      0     
23478952.00    9000       6000      15000        0          0          0         461        0.00       0.76       0.00     19634.96      0     
23551868.00    9000       6000      15000        0          0          0         529        0.00       0.76       0.00     19634.96      0     
23624784.00    9000       6000      15000        0          0          0         500        0.00       0.76       0.00     19634.96      0     
23697700.00    9000       6000      15000        0          0          0         664        0.00       0.76       0.00     19634.96      0     
23770616.00    9000       6000      15000        0          0          0         490        0.00       0.76       0.00     19634.96      0     
23843532.00    9000       6000      15000        0          0          0         612        0.00       0.76       0.00     19634.96      0     
23916448.00    9000       6000      15000        0          0          0         862        0.00       0.76       0.00     19634.96      0     
23989364.00    9000       6000      15000        0          0          0         879        0.00       0.76       0.00     19634.96      0     
24062280.00    9000       6000      15000        0          0          0         847        0.00       0.76       0.00     19634.96      0     
24135196.00    8469       5519      13988       531        481        1012       1012       1.01       0.75     1002.22    18632.74     1012   
24208112.00    9000       6000      15000        0          0          0         679        0.00       0.76       0.00     19634.96      0     
24281028.00    9000       6000      15000        0          0          0         720        0.00       0.76       0.00     19634.96      0     
24353944.00    9000       6000      15000        0          0          0         729        0.00       0.76       0.00     19634.96      0     
24426860.00    9000       6000      15000        0          0          0         546        0.00       0.76       0.00     19634.96      0     
24499776.00    9000       6000      15000        0          0          0         533        0.00       0.76       0.00     19634.96      0     
24572692.00    9000       6000      15000        0          0          0         458        0.00       0.76       0.00     19634.96      0     
24645608.00    9000       6000      15000        0          0          0         529        0.00       0.76       0.00     19634.96      0     
24718524.00    9000       6000      15000        0          0          0         974        0.00       0.76       0.00     19634.96      0     
24791440.00    9000       6000      15000        0          0          0         697        0.00       0.76       0.00     19634.96      0     
24864356.00    9000       6000      15000        0          0          0         769        0.00       0.76       0.00     19634.96      0     
24937272.00    9000       6000      15000        0          0          0         774        0.00       0.76       0.00     19634.96      0     
25010188.00    9000       6000      15000        0          0          0         948        0.00       0.76       0.00     19634.96      0     
25083104.00    9000       6000      15000        0          0          0         632        0.00       0.76       0.00     19634.96      0     
25156020.00    9000       6000      15000        0          0          0         861        0.00       0.76       0.00     19634.96      0     
25228936.00    8328       5441      13769       672        559        1231       1231       1.00       0.75     1236.63    18398.33     1231   
25301852.00    9000       6000      15000        0          0          0         671        0.00       0.76       0.00     19634.96      0     
25374768.00    9000       6000      15000        0          0          0         657        0.00       0.76       0.00     19634.96      0     
25447684.00    9000       6000      15000        0          0          0         358        0.00       0.76       0.00     19634.96      0     
25520600.00    9000       6000      15000        0          0          0         493        0.00       0.76       0.00     19634.96      0     
25593516.00    9000       6000      15000        0          0          0         387        0.00       0.76       0.00     19634.96      0     
25666432.00    9000       6000      15000        0          0          0         650        0.00       0.76       0.00     19634.96      0     
25739348.00    9000       6000      15000        0          0          0         498        0.00       0.76       0.00     19634.96      0     
25812264.00    9000       6000      15000        0          0          0         521        0.00       0.76       0.00     19634.96      0     
25885180.00    9000       6000      15000        0          0          0         587        0.00       0.76       0.00     19634.96      0     
25958096.00    9000       6000      15000        0          0          0         787        0.00       0.76       0.00     19634.96      0     
26031012.00    9000       6000      15000        0          0          0         763        0.00       0.76       0.00     19634.96      0     
26103928.00    9000       6000      15000        0          0          0         746        0.00       0.76       0.00     19634.96      0     
26176844.00    9000       6000      15000        0          0          0         729        0.00       0.76       0.00     19634.96      0     
26249760.00    9000       6000      15000        0          0          0         651        0.00       0.76       0.00     19634.96      0     
26322676.00    9000       6000      15000        0          0          0         924        0.00       0.76       0.00     19634.96      0     
26395592.00    9000       6000      15000        0          0          0         818        0.00       0.76       0.00     19634.96      0     
26468508.00    8406       5504      13910       594        496        1090       1090       1.01       0.75     1083.64    18551.32     1090   
26541424.00    9000       6000      15000        0          0          0         727        0.00       0.76       0.00     19634.96      0     
26614340.00    9000       6000      15000        0          0          0         784        0.00       0.76       0.00     19634.96      0     
26687256.00    9000       6000      15000        0          0          0         792        0.00       0.76       0.00     19634.96      0     
26760172.00    9000       6000      15000        0          0          0         649        0.00       0.76       0.00     19634.96      0     
26833088.00    9000       6000      15000        0          0          0         738        0.00       0.76       0.00     19634.96      0     
26906004.00    9000       6000      15000        0          0          0         779        0.00       0.76       0.00     19634.96      0     
26978920.00    9000       6000      15000        0          0          0         825        0.00       0.76       0.00     19634.96      0     
27051836.00    9000       6000      15000        0          0          0         639        0.00       0.76       0.00     19634.96      0     
27124752.00    9000       6000      15000        0          0          0         594        0.00       0.76       0.00     19634.96      0     
27197668.00    9000       6000      15000        0          0          0         792        0.00       0.76       0.00     19634.96      0     
27270584.00    9000       6000      15000        0          0          0         614        0.00       0.76       0.00     19634.96      0     
27343500.00    9000       6000      15000        0          0          0         814        0.00       0.76       0.00     19634.96      0     
27416416.00    9000       6000      15000        0          0          0         639        0.00       0.76       0.00     19634.96      0     
27489332.00    9000       6000      15000        0          0          0         684        0.00       0.76       0.00     19634.96      0     
27562248.00    9000       6000      15000        0          0          0         656        0.00       0.76       0.00     19634.96      0     
27635164.00    9000       6000      15000        0          0          0         550        0.00       0.76       0.00     19634.96      0     
27708080.00    9000       6000      15000        0          0          0         575        0.00       0.76       0.00     19634.96      0     
27780996.00    9000       6000      15000        0          0          0         721        0.00       0.76       0.00     19634.96      0     
27853912.00    9000       6000      15000        0          0          0         479        0.00       0.76       0.00     19634.96      0     
27926828.00    9000       6000      15000        0          0          0         942        0.00       0.76       0.00     19634.96      0     
27999744.00    9000       6000      15000        0          0          0         846        0.00       0.76       0.00     19634.96      0     
28072660.00    9000       6000      15000        0          0          0         807        0.00       0.76       0.00     19634.96      0     
28145576.00    9000       6000      15000        0          0          0         877        0.00       0.76       0.00     19634.96      0     
28218492.00    8256       5327      13583       744        673        1417       1417       0.99       0.75     1430.57    18204.39     1417   
28291408.00    9000       6000      15000        0          0          0         592        0.00       0.76       0.00     19634.96      0     
28364324.00    9000       6000      15000        0          0          0         614        0.00       0.76       0.00     19634.96      0     
28437240.00    9000       6000      15000        0          0          0         866        0.00       0.76       0.00     19634.96      0     
28510156.00    9000       6000      15000        0          0          0         773        0.00       0.76       0.00     19634.96      0     
28583072.00    9000       6000      15000        0          0          0         948        0.00       0.76       0.00     19634.96      0     
28655988.00    9000       6000      15000        0          0          0         585        0.00       0.76       0.00     19634.96      0     
28728904.00    9000       6000      15000        0          0          0         959        0.00       0.76       0.00     19634.96      0     
28801820.00    8394       5463      13857       606        537        1143       1143       1.00       0.75     1140.45    18494.51     1143   
28874736.00    8426       5463      13889       574        537        1111       1111       1.00       0.75     1112.64    18522.31     1111   
28947652.00    9000       6000      15000        0          0          0         672        0.00       0.76       0.00     19634.96      0     
29020568.00    9000       6000      15000        0          0          0         800        0.00       0.76       0.00     19634.96      0     
29093484.00    9000       6000      15000        0          0          0         985        0.00       0.76       0.00     19634.96      0     
29166400.00    8444       5555      13999       556        445        1001       1001       1.02       0.75      976.95    18658.00     1001   
