 Timestep    Gas_A      Gas_B     Gas_tot    Dense_A    Dense_B   Dense_tot   Lg_clust  DP_density GP_density Clust_area  Gas_area     MCS    
   0.00      13500       1500      15000        0          0          0          12        0.00       0.76       0.00     19634.96      0     
 31249.00    13500       1500      15000        0          0          0          52        0.00       0.76       0.00     19634.96      0     
 62498.00    13500       1500      15000        0          0          0          81        0.00       0.76       0.00     19634.96      0     
 93747.00    13500       1500      15000        0          0          0          85        0.00       0.76       0.00     19634.96      0     
124996.00    13500       1500      15000        0          0          0          75        0.00       0.76       0.00     19634.96      0     
156245.00    13500       1500      15000        0          0          0          79        0.00       0.76       0.00     19634.96      0     
187494.00    13500       1500      15000        0          0          0          88        0.00       0.76       0.00     19634.96      0     
218743.00    13500       1500      15000        0          0          0          92        0.00       0.76       0.00     19634.96      0     
249992.00    13500       1500      15000        0          0          0         121        0.00       0.76       0.00     19634.96      0     
281241.00    13500       1500      15000        0          0          0         130        0.00       0.76       0.00     19634.96      0     
312490.00    13500       1500      15000        0          0          0         131        0.00       0.76       0.00     19634.96      0     
343739.00    13500       1500      15000        0          0          0         146        0.00       0.76       0.00     19634.96      0     
374988.00    13500       1500      15000        0          0          0         108        0.00       0.76       0.00     19634.96      0     
406237.00    13500       1500      15000        0          0          0         132        0.00       0.76       0.00     19634.96      0     
437486.00    13500       1500      15000        0          0          0         141        0.00       0.76       0.00     19634.96      0     
468735.00    13500       1500      15000        0          0          0         136        0.00       0.76       0.00     19634.96      0     
499984.00    13500       1500      15000        0          0          0          91        0.00       0.76       0.00     19634.96      0     
531233.00    13500       1500      15000        0          0          0          90        0.00       0.76       0.00     19634.96      0     
562482.00    13500       1500      15000        0          0          0         110        0.00       0.76       0.00     19634.96      0     
593731.00    13500       1500      15000        0          0          0         137        0.00       0.76       0.00     19634.96      0     
624980.00    13500       1500      15000        0          0          0         107        0.00       0.76       0.00     19634.96      0     
656229.00    13500       1500      15000        0          0          0         157        0.00       0.76       0.00     19634.96      0     
687478.00    13500       1500      15000        0          0          0         109        0.00       0.76       0.00     19634.96      0     
718727.00    13500       1500      15000        0          0          0         123        0.00       0.76       0.00     19634.96      0     
749976.00    13500       1500      15000        0          0          0         104        0.00       0.76       0.00     19634.96      0     
781225.00    13500       1500      15000        0          0          0         164        0.00       0.76       0.00     19634.96      0     
812474.00    13500       1500      15000        0          0          0         120        0.00       0.76       0.00     19634.96      0     
843723.00    13500       1500      15000        0          0          0         132        0.00       0.76       0.00     19634.96      0     
874972.00    13500       1500      15000        0          0          0         166        0.00       0.76       0.00     19634.96      0     
906221.00    13500       1500      15000        0          0          0         145        0.00       0.76       0.00     19634.96      0     
937470.00    13500       1500      15000        0          0          0         125        0.00       0.76       0.00     19634.96      0     
968719.00    13500       1500      15000        0          0          0         187        0.00       0.76       0.00     19634.96      0     
999968.00    13500       1500      15000        0          0          0         135        0.00       0.76       0.00     19634.96      0     
1031217.00   13500       1500      15000        0          0          0         114        0.00       0.76       0.00     19634.96      0     
1062466.00   13500       1500      15000        0          0          0         251        0.00       0.76       0.00     19634.96      0     
1093715.00   13500       1500      15000        0          0          0         185        0.00       0.76       0.00     19634.96      0     
1124964.00   13500       1500      15000        0          0          0         105        0.00       0.76       0.00     19634.96      0     
1156213.00   13500       1500      15000        0          0          0         122        0.00       0.76       0.00     19634.96      0     
1187462.00   13500       1500      15000        0          0          0         281        0.00       0.76       0.00     19634.96      0     
1218711.00   13500       1500      15000        0          0          0         101        0.00       0.76       0.00     19634.96      0     
1249960.00   13500       1500      15000        0          0          0         245        0.00       0.76       0.00     19634.96      0     
1281209.00   13500       1500      15000        0          0          0         112        0.00       0.76       0.00     19634.96      0     
1312458.00   13500       1500      15000        0          0          0         128        0.00       0.76       0.00     19634.96      0     
1343707.00   13500       1500      15000        0          0          0          96        0.00       0.76       0.00     19634.96      0     
1374956.00   13500       1500      15000        0          0          0         207        0.00       0.76       0.00     19634.96      0     
1406205.00   13500       1500      15000        0          0          0         150        0.00       0.76       0.00     19634.96      0     
1437454.00   13500       1500      15000        0          0          0         186        0.00       0.76       0.00     19634.96      0     
1468703.00   13500       1500      15000        0          0          0         194        0.00       0.76       0.00     19634.96      0     
1499952.00   13500       1500      15000        0          0          0         185        0.00       0.76       0.00     19634.96      0     
1531201.00   13500       1500      15000        0          0          0         134        0.00       0.76       0.00     19634.96      0     
1562450.00   13500       1500      15000        0          0          0         164        0.00       0.76       0.00     19634.96      0     
1593699.00   13500       1500      15000        0          0          0         129        0.00       0.76       0.00     19634.96      0     
1624948.00   13500       1500      15000        0          0          0         110        0.00       0.76       0.00     19634.96      0     
1656197.00   13500       1500      15000        0          0          0         117        0.00       0.76       0.00     19634.96      0     
1687446.00   13500       1500      15000        0          0          0         165        0.00       0.76       0.00     19634.96      0     
1718695.00   13500       1500      15000        0          0          0         158        0.00       0.76       0.00     19634.96      0     
1749944.00   13500       1500      15000        0          0          0         151        0.00       0.76       0.00     19634.96      0     
1781193.00   13500       1500      15000        0          0          0         176        0.00       0.76       0.00     19634.96      0     
1812442.00   13500       1500      15000        0          0          0         177        0.00       0.76       0.00     19634.96      0     
1843691.00   13500       1500      15000        0          0          0         160        0.00       0.76       0.00     19634.96      0     
1874940.00   13500       1500      15000        0          0          0         158        0.00       0.76       0.00     19634.96      0     
1906189.00   13500       1500      15000        0          0          0         149        0.00       0.76       0.00     19634.96      0     
1937438.00   13500       1500      15000        0          0          0         176        0.00       0.76       0.00     19634.96      0     
1968687.00   13500       1500      15000        0          0          0         215        0.00       0.76       0.00     19634.96      0     
1999936.00   13500       1500      15000        0          0          0         248        0.00       0.76       0.00     19634.96      0     
2031185.00   13500       1500      15000        0          0          0         346        0.00       0.76       0.00     19634.96      0     
2062434.00   13500       1500      15000        0          0          0         209        0.00       0.76       0.00     19634.96      0     
2093683.00   13500       1500      15000        0          0          0         128        0.00       0.76       0.00     19634.96      0     
2124932.00   13500       1500      15000        0          0          0         160        0.00       0.76       0.00     19634.96      0     
2156181.00   13500       1500      15000        0          0          0         193        0.00       0.76       0.00     19634.96      0     
2187430.00   13500       1500      15000        0          0          0         179        0.00       0.76       0.00     19634.96      0     
2218679.00   13500       1500      15000        0          0          0         180        0.00       0.76       0.00     19634.96      0     
2249928.00   13500       1500      15000        0          0          0         175        0.00       0.76       0.00     19634.96      0     
2281177.00   13500       1500      15000        0          0          0         106        0.00       0.76       0.00     19634.96      0     
2312426.00   13500       1500      15000        0          0          0         100        0.00       0.76       0.00     19634.96      0     
2343675.00   13500       1500      15000        0          0          0         172        0.00       0.76       0.00     19634.96      0     
2374924.00   13500       1500      15000        0          0          0         163        0.00       0.76       0.00     19634.96      0     
2406173.00   13500       1500      15000        0          0          0         111        0.00       0.76       0.00     19634.96      0     
2437422.00   13500       1500      15000        0          0          0         144        0.00       0.76       0.00     19634.96      0     
2468671.00   13500       1500      15000        0          0          0         109        0.00       0.76       0.00     19634.96      0     
2499920.00   13500       1500      15000        0          0          0         114        0.00       0.76       0.00     19634.96      0     
2531169.00   13500       1500      15000        0          0          0         106        0.00       0.76       0.00     19634.96      0     
2562418.00   13500       1500      15000        0          0          0          83        0.00       0.76       0.00     19634.96      0     
2593667.00   13500       1500      15000        0          0          0         221        0.00       0.76       0.00     19634.96      0     
2624916.00   13500       1500      15000        0          0          0         120        0.00       0.76       0.00     19634.96      0     
2656165.00   13500       1500      15000        0          0          0         121        0.00       0.76       0.00     19634.96      0     
2687414.00   13500       1500      15000        0          0          0         110        0.00       0.76       0.00     19634.96      0     
2718663.00   13500       1500      15000        0          0          0         109        0.00       0.76       0.00     19634.96      0     
2749912.00   13500       1500      15000        0          0          0         193        0.00       0.76       0.00     19634.96      0     
2781161.00   13500       1500      15000        0          0          0         153        0.00       0.76       0.00     19634.96      0     
2812410.00   13500       1500      15000        0          0          0         116        0.00       0.76       0.00     19634.96      0     
2843659.00   13500       1500      15000        0          0          0         108        0.00       0.76       0.00     19634.96      0     
2874908.00   13500       1500      15000        0          0          0         104        0.00       0.76       0.00     19634.96      0     
2906157.00   13500       1500      15000        0          0          0         117        0.00       0.76       0.00     19634.96      0     
2937406.00   13500       1500      15000        0          0          0         119        0.00       0.76       0.00     19634.96      0     
2968655.00   13500       1500      15000        0          0          0         156        0.00       0.76       0.00     19634.96      0     
2999904.00   13500       1500      15000        0          0          0         180        0.00       0.76       0.00     19634.96      0     
3031153.00   13500       1500      15000        0          0          0         168        0.00       0.76       0.00     19634.96      0     
3062402.00   13500       1500      15000        0          0          0         167        0.00       0.76       0.00     19634.96      0     
3093651.00   13500       1500      15000        0          0          0          94        0.00       0.76       0.00     19634.96      0     
3124900.00   13500       1500      15000        0          0          0         187        0.00       0.76       0.00     19634.96      0     
3156149.00   13500       1500      15000        0          0          0         143        0.00       0.76       0.00     19634.96      0     
3187398.00   13500       1500      15000        0          0          0         182        0.00       0.76       0.00     19634.96      0     
3218647.00   13500       1500      15000        0          0          0         119        0.00       0.76       0.00     19634.96      0     
3249896.00   13500       1500      15000        0          0          0         133        0.00       0.76       0.00     19634.96      0     
3281145.00   13500       1500      15000        0          0          0         120        0.00       0.76       0.00     19634.96      0     
3312394.00   13500       1500      15000        0          0          0         272        0.00       0.76       0.00     19634.96      0     
3343643.00   13500       1500      15000        0          0          0         211        0.00       0.76       0.00     19634.96      0     
3374892.00   13500       1500      15000        0          0          0         245        0.00       0.76       0.00     19634.96      0     
3406141.00   13500       1500      15000        0          0          0         128        0.00       0.76       0.00     19634.96      0     
3437390.00   13500       1500      15000        0          0          0         164        0.00       0.76       0.00     19634.96      0     
3468639.00   13500       1500      15000        0          0          0         179        0.00       0.76       0.00     19634.96      0     
3499888.00   13500       1500      15000        0          0          0         201        0.00       0.76       0.00     19634.96      0     
3531137.00   13500       1500      15000        0          0          0         153        0.00       0.76       0.00     19634.96      0     
3562386.00   13500       1500      15000        0          0          0         126        0.00       0.76       0.00     19634.96      0     
3593635.00   13500       1500      15000        0          0          0         136        0.00       0.76       0.00     19634.96      0     
3624884.00   13500       1500      15000        0          0          0         147        0.00       0.76       0.00     19634.96      0     
3656133.00   13500       1500      15000        0          0          0         150        0.00       0.76       0.00     19634.96      0     
3687382.00   13500       1500      15000        0          0          0         161        0.00       0.76       0.00     19634.96      0     
3718631.00   13500       1500      15000        0          0          0         173        0.00       0.76       0.00     19634.96      0     
3749880.00   13500       1500      15000        0          0          0          91        0.00       0.76       0.00     19634.96      0     
3781129.00   13500       1500      15000        0          0          0         145        0.00       0.76       0.00     19634.96      0     
3812378.00   13500       1500      15000        0          0          0          86        0.00       0.76       0.00     19634.96      0     
3843627.00   13500       1500      15000        0          0          0         103        0.00       0.76       0.00     19634.96      0     
3874876.00   13500       1500      15000        0          0          0         186        0.00       0.76       0.00     19634.96      0     
3906125.00   13500       1500      15000        0          0          0         185        0.00       0.76       0.00     19634.96      0     
3937374.00   13500       1500      15000        0          0          0         146        0.00       0.76       0.00     19634.96      0     
3968623.00   13500       1500      15000        0          0          0         105        0.00       0.76       0.00     19634.96      0     
3999872.00   13500       1500      15000        0          0          0         125        0.00       0.76       0.00     19634.96      0     
4031121.00   13500       1500      15000        0          0          0         141        0.00       0.76       0.00     19634.96      0     
4062370.00   13500       1500      15000        0          0          0         344        0.00       0.76       0.00     19634.96      0     
4093619.00   13500       1500      15000        0          0          0         195        0.00       0.76       0.00     19634.96      0     
4124868.00   13500       1500      15000        0          0          0         170        0.00       0.76       0.00     19634.96      0     
4156117.00   13500       1500      15000        0          0          0         151        0.00       0.76       0.00     19634.96      0     
4187366.00   13500       1500      15000        0          0          0         123        0.00       0.76       0.00     19634.96      0     
4218615.00   13500       1500      15000        0          0          0         189        0.00       0.76       0.00     19634.96      0     
4249864.00   13500       1500      15000        0          0          0         118        0.00       0.76       0.00     19634.96      0     
4281113.00   13500       1500      15000        0          0          0         149        0.00       0.76       0.00     19634.96      0     
4312362.00   13500       1500      15000        0          0          0         110        0.00       0.76       0.00     19634.96      0     
4343611.00   13500       1500      15000        0          0          0         107        0.00       0.76       0.00     19634.96      0     
4374860.00   13500       1500      15000        0          0          0         126        0.00       0.76       0.00     19634.96      0     
4406109.00   13500       1500      15000        0          0          0          91        0.00       0.76       0.00     19634.96      0     
4437358.00   13500       1500      15000        0          0          0         169        0.00       0.76       0.00     19634.96      0     
4468607.00   13500       1500      15000        0          0          0         111        0.00       0.76       0.00     19634.96      0     
4499856.00   13500       1500      15000        0          0          0         142        0.00       0.76       0.00     19634.96      0     
4531105.00   13500       1500      15000        0          0          0         100        0.00       0.76       0.00     19634.96      0     
4562354.00   13500       1500      15000        0          0          0         188        0.00       0.76       0.00     19634.96      0     
4593603.00   13500       1500      15000        0          0          0         210        0.00       0.76       0.00     19634.96      0     
4624852.00   13500       1500      15000        0          0          0         199        0.00       0.76       0.00     19634.96      0     
4656101.00   13500       1500      15000        0          0          0         223        0.00       0.76       0.00     19634.96      0     
4687350.00   13500       1500      15000        0          0          0         232        0.00       0.76       0.00     19634.96      0     
4718599.00   13500       1500      15000        0          0          0         143        0.00       0.76       0.00     19634.96      0     
4749848.00   13500       1500      15000        0          0          0         196        0.00       0.76       0.00     19634.96      0     
4781097.00   13500       1500      15000        0          0          0         131        0.00       0.76       0.00     19634.96      0     
4812346.00   13500       1500      15000        0          0          0         172        0.00       0.76       0.00     19634.96      0     
4843595.00   13500       1500      15000        0          0          0         137        0.00       0.76       0.00     19634.96      0     
4874844.00   13500       1500      15000        0          0          0         160        0.00       0.76       0.00     19634.96      0     
4906093.00   13500       1500      15000        0          0          0         127        0.00       0.76       0.00     19634.96      0     
4937342.00   13500       1500      15000        0          0          0         101        0.00       0.76       0.00     19634.96      0     
4968591.00   13500       1500      15000        0          0          0         196        0.00       0.76       0.00     19634.96      0     
4999840.00   13500       1500      15000        0          0          0         144        0.00       0.76       0.00     19634.96      0     
5031089.00   13500       1500      15000        0          0          0         136        0.00       0.76       0.00     19634.96      0     
5062338.00   13500       1500      15000        0          0          0         102        0.00       0.76       0.00     19634.96      0     
5093587.00   13500       1500      15000        0          0          0          89        0.00       0.76       0.00     19634.96      0     
5124836.00   13500       1500      15000        0          0          0         109        0.00       0.76       0.00     19634.96      0     
5156085.00   13500       1500      15000        0          0          0         130        0.00       0.76       0.00     19634.96      0     
5187334.00   13500       1500      15000        0          0          0         123        0.00       0.76       0.00     19634.96      0     
5218583.00   13500       1500      15000        0          0          0          89        0.00       0.76       0.00     19634.96      0     
5249832.00   13500       1500      15000        0          0          0          90        0.00       0.76       0.00     19634.96      0     
5281081.00   13500       1500      15000        0          0          0         137        0.00       0.76       0.00     19634.96      0     
5312330.00   13500       1500      15000        0          0          0         137        0.00       0.76       0.00     19634.96      0     
5343579.00   13500       1500      15000        0          0          0         153        0.00       0.76       0.00     19634.96      0     
5374828.00   13500       1500      15000        0          0          0         146        0.00       0.76       0.00     19634.96      0     
5406077.00   13500       1500      15000        0          0          0         151        0.00       0.76       0.00     19634.96      0     
5437326.00   13500       1500      15000        0          0          0         126        0.00       0.76       0.00     19634.96      0     
5468575.00   13500       1500      15000        0          0          0         152        0.00       0.76       0.00     19634.96      0     
5499824.00   13500       1500      15000        0          0          0         117        0.00       0.76       0.00     19634.96      0     
5531073.00   13500       1500      15000        0          0          0         175        0.00       0.76       0.00     19634.96      0     
5562322.00   13500       1500      15000        0          0          0          85        0.00       0.76       0.00     19634.96      0     
5593571.00   13500       1500      15000        0          0          0         124        0.00       0.76       0.00     19634.96      0     
5624820.00   13500       1500      15000        0          0          0         113        0.00       0.76       0.00     19634.96      0     
5656069.00   13500       1500      15000        0          0          0         164        0.00       0.76       0.00     19634.96      0     
5687318.00   13500       1500      15000        0          0          0         133        0.00       0.76       0.00     19634.96      0     
5718567.00   13500       1500      15000        0          0          0          96        0.00       0.76       0.00     19634.96      0     
5749816.00   13500       1500      15000        0          0          0         207        0.00       0.76       0.00     19634.96      0     
5781065.00   13500       1500      15000        0          0          0         133        0.00       0.76       0.00     19634.96      0     
5812314.00   13500       1500      15000        0          0          0         122        0.00       0.76       0.00     19634.96      0     
5843563.00   13500       1500      15000        0          0          0          91        0.00       0.76       0.00     19634.96      0     
5874812.00   13500       1500      15000        0          0          0         139        0.00       0.76       0.00     19634.96      0     
5906061.00   13500       1500      15000        0          0          0         113        0.00       0.76       0.00     19634.96      0     
5937310.00   13500       1500      15000        0          0          0         135        0.00       0.76       0.00     19634.96      0     
5968559.00   13500       1500      15000        0          0          0         127        0.00       0.76       0.00     19634.96      0     
5999808.00   13500       1500      15000        0          0          0         149        0.00       0.76       0.00     19634.96      0     
6031057.00   13500       1500      15000        0          0          0         130        0.00       0.76       0.00     19634.96      0     
6062306.00   13500       1500      15000        0          0          0         176        0.00       0.76       0.00     19634.96      0     
6093555.00   13500       1500      15000        0          0          0         100        0.00       0.76       0.00     19634.96      0     
6124804.00   13500       1500      15000        0          0          0         212        0.00       0.76       0.00     19634.96      0     
6156053.00   13500       1500      15000        0          0          0         106        0.00       0.76       0.00     19634.96      0     
6187302.00   13500       1500      15000        0          0          0         113        0.00       0.76       0.00     19634.96      0     
6218551.00   13500       1500      15000        0          0          0         135        0.00       0.76       0.00     19634.96      0     
6249800.00   13500       1500      15000        0          0          0         171        0.00       0.76       0.00     19634.96      0     
6281049.00   13500       1500      15000        0          0          0         150        0.00       0.76       0.00     19634.96      0     
6312298.00   13500       1500      15000        0          0          0         125        0.00       0.76       0.00     19634.96      0     
6343547.00   13500       1500      15000        0          0          0          95        0.00       0.76       0.00     19634.96      0     
6374796.00   13500       1500      15000        0          0          0         107        0.00       0.76       0.00     19634.96      0     
6406045.00   13500       1500      15000        0          0          0         125        0.00       0.76       0.00     19634.96      0     
6437294.00   13500       1500      15000        0          0          0         149        0.00       0.76       0.00     19634.96      0     
6468543.00   13500       1500      15000        0          0          0         138        0.00       0.76       0.00     19634.96      0     
6499792.00   13500       1500      15000        0          0          0          93        0.00       0.76       0.00     19634.96      0     
6531041.00   13500       1500      15000        0          0          0         142        0.00       0.76       0.00     19634.96      0     
6562290.00   13500       1500      15000        0          0          0         171        0.00       0.76       0.00     19634.96      0     
6593539.00   13500       1500      15000        0          0          0         137        0.00       0.76       0.00     19634.96      0     
6624788.00   13500       1500      15000        0          0          0         166        0.00       0.76       0.00     19634.96      0     
6656037.00   13500       1500      15000        0          0          0         121        0.00       0.76       0.00     19634.96      0     
6687286.00   13500       1500      15000        0          0          0         145        0.00       0.76       0.00     19634.96      0     
6718535.00   13500       1500      15000        0          0          0         104        0.00       0.76       0.00     19634.96      0     
6749784.00   13500       1500      15000        0          0          0         149        0.00       0.76       0.00     19634.96      0     
6781033.00   13500       1500      15000        0          0          0         142        0.00       0.76       0.00     19634.96      0     
6812282.00   13500       1500      15000        0          0          0         154        0.00       0.76       0.00     19634.96      0     
6843531.00   13500       1500      15000        0          0          0         169        0.00       0.76       0.00     19634.96      0     
6874780.00   13500       1500      15000        0          0          0         212        0.00       0.76       0.00     19634.96      0     
6906029.00   13500       1500      15000        0          0          0         199        0.00       0.76       0.00     19634.96      0     
6937278.00   13500       1500      15000        0          0          0         218        0.00       0.76       0.00     19634.96      0     
6968527.00   13500       1500      15000        0          0          0         265        0.00       0.76       0.00     19634.96      0     
6999776.00   13500       1500      15000        0          0          0         177        0.00       0.76       0.00     19634.96      0     
7031025.00   13500       1500      15000        0          0          0         259        0.00       0.76       0.00     19634.96      0     
7062274.00   13500       1500      15000        0          0          0         114        0.00       0.76       0.00     19634.96      0     
7093523.00   13500       1500      15000        0          0          0         238        0.00       0.76       0.00     19634.96      0     
7124772.00   13500       1500      15000        0          0          0         304        0.00       0.76       0.00     19634.96      0     
7156021.00   13500       1500      15000        0          0          0         145        0.00       0.76       0.00     19634.96      0     
7187270.00   13500       1500      15000        0          0          0         103        0.00       0.76       0.00     19634.96      0     
7218519.00   13500       1500      15000        0          0          0         175        0.00       0.76       0.00     19634.96      0     
7249768.00   13500       1500      15000        0          0          0         240        0.00       0.76       0.00     19634.96      0     
7281017.00   13500       1500      15000        0          0          0         275        0.00       0.76       0.00     19634.96      0     
7312266.00   13500       1500      15000        0          0          0         271        0.00       0.76       0.00     19634.96      0     
7343515.00   13500       1500      15000        0          0          0         169        0.00       0.76       0.00     19634.96      0     
7374764.00   13500       1500      15000        0          0          0         227        0.00       0.76       0.00     19634.96      0     
7406013.00   13500       1500      15000        0          0          0         177        0.00       0.76       0.00     19634.96      0     
7437262.00   13500       1500      15000        0          0          0         188        0.00       0.76       0.00     19634.96      0     
7468511.00   13500       1500      15000        0          0          0         351        0.00       0.76       0.00     19634.96      0     
7499760.00   13500       1500      15000        0          0          0         278        0.00       0.76       0.00     19634.96      0     
7531009.00   13500       1500      15000        0          0          0         165        0.00       0.76       0.00     19634.96      0     
7562258.00   13500       1500      15000        0          0          0         346        0.00       0.76       0.00     19634.96      0     
7593507.00   13500       1500      15000        0          0          0         246        0.00       0.76       0.00     19634.96      0     
7624756.00   13500       1500      15000        0          0          0         405        0.00       0.76       0.00     19634.96      0     
7656005.00   13500       1500      15000        0          0          0         424        0.00       0.76       0.00     19634.96      0     
7687254.00   13500       1500      15000        0          0          0         304        0.00       0.76       0.00     19634.96      0     
7718503.00   13500       1500      15000        0          0          0         297        0.00       0.76       0.00     19634.96      0     
7749752.00   13500       1500      15000        0          0          0         356        0.00       0.76       0.00     19634.96      0     
7781001.00   13500       1500      15000        0          0          0         247        0.00       0.76       0.00     19634.96      0     
7812250.00   13500       1500      15000        0          0          0         287        0.00       0.76       0.00     19634.96      0     
7843499.00   13500       1500      15000        0          0          0         275        0.00       0.76       0.00     19634.96      0     
7874748.00   13500       1500      15000        0          0          0         107        0.00       0.76       0.00     19634.96      0     
7905997.00   13500       1500      15000        0          0          0         114        0.00       0.76       0.00     19634.96      0     
7937246.00   13500       1500      15000        0          0          0         323        0.00       0.76       0.00     19634.96      0     
7968495.00   13500       1500      15000        0          0          0         287        0.00       0.76       0.00     19634.96      0     
7999744.00   13500       1500      15000        0          0          0         299        0.00       0.76       0.00     19634.96      0     
8030993.00   13500       1500      15000        0          0          0         286        0.00       0.76       0.00     19634.96      0     
8062242.00   13500       1500      15000        0          0          0         321        0.00       0.76       0.00     19634.96      0     
8093491.00   13500       1500      15000        0          0          0         189        0.00       0.76       0.00     19634.96      0     
8124740.00   13500       1500      15000        0          0          0         191        0.00       0.76       0.00     19634.96      0     
8155989.00   13500       1500      15000        0          0          0         176        0.00       0.76       0.00     19634.96      0     
8187238.00   13500       1500      15000        0          0          0         174        0.00       0.76       0.00     19634.96      0     
8218487.00   13500       1500      15000        0          0          0         161        0.00       0.76       0.00     19634.96      0     
8249736.00   13500       1500      15000        0          0          0         108        0.00       0.76       0.00     19634.96      0     
8280985.00   13500       1500      15000        0          0          0         245        0.00       0.76       0.00     19634.96      0     
8312234.00   13500       1500      15000        0          0          0         176        0.00       0.76       0.00     19634.96      0     
8343483.00   13500       1500      15000        0          0          0         217        0.00       0.76       0.00     19634.96      0     
8374732.00   13500       1500      15000        0          0          0         104        0.00       0.76       0.00     19634.96      0     
8405981.00   13500       1500      15000        0          0          0         183        0.00       0.76       0.00     19634.96      0     
8437230.00   13500       1500      15000        0          0          0         120        0.00       0.76       0.00     19634.96      0     
8468479.00   13500       1500      15000        0          0          0         108        0.00       0.76       0.00     19634.96      0     
8499728.00   13500       1500      15000        0          0          0         146        0.00       0.76       0.00     19634.96      0     
8530977.00   13500       1500      15000        0          0          0         150        0.00       0.76       0.00     19634.96      0     
8562226.00   13500       1500      15000        0          0          0         179        0.00       0.76       0.00     19634.96      0     
8593475.00   13500       1500      15000        0          0          0         140        0.00       0.76       0.00     19634.96      0     
8624724.00   13500       1500      15000        0          0          0         219        0.00       0.76       0.00     19634.96      0     
8655973.00   13500       1500      15000        0          0          0         154        0.00       0.76       0.00     19634.96      0     
8687222.00   13500       1500      15000        0          0          0         205        0.00       0.76       0.00     19634.96      0     
8718471.00   13500       1500      15000        0          0          0         139        0.00       0.76       0.00     19634.96      0     
8749720.00   13500       1500      15000        0          0          0          88        0.00       0.76       0.00     19634.96      0     
8780969.00   13500       1500      15000        0          0          0          99        0.00       0.76       0.00     19634.96      0     
8812218.00   13500       1500      15000        0          0          0         208        0.00       0.76       0.00     19634.96      0     
8843467.00   13500       1500      15000        0          0          0         121        0.00       0.76       0.00     19634.96      0     
8874716.00   13500       1500      15000        0          0          0         143        0.00       0.76       0.00     19634.96      0     
8905965.00   13500       1500      15000        0          0          0         112        0.00       0.76       0.00     19634.96      0     
8937214.00   13500       1500      15000        0          0          0         141        0.00       0.76       0.00     19634.96      0     
8968463.00   13500       1500      15000        0          0          0         143        0.00       0.76       0.00     19634.96      0     
8999712.00   13500       1500      15000        0          0          0         138        0.00       0.76       0.00     19634.96      0     
9030961.00   13500       1500      15000        0          0          0         113        0.00       0.76       0.00     19634.96      0     
9062210.00   13500       1500      15000        0          0          0         117        0.00       0.76       0.00     19634.96      0     
9093459.00   13500       1500      15000        0          0          0         128        0.00       0.76       0.00     19634.96      0     
9124708.00   13500       1500      15000        0          0          0         147        0.00       0.76       0.00     19634.96      0     
9155957.00   13500       1500      15000        0          0          0         161        0.00       0.76       0.00     19634.96      0     
9187206.00   13500       1500      15000        0          0          0          96        0.00       0.76       0.00     19634.96      0     
9218455.00   13500       1500      15000        0          0          0         119        0.00       0.76       0.00     19634.96      0     
9249704.00   13500       1500      15000        0          0          0         160        0.00       0.76       0.00     19634.96      0     
9280953.00   13500       1500      15000        0          0          0         209        0.00       0.76       0.00     19634.96      0     
9312202.00   13500       1500      15000        0          0          0          98        0.00       0.76       0.00     19634.96      0     
9343451.00   13500       1500      15000        0          0          0         141        0.00       0.76       0.00     19634.96      0     
9374700.00   13500       1500      15000        0          0          0         125        0.00       0.76       0.00     19634.96      0     
9405949.00   13500       1500      15000        0          0          0         182        0.00       0.76       0.00     19634.96      0     
9437198.00   13500       1500      15000        0          0          0         189        0.00       0.76       0.00     19634.96      0     
9468447.00   13500       1500      15000        0          0          0         350        0.00       0.76       0.00     19634.96      0     
9499696.00   13500       1500      15000        0          0          0         131        0.00       0.76       0.00     19634.96      0     
9530945.00   13500       1500      15000        0          0          0         188        0.00       0.76       0.00     19634.96      0     
9562194.00   13500       1500      15000        0          0          0         232        0.00       0.76       0.00     19634.96      0     
9593443.00   13500       1500      15000        0          0          0          87        0.00       0.76       0.00     19634.96      0     
9624692.00   13500       1500      15000        0          0          0         172        0.00       0.76       0.00     19634.96      0     
9655941.00   13500       1500      15000        0          0          0         160        0.00       0.76       0.00     19634.96      0     
9687190.00   13500       1500      15000        0          0          0         152        0.00       0.76       0.00     19634.96      0     
9718439.00   13500       1500      15000        0          0          0         140        0.00       0.76       0.00     19634.96      0     
9749688.00   13500       1500      15000        0          0          0         186        0.00       0.76       0.00     19634.96      0     
9780937.00   13500       1500      15000        0          0          0         111        0.00       0.76       0.00     19634.96      0     
9812186.00   13500       1500      15000        0          0          0         136        0.00       0.76       0.00     19634.96      0     
9843435.00   13500       1500      15000        0          0          0         113        0.00       0.76       0.00     19634.96      0     
9874684.00   13500       1500      15000        0          0          0          96        0.00       0.76       0.00     19634.96      0     
9905933.00   13500       1500      15000        0          0          0          94        0.00       0.76       0.00     19634.96      0     
9937182.00   13500       1500      15000        0          0          0         142        0.00       0.76       0.00     19634.96      0     
9968431.00   13500       1500      15000        0          0          0         159        0.00       0.76       0.00     19634.96      0     
9999680.00   13500       1500      15000        0          0          0         129        0.00       0.76       0.00     19634.96      0     
10030929.00   13500       1500      15000        0          0          0         116        0.00       0.76       0.00     19634.96      0     
10062178.00   13500       1500      15000        0          0          0         121        0.00       0.76       0.00     19634.96      0     
10093427.00   13500       1500      15000        0          0          0         101        0.00       0.76       0.00     19634.96      0     
10124676.00   13500       1500      15000        0          0          0         189        0.00       0.76       0.00     19634.96      0     
10155925.00   13500       1500      15000        0          0          0         160        0.00       0.76       0.00     19634.96      0     
10187174.00   13500       1500      15000        0          0          0         153        0.00       0.76       0.00     19634.96      0     
10218423.00   13500       1500      15000        0          0          0         142        0.00       0.76       0.00     19634.96      0     
10249672.00   13500       1500      15000        0          0          0         237        0.00       0.76       0.00     19634.96      0     
10280921.00   13500       1500      15000        0          0          0         202        0.00       0.76       0.00     19634.96      0     
10312170.00   13500       1500      15000        0          0          0         212        0.00       0.76       0.00     19634.96      0     
10343419.00   13500       1500      15000        0          0          0         124        0.00       0.76       0.00     19634.96      0     
10374668.00   13500       1500      15000        0          0          0         230        0.00       0.76       0.00     19634.96      0     
10405917.00   13500       1500      15000        0          0          0         198        0.00       0.76       0.00     19634.96      0     
10437166.00   13500       1500      15000        0          0          0         249        0.00       0.76       0.00     19634.96      0     
10468415.00   13500       1500      15000        0          0          0         268        0.00       0.76       0.00     19634.96      0     
10499664.00   13500       1500      15000        0          0          0         138        0.00       0.76       0.00     19634.96      0     
10530913.00   13500       1500      15000        0          0          0         125        0.00       0.76       0.00     19634.96      0     
10562162.00   13500       1500      15000        0          0          0         150        0.00       0.76       0.00     19634.96      0     
10593411.00   13500       1500      15000        0          0          0         126        0.00       0.76       0.00     19634.96      0     
10624660.00   13500       1500      15000        0          0          0         142        0.00       0.76       0.00     19634.96      0     
10655909.00   13500       1500      15000        0          0          0         121        0.00       0.76       0.00     19634.96      0     
10687158.00   13500       1500      15000        0          0          0         169        0.00       0.76       0.00     19634.96      0     
10718407.00   13500       1500      15000        0          0          0         155        0.00       0.76       0.00     19634.96      0     
10749656.00   13500       1500      15000        0          0          0         196        0.00       0.76       0.00     19634.96      0     
10780905.00   13500       1500      15000        0          0          0         237        0.00       0.76       0.00     19634.96      0     
10812154.00   13500       1500      15000        0          0          0         295        0.00       0.76       0.00     19634.96      0     
10843403.00   13500       1500      15000        0          0          0         348        0.00       0.76       0.00     19634.96      0     
10874652.00   13500       1500      15000        0          0          0         146        0.00       0.76       0.00     19634.96      0     
10905901.00   13500       1500      15000        0          0          0         191        0.00       0.76       0.00     19634.96      0     
10937150.00   13500       1500      15000        0          0          0         156        0.00       0.76       0.00     19634.96      0     
10968399.00   13500       1500      15000        0          0          0         173        0.00       0.76       0.00     19634.96      0     
10999648.00   13500       1500      15000        0          0          0         151        0.00       0.76       0.00     19634.96      0     
11030897.00   13500       1500      15000        0          0          0         184        0.00       0.76       0.00     19634.96      0     
11062146.00   13500       1500      15000        0          0          0         159        0.00       0.76       0.00     19634.96      0     
11093395.00   13500       1500      15000        0          0          0         214        0.00       0.76       0.00     19634.96      0     
11124644.00   13500       1500      15000        0          0          0         134        0.00       0.76       0.00     19634.96      0     
11155893.00   13500       1500      15000        0          0          0         151        0.00       0.76       0.00     19634.96      0     
11187142.00   13500       1500      15000        0          0          0          91        0.00       0.76       0.00     19634.96      0     
11218391.00   13500       1500      15000        0          0          0         143        0.00       0.76       0.00     19634.96      0     
11249640.00   13500       1500      15000        0          0          0         168        0.00       0.76       0.00     19634.96      0     
11280889.00   13500       1500      15000        0          0          0         145        0.00       0.76       0.00     19634.96      0     
11312138.00   13500       1500      15000        0          0          0         160        0.00       0.76       0.00     19634.96      0     
11343387.00   13500       1500      15000        0          0          0         138        0.00       0.76       0.00     19634.96      0     
11374636.00   13500       1500      15000        0          0          0         137        0.00       0.76       0.00     19634.96      0     
11405885.00   13500       1500      15000        0          0          0         122        0.00       0.76       0.00     19634.96      0     
11437134.00   13500       1500      15000        0          0          0         124        0.00       0.76       0.00     19634.96      0     
11468383.00   13500       1500      15000        0          0          0         125        0.00       0.76       0.00     19634.96      0     
11499632.00   13500       1500      15000        0          0          0          92        0.00       0.76       0.00     19634.96      0     
11530881.00   13500       1500      15000        0          0          0         149        0.00       0.76       0.00     19634.96      0     
11562130.00   13500       1500      15000        0          0          0         153        0.00       0.76       0.00     19634.96      0     
11593379.00   13500       1500      15000        0          0          0         118        0.00       0.76       0.00     19634.96      0     
11624628.00   13500       1500      15000        0          0          0         177        0.00       0.76       0.00     19634.96      0     
11655877.00   13500       1500      15000        0          0          0         144        0.00       0.76       0.00     19634.96      0     
11687126.00   13500       1500      15000        0          0          0         116        0.00       0.76       0.00     19634.96      0     
11718375.00   13500       1500      15000        0          0          0          80        0.00       0.76       0.00     19634.96      0     
11749624.00   13500       1500      15000        0          0          0          80        0.00       0.76       0.00     19634.96      0     
11780873.00   13500       1500      15000        0          0          0         131        0.00       0.76       0.00     19634.96      0     
11812122.00   13500       1500      15000        0          0          0         106        0.00       0.76       0.00     19634.96      0     
11843371.00   13500       1500      15000        0          0          0         141        0.00       0.76       0.00     19634.96      0     
11874620.00   13500       1500      15000        0          0          0          88        0.00       0.76       0.00     19634.96      0     
11905869.00   13500       1500      15000        0          0          0          85        0.00       0.76       0.00     19634.96      0     
11937118.00   13500       1500      15000        0          0          0         107        0.00       0.76       0.00     19634.96      0     
11968367.00   13500       1500      15000        0          0          0          98        0.00       0.76       0.00     19634.96      0     
11999616.00   13500       1500      15000        0          0          0         117        0.00       0.76       0.00     19634.96      0     
12030865.00   13500       1500      15000        0          0          0         170        0.00       0.76       0.00     19634.96      0     
12062114.00   13500       1500      15000        0          0          0         124        0.00       0.76       0.00     19634.96      0     
12093363.00   13500       1500      15000        0          0          0         130        0.00       0.76       0.00     19634.96      0     
12124612.00   13500       1500      15000        0          0          0         115        0.00       0.76       0.00     19634.96      0     
12155861.00   13500       1500      15000        0          0          0         141        0.00       0.76       0.00     19634.96      0     
12187110.00   13500       1500      15000        0          0          0         207        0.00       0.76       0.00     19634.96      0     
12218359.00   13500       1500      15000        0          0          0         402        0.00       0.76       0.00     19634.96      0     
12249608.00   13500       1500      15000        0          0          0         182        0.00       0.76       0.00     19634.96      0     
12280857.00   13500       1500      15000        0          0          0         274        0.00       0.76       0.00     19634.96      0     
12312106.00   13500       1500      15000        0          0          0         172        0.00       0.76       0.00     19634.96      0     
12343355.00   13500       1500      15000        0          0          0         290        0.00       0.76       0.00     19634.96      0     
12374604.00   13500       1500      15000        0          0          0         224        0.00       0.76       0.00     19634.96      0     
12405853.00   13500       1500      15000        0          0          0         198        0.00       0.76       0.00     19634.96      0     
12437102.00   13500       1500      15000        0          0          0         219        0.00       0.76       0.00     19634.96      0     
12468351.00   13500       1500      15000        0          0          0         233        0.00       0.76       0.00     19634.96      0     
12499600.00   13500       1500      15000        0          0          0         202        0.00       0.76       0.00     19634.96      0     
