 Timestep    Gas_A      Gas_B     Gas_tot    Dense_A    Dense_B   Dense_tot   Lg_clust  DP_density GP_density Clust_area  Gas_area     MCS    
   0.00       6000       9000      15000        0          0          0          12        0.00       0.76       0.00     19634.96      0     
 31249.00     6000       9000      15000        0          0          0          94        0.00       0.76       0.00     19634.96      0     
 62498.00     6000       9000      15000        0          0          0         129        0.00       0.76       0.00     19634.96      0     
 93747.00     6000       9000      15000        0          0          0         324        0.00       0.76       0.00     19634.96      0     
124996.00     6000       9000      15000        0          0          0         318        0.00       0.76       0.00     19634.96      0     
156245.00     6000       9000      15000        0          0          0         183        0.00       0.76       0.00     19634.96      0     
187494.00     6000       9000      15000        0          0          0         202        0.00       0.76       0.00     19634.96      0     
218743.00     6000       9000      15000        0          0          0         149        0.00       0.76       0.00     19634.96      0     
249992.00     6000       9000      15000        0          0          0         189        0.00       0.76       0.00     19634.96      0     
281241.00     6000       9000      15000        0          0          0         204        0.00       0.76       0.00     19634.96      0     
312490.00     6000       9000      15000        0          0          0         312        0.00       0.76       0.00     19634.96      0     
343739.00     6000       9000      15000        0          0          0         286        0.00       0.76       0.00     19634.96      0     
374988.00     6000       9000      15000        0          0          0         205        0.00       0.76       0.00     19634.96      0     
406237.00     6000       9000      15000        0          0          0         345        0.00       0.76       0.00     19634.96      0     
437486.00     6000       9000      15000        0          0          0         361        0.00       0.76       0.00     19634.96      0     
468735.00     6000       9000      15000        0          0          0         290        0.00       0.76       0.00     19634.96      0     
499984.00     6000       9000      15000        0          0          0         244        0.00       0.76       0.00     19634.96      0     
531233.00     6000       9000      15000        0          0          0         480        0.00       0.76       0.00     19634.96      0     
562482.00     6000       9000      15000        0          0          0         572        0.00       0.76       0.00     19634.96      0     
593731.00     6000       9000      15000        0          0          0         712        0.00       0.76       0.00     19634.96      0     
624980.00     6000       9000      15000        0          0          0         646        0.00       0.76       0.00     19634.96      0     
656229.00     6000       9000      15000        0          0          0         654        0.00       0.76       0.00     19634.96      0     
687478.00     6000       9000      15000        0          0          0         501        0.00       0.76       0.00     19634.96      0     
718727.00     6000       9000      15000        0          0          0         808        0.00       0.76       0.00     19634.96      0     
749976.00     6000       9000      15000        0          0          0         238        0.00       0.76       0.00     19634.96      0     
781225.00     6000       9000      15000        0          0          0         333        0.00       0.76       0.00     19634.96      0     
812474.00     6000       9000      15000        0          0          0         409        0.00       0.76       0.00     19634.96      0     
843723.00     6000       9000      15000        0          0          0         392        0.00       0.76       0.00     19634.96      0     
874972.00     6000       9000      15000        0          0          0         500        0.00       0.76       0.00     19634.96      0     
906221.00     6000       9000      15000        0          0          0         494        0.00       0.76       0.00     19634.96      0     
937470.00     6000       9000      15000        0          0          0         413        0.00       0.76       0.00     19634.96      0     
968719.00     6000       9000      15000        0          0          0         712        0.00       0.76       0.00     19634.96      0     
999968.00     6000       9000      15000        0          0          0         528        0.00       0.76       0.00     19634.96      0     
1031217.00    6000       9000      15000        0          0          0         457        0.00       0.76       0.00     19634.96      0     
1062466.00    6000       9000      15000        0          0          0         704        0.00       0.76       0.00     19634.96      0     
1093715.00    6000       9000      15000        0          0          0         757        0.00       0.76       0.00     19634.96      0     
1124964.00    6000       9000      15000        0          0          0         608        0.00       0.76       0.00     19634.96      0     
1156213.00    6000       9000      15000        0          0          0         388        0.00       0.76       0.00     19634.96      0     
1187462.00    6000       9000      15000        0          0          0         386        0.00       0.76       0.00     19634.96      0     
1218711.00    6000       9000      15000        0          0          0         450        0.00       0.76       0.00     19634.96      0     
1249960.00    6000       9000      15000        0          0          0         306        0.00       0.76       0.00     19634.96      0     
1281209.00    6000       9000      15000        0          0          0         267        0.00       0.76       0.00     19634.96      0     
1312458.00    6000       9000      15000        0          0          0         316        0.00       0.76       0.00     19634.96      0     
1343707.00    6000       9000      15000        0          0          0         600        0.00       0.76       0.00     19634.96      0     
1374956.00    6000       9000      15000        0          0          0         497        0.00       0.76       0.00     19634.96      0     
1406205.00    6000       9000      15000        0          0          0         295        0.00       0.76       0.00     19634.96      0     
1437454.00    6000       9000      15000        0          0          0         265        0.00       0.76       0.00     19634.96      0     
1468703.00    6000       9000      15000        0          0          0         314        0.00       0.76       0.00     19634.96      0     
1499952.00    6000       9000      15000        0          0          0         347        0.00       0.76       0.00     19634.96      0     
1531201.00    6000       9000      15000        0          0          0         368        0.00       0.76       0.00     19634.96      0     
1562450.00    6000       9000      15000        0          0          0         272        0.00       0.76       0.00     19634.96      0     
1593699.00    6000       9000      15000        0          0          0         296        0.00       0.76       0.00     19634.96      0     
1624948.00    6000       9000      15000        0          0          0         505        0.00       0.76       0.00     19634.96      0     
1656197.00    6000       9000      15000        0          0          0         280        0.00       0.76       0.00     19634.96      0     
1687446.00    6000       9000      15000        0          0          0         204        0.00       0.76       0.00     19634.96      0     
1718695.00    6000       9000      15000        0          0          0         342        0.00       0.76       0.00     19634.96      0     
1749944.00    6000       9000      15000        0          0          0         306        0.00       0.76       0.00     19634.96      0     
1781193.00    6000       9000      15000        0          0          0         216        0.00       0.76       0.00     19634.96      0     
1812442.00    6000       9000      15000        0          0          0         353        0.00       0.76       0.00     19634.96      0     
1843691.00    6000       9000      15000        0          0          0         476        0.00       0.76       0.00     19634.96      0     
1874940.00    6000       9000      15000        0          0          0         413        0.00       0.76       0.00     19634.96      0     
1906189.00    6000       9000      15000        0          0          0         458        0.00       0.76       0.00     19634.96      0     
1937438.00    6000       9000      15000        0          0          0         454        0.00       0.76       0.00     19634.96      0     
1968687.00    6000       9000      15000        0          0          0         392        0.00       0.76       0.00     19634.96      0     
1999936.00    6000       9000      15000        0          0          0         508        0.00       0.76       0.00     19634.96      0     
2031185.00    6000       9000      15000        0          0          0         324        0.00       0.76       0.00     19634.96      0     
2062434.00    6000       9000      15000        0          0          0         454        0.00       0.76       0.00     19634.96      0     
2093683.00    6000       9000      15000        0          0          0         455        0.00       0.76       0.00     19634.96      0     
2124932.00    6000       9000      15000        0          0          0         639        0.00       0.76       0.00     19634.96      0     
2156181.00    6000       9000      15000        0          0          0         356        0.00       0.76       0.00     19634.96      0     
2187430.00    6000       9000      15000        0          0          0         521        0.00       0.76       0.00     19634.96      0     
2218679.00    6000       9000      15000        0          0          0         189        0.00       0.76       0.00     19634.96      0     
2249928.00    6000       9000      15000        0          0          0         448        0.00       0.76       0.00     19634.96      0     
2281177.00    6000       9000      15000        0          0          0         357        0.00       0.76       0.00     19634.96      0     
2312426.00    6000       9000      15000        0          0          0         387        0.00       0.76       0.00     19634.96      0     
2343675.00    6000       9000      15000        0          0          0         356        0.00       0.76       0.00     19634.96      0     
2374924.00    6000       9000      15000        0          0          0         409        0.00       0.76       0.00     19634.96      0     
2406173.00    6000       9000      15000        0          0          0         383        0.00       0.76       0.00     19634.96      0     
2437422.00    6000       9000      15000        0          0          0         370        0.00       0.76       0.00     19634.96      0     
2468671.00    6000       9000      15000        0          0          0         226        0.00       0.76       0.00     19634.96      0     
2499920.00    6000       9000      15000        0          0          0         320        0.00       0.76       0.00     19634.96      0     
2531169.00    6000       9000      15000        0          0          0         360        0.00       0.76       0.00     19634.96      0     
2562418.00    6000       9000      15000        0          0          0         205        0.00       0.76       0.00     19634.96      0     
2593667.00    6000       9000      15000        0          0          0         153        0.00       0.76       0.00     19634.96      0     
2624916.00    6000       9000      15000        0          0          0         252        0.00       0.76       0.00     19634.96      0     
2656165.00    6000       9000      15000        0          0          0         657        0.00       0.76       0.00     19634.96      0     
2687414.00    6000       9000      15000        0          0          0         389        0.00       0.76       0.00     19634.96      0     
2718663.00    6000       9000      15000        0          0          0         443        0.00       0.76       0.00     19634.96      0     
2749912.00    6000       9000      15000        0          0          0         576        0.00       0.76       0.00     19634.96      0     
2781161.00    6000       9000      15000        0          0          0         444        0.00       0.76       0.00     19634.96      0     
2812410.00    6000       9000      15000        0          0          0         510        0.00       0.76       0.00     19634.96      0     
2843659.00    6000       9000      15000        0          0          0         495        0.00       0.76       0.00     19634.96      0     
2874908.00    6000       9000      15000        0          0          0         388        0.00       0.76       0.00     19634.96      0     
2906157.00    6000       9000      15000        0          0          0         258        0.00       0.76       0.00     19634.96      0     
2937406.00    6000       9000      15000        0          0          0         369        0.00       0.76       0.00     19634.96      0     
2968655.00    6000       9000      15000        0          0          0         327        0.00       0.76       0.00     19634.96      0     
2999904.00    6000       9000      15000        0          0          0         267        0.00       0.76       0.00     19634.96      0     
3031153.00    6000       9000      15000        0          0          0         288        0.00       0.76       0.00     19634.96      0     
3062402.00    6000       9000      15000        0          0          0         228        0.00       0.76       0.00     19634.96      0     
3093651.00    6000       9000      15000        0          0          0         364        0.00       0.76       0.00     19634.96      0     
3124900.00    6000       9000      15000        0          0          0         227        0.00       0.76       0.00     19634.96      0     
3156149.00    6000       9000      15000        0          0          0         389        0.00       0.76       0.00     19634.96      0     
3187398.00    6000       9000      15000        0          0          0         273        0.00       0.76       0.00     19634.96      0     
3218647.00    6000       9000      15000        0          0          0         347        0.00       0.76       0.00     19634.96      0     
3249896.00    6000       9000      15000        0          0          0         274        0.00       0.76       0.00     19634.96      0     
3281145.00    6000       9000      15000        0          0          0         378        0.00       0.76       0.00     19634.96      0     
3312394.00    6000       9000      15000        0          0          0         261        0.00       0.76       0.00     19634.96      0     
3343643.00    6000       9000      15000        0          0          0         344        0.00       0.76       0.00     19634.96      0     
3374892.00    6000       9000      15000        0          0          0         301        0.00       0.76       0.00     19634.96      0     
3406141.00    6000       9000      15000        0          0          0         269        0.00       0.76       0.00     19634.96      0     
3437390.00    6000       9000      15000        0          0          0         209        0.00       0.76       0.00     19634.96      0     
3468639.00    6000       9000      15000        0          0          0         383        0.00       0.76       0.00     19634.96      0     
3499888.00    6000       9000      15000        0          0          0         376        0.00       0.76       0.00     19634.96      0     
3531137.00    6000       9000      15000        0          0          0         363        0.00       0.76       0.00     19634.96      0     
3562386.00    6000       9000      15000        0          0          0         515        0.00       0.76       0.00     19634.96      0     
3593635.00    6000       9000      15000        0          0          0         469        0.00       0.76       0.00     19634.96      0     
3624884.00    6000       9000      15000        0          0          0         310        0.00       0.76       0.00     19634.96      0     
3656133.00    6000       9000      15000        0          0          0         303        0.00       0.76       0.00     19634.96      0     
3687382.00    6000       9000      15000        0          0          0         247        0.00       0.76       0.00     19634.96      0     
3718631.00    6000       9000      15000        0          0          0         302        0.00       0.76       0.00     19634.96      0     
3749880.00    6000       9000      15000        0          0          0         251        0.00       0.76       0.00     19634.96      0     
3781129.00    6000       9000      15000        0          0          0         385        0.00       0.76       0.00     19634.96      0     
3812378.00    6000       9000      15000        0          0          0         219        0.00       0.76       0.00     19634.96      0     
3843627.00    6000       9000      15000        0          0          0         587        0.00       0.76       0.00     19634.96      0     
3874876.00    6000       9000      15000        0          0          0         378        0.00       0.76       0.00     19634.96      0     
3906125.00    6000       9000      15000        0          0          0         459        0.00       0.76       0.00     19634.96      0     
3937374.00    6000       9000      15000        0          0          0         347        0.00       0.76       0.00     19634.96      0     
3968623.00    6000       9000      15000        0          0          0         412        0.00       0.76       0.00     19634.96      0     
3999872.00    6000       9000      15000        0          0          0         406        0.00       0.76       0.00     19634.96      0     
4031121.00    6000       9000      15000        0          0          0         245        0.00       0.76       0.00     19634.96      0     
4062370.00    6000       9000      15000        0          0          0         305        0.00       0.76       0.00     19634.96      0     
4093619.00    6000       9000      15000        0          0          0         266        0.00       0.76       0.00     19634.96      0     
4124868.00    6000       9000      15000        0          0          0         277        0.00       0.76       0.00     19634.96      0     
4156117.00    6000       9000      15000        0          0          0         234        0.00       0.76       0.00     19634.96      0     
4187366.00    6000       9000      15000        0          0          0         449        0.00       0.76       0.00     19634.96      0     
4218615.00    6000       9000      15000        0          0          0         202        0.00       0.76       0.00     19634.96      0     
4249864.00    6000       9000      15000        0          0          0         240        0.00       0.76       0.00     19634.96      0     
4281113.00    6000       9000      15000        0          0          0         152        0.00       0.76       0.00     19634.96      0     
4312362.00    6000       9000      15000        0          0          0         227        0.00       0.76       0.00     19634.96      0     
4343611.00    6000       9000      15000        0          0          0         304        0.00       0.76       0.00     19634.96      0     
4374860.00    6000       9000      15000        0          0          0         360        0.00       0.76       0.00     19634.96      0     
4406109.00    6000       9000      15000        0          0          0         368        0.00       0.76       0.00     19634.96      0     
4437358.00    6000       9000      15000        0          0          0         321        0.00       0.76       0.00     19634.96      0     
4468607.00    6000       9000      15000        0          0          0         468        0.00       0.76       0.00     19634.96      0     
4499856.00    6000       9000      15000        0          0          0         678        0.00       0.76       0.00     19634.96      0     
4531105.00    6000       9000      15000        0          0          0         425        0.00       0.76       0.00     19634.96      0     
4562354.00    6000       9000      15000        0          0          0         356        0.00       0.76       0.00     19634.96      0     
4593603.00    6000       9000      15000        0          0          0         450        0.00       0.76       0.00     19634.96      0     
4624852.00    6000       9000      15000        0          0          0         381        0.00       0.76       0.00     19634.96      0     
4656101.00    6000       9000      15000        0          0          0         298        0.00       0.76       0.00     19634.96      0     
4687350.00    6000       9000      15000        0          0          0         354        0.00       0.76       0.00     19634.96      0     
4718599.00    6000       9000      15000        0          0          0         471        0.00       0.76       0.00     19634.96      0     
4749848.00    6000       9000      15000        0          0          0         456        0.00       0.76       0.00     19634.96      0     
4781097.00    6000       9000      15000        0          0          0         379        0.00       0.76       0.00     19634.96      0     
4812346.00    6000       9000      15000        0          0          0         379        0.00       0.76       0.00     19634.96      0     
4843595.00    6000       9000      15000        0          0          0         502        0.00       0.76       0.00     19634.96      0     
4874844.00    6000       9000      15000        0          0          0         573        0.00       0.76       0.00     19634.96      0     
4906093.00    6000       9000      15000        0          0          0         581        0.00       0.76       0.00     19634.96      0     
4937342.00    6000       9000      15000        0          0          0         311        0.00       0.76       0.00     19634.96      0     
4968591.00    6000       9000      15000        0          0          0         348        0.00       0.76       0.00     19634.96      0     
4999840.00    6000       9000      15000        0          0          0         458        0.00       0.76       0.00     19634.96      0     
5031089.00    6000       9000      15000        0          0          0         450        0.00       0.76       0.00     19634.96      0     
5062338.00    6000       9000      15000        0          0          0         392        0.00       0.76       0.00     19634.96      0     
5093587.00    6000       9000      15000        0          0          0         282        0.00       0.76       0.00     19634.96      0     
5124836.00    6000       9000      15000        0          0          0         380        0.00       0.76       0.00     19634.96      0     
5156085.00    6000       9000      15000        0          0          0         478        0.00       0.76       0.00     19634.96      0     
5187334.00    6000       9000      15000        0          0          0         343        0.00       0.76       0.00     19634.96      0     
5218583.00    6000       9000      15000        0          0          0         283        0.00       0.76       0.00     19634.96      0     
5249832.00    6000       9000      15000        0          0          0         258        0.00       0.76       0.00     19634.96      0     
5281081.00    6000       9000      15000        0          0          0         272        0.00       0.76       0.00     19634.96      0     
5312330.00    6000       9000      15000        0          0          0         249        0.00       0.76       0.00     19634.96      0     
5343579.00    6000       9000      15000        0          0          0         245        0.00       0.76       0.00     19634.96      0     
5374828.00    6000       9000      15000        0          0          0         344        0.00       0.76       0.00     19634.96      0     
5406077.00    6000       9000      15000        0          0          0         399        0.00       0.76       0.00     19634.96      0     
5437326.00    6000       9000      15000        0          0          0         380        0.00       0.76       0.00     19634.96      0     
5468575.00    6000       9000      15000        0          0          0         418        0.00       0.76       0.00     19634.96      0     
5499824.00    6000       9000      15000        0          0          0         194        0.00       0.76       0.00     19634.96      0     
5531073.00    6000       9000      15000        0          0          0         330        0.00       0.76       0.00     19634.96      0     
5562322.00    6000       9000      15000        0          0          0         319        0.00       0.76       0.00     19634.96      0     
5593571.00    6000       9000      15000        0          0          0         391        0.00       0.76       0.00     19634.96      0     
5624820.00    6000       9000      15000        0          0          0         236        0.00       0.76       0.00     19634.96      0     
5656069.00    6000       9000      15000        0          0          0         629        0.00       0.76       0.00     19634.96      0     
5687318.00    6000       9000      15000        0          0          0         331        0.00       0.76       0.00     19634.96      0     
5718567.00    6000       9000      15000        0          0          0         195        0.00       0.76       0.00     19634.96      0     
5749816.00    6000       9000      15000        0          0          0         380        0.00       0.76       0.00     19634.96      0     
5781065.00    6000       9000      15000        0          0          0         340        0.00       0.76       0.00     19634.96      0     
5812314.00    6000       9000      15000        0          0          0         335        0.00       0.76       0.00     19634.96      0     
5843563.00    6000       9000      15000        0          0          0         319        0.00       0.76       0.00     19634.96      0     
5874812.00    6000       9000      15000        0          0          0         292        0.00       0.76       0.00     19634.96      0     
5906061.00    6000       9000      15000        0          0          0         222        0.00       0.76       0.00     19634.96      0     
5937310.00    6000       9000      15000        0          0          0         291        0.00       0.76       0.00     19634.96      0     
5968559.00    6000       9000      15000        0          0          0         221        0.00       0.76       0.00     19634.96      0     
5999808.00    6000       9000      15000        0          0          0         386        0.00       0.76       0.00     19634.96      0     
6031057.00    6000       9000      15000        0          0          0         304        0.00       0.76       0.00     19634.96      0     
6062306.00    6000       9000      15000        0          0          0         323        0.00       0.76       0.00     19634.96      0     
6093555.00    6000       9000      15000        0          0          0         362        0.00       0.76       0.00     19634.96      0     
6124804.00    6000       9000      15000        0          0          0         373        0.00       0.76       0.00     19634.96      0     
6156053.00    6000       9000      15000        0          0          0         305        0.00       0.76       0.00     19634.96      0     
6187302.00    6000       9000      15000        0          0          0         308        0.00       0.76       0.00     19634.96      0     
6218551.00    6000       9000      15000        0          0          0         281        0.00       0.76       0.00     19634.96      0     
6249800.00    6000       9000      15000        0          0          0         565        0.00       0.76       0.00     19634.96      0     
6281049.00    6000       9000      15000        0          0          0         369        0.00       0.76       0.00     19634.96      0     
6312298.00    6000       9000      15000        0          0          0         263        0.00       0.76       0.00     19634.96      0     
6343547.00    6000       9000      15000        0          0          0         338        0.00       0.76       0.00     19634.96      0     
6374796.00    6000       9000      15000        0          0          0         371        0.00       0.76       0.00     19634.96      0     
6406045.00    6000       9000      15000        0          0          0         319        0.00       0.76       0.00     19634.96      0     
6437294.00    6000       9000      15000        0          0          0         213        0.00       0.76       0.00     19634.96      0     
6468543.00    6000       9000      15000        0          0          0         251        0.00       0.76       0.00     19634.96      0     
6499792.00    6000       9000      15000        0          0          0         389        0.00       0.76       0.00     19634.96      0     
6531041.00    6000       9000      15000        0          0          0         348        0.00       0.76       0.00     19634.96      0     
6562290.00    6000       9000      15000        0          0          0         463        0.00       0.76       0.00     19634.96      0     
6593539.00    6000       9000      15000        0          0          0         361        0.00       0.76       0.00     19634.96      0     
6624788.00    6000       9000      15000        0          0          0         400        0.00       0.76       0.00     19634.96      0     
6656037.00    6000       9000      15000        0          0          0         301        0.00       0.76       0.00     19634.96      0     
6687286.00    6000       9000      15000        0          0          0         280        0.00       0.76       0.00     19634.96      0     
6718535.00    6000       9000      15000        0          0          0         310        0.00       0.76       0.00     19634.96      0     
6749784.00    6000       9000      15000        0          0          0         498        0.00       0.76       0.00     19634.96      0     
6781033.00    6000       9000      15000        0          0          0         239        0.00       0.76       0.00     19634.96      0     
6812282.00    6000       9000      15000        0          0          0         302        0.00       0.76       0.00     19634.96      0     
6843531.00    6000       9000      15000        0          0          0         224        0.00       0.76       0.00     19634.96      0     
6874780.00    6000       9000      15000        0          0          0         260        0.00       0.76       0.00     19634.96      0     
6906029.00    6000       9000      15000        0          0          0         375        0.00       0.76       0.00     19634.96      0     
6937278.00    6000       9000      15000        0          0          0         358        0.00       0.76       0.00     19634.96      0     
6968527.00    6000       9000      15000        0          0          0         241        0.00       0.76       0.00     19634.96      0     
6999776.00    6000       9000      15000        0          0          0         247        0.00       0.76       0.00     19634.96      0     
7031025.00    6000       9000      15000        0          0          0         387        0.00       0.76       0.00     19634.96      0     
7062274.00    6000       9000      15000        0          0          0         460        0.00       0.76       0.00     19634.96      0     
7093523.00    6000       9000      15000        0          0          0         152        0.00       0.76       0.00     19634.96      0     
7124772.00    6000       9000      15000        0          0          0         328        0.00       0.76       0.00     19634.96      0     
7156021.00    6000       9000      15000        0          0          0         527        0.00       0.76       0.00     19634.96      0     
7187270.00    6000       9000      15000        0          0          0         411        0.00       0.76       0.00     19634.96      0     
7218519.00    6000       9000      15000        0          0          0         286        0.00       0.76       0.00     19634.96      0     
7249768.00    6000       9000      15000        0          0          0         268        0.00       0.76       0.00     19634.96      0     
7281017.00    6000       9000      15000        0          0          0         259        0.00       0.76       0.00     19634.96      0     
7312266.00    6000       9000      15000        0          0          0         194        0.00       0.76       0.00     19634.96      0     
7343515.00    6000       9000      15000        0          0          0         225        0.00       0.76       0.00     19634.96      0     
7374764.00    6000       9000      15000        0          0          0         177        0.00       0.76       0.00     19634.96      0     
7406013.00    6000       9000      15000        0          0          0         440        0.00       0.76       0.00     19634.96      0     
7437262.00    6000       9000      15000        0          0          0         560        0.00       0.76       0.00     19634.96      0     
7468511.00    6000       9000      15000        0          0          0         603        0.00       0.76       0.00     19634.96      0     
7499760.00    6000       9000      15000        0          0          0         329        0.00       0.76       0.00     19634.96      0     
7531009.00    6000       9000      15000        0          0          0         409        0.00       0.76       0.00     19634.96      0     
7562258.00    6000       9000      15000        0          0          0         393        0.00       0.76       0.00     19634.96      0     
7593507.00    6000       9000      15000        0          0          0         254        0.00       0.76       0.00     19634.96      0     
7624756.00    6000       9000      15000        0          0          0         210        0.00       0.76       0.00     19634.96      0     
7656005.00    6000       9000      15000        0          0          0         336        0.00       0.76       0.00     19634.96      0     
7687254.00    6000       9000      15000        0          0          0         248        0.00       0.76       0.00     19634.96      0     
7718503.00    6000       9000      15000        0          0          0         322        0.00       0.76       0.00     19634.96      0     
7749752.00    6000       9000      15000        0          0          0         212        0.00       0.76       0.00     19634.96      0     
7781001.00    6000       9000      15000        0          0          0         275        0.00       0.76       0.00     19634.96      0     
7812250.00    6000       9000      15000        0          0          0         200        0.00       0.76       0.00     19634.96      0     
7843499.00    6000       9000      15000        0          0          0         335        0.00       0.76       0.00     19634.96      0     
7874748.00    6000       9000      15000        0          0          0         269        0.00       0.76       0.00     19634.96      0     
7905997.00    6000       9000      15000        0          0          0         391        0.00       0.76       0.00     19634.96      0     
7937246.00    6000       9000      15000        0          0          0         422        0.00       0.76       0.00     19634.96      0     
7968495.00    6000       9000      15000        0          0          0         588        0.00       0.76       0.00     19634.96      0     
7999744.00    6000       9000      15000        0          0          0         469        0.00       0.76       0.00     19634.96      0     
8030993.00    6000       9000      15000        0          0          0         437        0.00       0.76       0.00     19634.96      0     
8062242.00    6000       9000      15000        0          0          0         390        0.00       0.76       0.00     19634.96      0     
8093491.00    6000       9000      15000        0          0          0         316        0.00       0.76       0.00     19634.96      0     
8124740.00    6000       9000      15000        0          0          0         356        0.00       0.76       0.00     19634.96      0     
8155989.00    6000       9000      15000        0          0          0         458        0.00       0.76       0.00     19634.96      0     
8187238.00    6000       9000      15000        0          0          0         404        0.00       0.76       0.00     19634.96      0     
8218487.00    6000       9000      15000        0          0          0         495        0.00       0.76       0.00     19634.96      0     
8249736.00    6000       9000      15000        0          0          0         401        0.00       0.76       0.00     19634.96      0     
8280985.00    6000       9000      15000        0          0          0         509        0.00       0.76       0.00     19634.96      0     
8312234.00    6000       9000      15000        0          0          0         322        0.00       0.76       0.00     19634.96      0     
8343483.00    6000       9000      15000        0          0          0         225        0.00       0.76       0.00     19634.96      0     
8374732.00    6000       9000      15000        0          0          0         344        0.00       0.76       0.00     19634.96      0     
8405981.00    6000       9000      15000        0          0          0         287        0.00       0.76       0.00     19634.96      0     
8437230.00    6000       9000      15000        0          0          0         415        0.00       0.76       0.00     19634.96      0     
8468479.00    6000       9000      15000        0          0          0         165        0.00       0.76       0.00     19634.96      0     
8499728.00    6000       9000      15000        0          0          0         422        0.00       0.76       0.00     19634.96      0     
8530977.00    6000       9000      15000        0          0          0         210        0.00       0.76       0.00     19634.96      0     
8562226.00    6000       9000      15000        0          0          0         300        0.00       0.76       0.00     19634.96      0     
8593475.00    6000       9000      15000        0          0          0         338        0.00       0.76       0.00     19634.96      0     
8624724.00    6000       9000      15000        0          0          0         274        0.00       0.76       0.00     19634.96      0     
8655973.00    6000       9000      15000        0          0          0         274        0.00       0.76       0.00     19634.96      0     
8687222.00    6000       9000      15000        0          0          0         218        0.00       0.76       0.00     19634.96      0     
8718471.00    6000       9000      15000        0          0          0         246        0.00       0.76       0.00     19634.96      0     
8749720.00    6000       9000      15000        0          0          0         251        0.00       0.76       0.00     19634.96      0     
8780969.00    6000       9000      15000        0          0          0         332        0.00       0.76       0.00     19634.96      0     
8812218.00    6000       9000      15000        0          0          0         502        0.00       0.76       0.00     19634.96      0     
8843467.00    6000       9000      15000        0          0          0         488        0.00       0.76       0.00     19634.96      0     
8874716.00    6000       9000      15000        0          0          0         347        0.00       0.76       0.00     19634.96      0     
8905965.00    6000       9000      15000        0          0          0         286        0.00       0.76       0.00     19634.96      0     
8937214.00    6000       9000      15000        0          0          0         320        0.00       0.76       0.00     19634.96      0     
8968463.00    6000       9000      15000        0          0          0         426        0.00       0.76       0.00     19634.96      0     
8999712.00    6000       9000      15000        0          0          0         485        0.00       0.76       0.00     19634.96      0     
9030961.00    6000       9000      15000        0          0          0         238        0.00       0.76       0.00     19634.96      0     
9062210.00    6000       9000      15000        0          0          0         465        0.00       0.76       0.00     19634.96      0     
9093459.00    6000       9000      15000        0          0          0         231        0.00       0.76       0.00     19634.96      0     
9124708.00    6000       9000      15000        0          0          0         221        0.00       0.76       0.00     19634.96      0     
9155957.00    6000       9000      15000        0          0          0         333        0.00       0.76       0.00     19634.96      0     
9187206.00    6000       9000      15000        0          0          0         368        0.00       0.76       0.00     19634.96      0     
9218455.00    6000       9000      15000        0          0          0         452        0.00       0.76       0.00     19634.96      0     
9249704.00    6000       9000      15000        0          0          0         527        0.00       0.76       0.00     19634.96      0     
9280953.00    6000       9000      15000        0          0          0         559        0.00       0.76       0.00     19634.96      0     
9312202.00    6000       9000      15000        0          0          0         459        0.00       0.76       0.00     19634.96      0     
9343451.00    6000       9000      15000        0          0          0         654        0.00       0.76       0.00     19634.96      0     
9374700.00    6000       9000      15000        0          0          0         493        0.00       0.76       0.00     19634.96      0     
9405949.00    6000       9000      15000        0          0          0         536        0.00       0.76       0.00     19634.96      0     
9437198.00    6000       9000      15000        0          0          0         300        0.00       0.76       0.00     19634.96      0     
9468447.00    6000       9000      15000        0          0          0         317        0.00       0.76       0.00     19634.96      0     
9499696.00    6000       9000      15000        0          0          0         395        0.00       0.76       0.00     19634.96      0     
9530945.00    6000       9000      15000        0          0          0         587        0.00       0.76       0.00     19634.96      0     
9562194.00    6000       9000      15000        0          0          0         440        0.00       0.76       0.00     19634.96      0     
9593443.00    6000       9000      15000        0          0          0         278        0.00       0.76       0.00     19634.96      0     
9624692.00    6000       9000      15000        0          0          0         329        0.00       0.76       0.00     19634.96      0     
9655941.00    6000       9000      15000        0          0          0         287        0.00       0.76       0.00     19634.96      0     
9687190.00    6000       9000      15000        0          0          0         326        0.00       0.76       0.00     19634.96      0     
9718439.00    6000       9000      15000        0          0          0         514        0.00       0.76       0.00     19634.96      0     
9749688.00    6000       9000      15000        0          0          0         234        0.00       0.76       0.00     19634.96      0     
9780937.00    6000       9000      15000        0          0          0         235        0.00       0.76       0.00     19634.96      0     
9812186.00    6000       9000      15000        0          0          0         356        0.00       0.76       0.00     19634.96      0     
9843435.00    6000       9000      15000        0          0          0         399        0.00       0.76       0.00     19634.96      0     
9874684.00    6000       9000      15000        0          0          0         392        0.00       0.76       0.00     19634.96      0     
9905933.00    6000       9000      15000        0          0          0         327        0.00       0.76       0.00     19634.96      0     
9937182.00    6000       9000      15000        0          0          0         335        0.00       0.76       0.00     19634.96      0     
9968431.00    6000       9000      15000        0          0          0         328        0.00       0.76       0.00     19634.96      0     
9999680.00    6000       9000      15000        0          0          0         621        0.00       0.76       0.00     19634.96      0     
10030929.00    6000       9000      15000        0          0          0         618        0.00       0.76       0.00     19634.96      0     
10062178.00    6000       9000      15000        0          0          0         650        0.00       0.76       0.00     19634.96      0     
10093427.00    6000       9000      15000        0          0          0         361        0.00       0.76       0.00     19634.96      0     
10124676.00    6000       9000      15000        0          0          0         503        0.00       0.76       0.00     19634.96      0     
10155925.00    6000       9000      15000        0          0          0         360        0.00       0.76       0.00     19634.96      0     
10187174.00    6000       9000      15000        0          0          0         408        0.00       0.76       0.00     19634.96      0     
10218423.00    6000       9000      15000        0          0          0         403        0.00       0.76       0.00     19634.96      0     
10249672.00    6000       9000      15000        0          0          0         244        0.00       0.76       0.00     19634.96      0     
10280921.00    6000       9000      15000        0          0          0         363        0.00       0.76       0.00     19634.96      0     
10312170.00    6000       9000      15000        0          0          0         511        0.00       0.76       0.00     19634.96      0     
10343419.00    6000       9000      15000        0          0          0         484        0.00       0.76       0.00     19634.96      0     
10374668.00    6000       9000      15000        0          0          0         395        0.00       0.76       0.00     19634.96      0     
10405917.00    6000       9000      15000        0          0          0         246        0.00       0.76       0.00     19634.96      0     
10437166.00    6000       9000      15000        0          0          0         268        0.00       0.76       0.00     19634.96      0     
10468415.00    6000       9000      15000        0          0          0         179        0.00       0.76       0.00     19634.96      0     
10499664.00    6000       9000      15000        0          0          0         272        0.00       0.76       0.00     19634.96      0     
10530913.00    6000       9000      15000        0          0          0         433        0.00       0.76       0.00     19634.96      0     
10562162.00    6000       9000      15000        0          0          0         256        0.00       0.76       0.00     19634.96      0     
10593411.00    6000       9000      15000        0          0          0         395        0.00       0.76       0.00     19634.96      0     
10624660.00    6000       9000      15000        0          0          0         494        0.00       0.76       0.00     19634.96      0     
10655909.00    6000       9000      15000        0          0          0         347        0.00       0.76       0.00     19634.96      0     
10687158.00    6000       9000      15000        0          0          0         313        0.00       0.76       0.00     19634.96      0     
10718407.00    6000       9000      15000        0          0          0         321        0.00       0.76       0.00     19634.96      0     
10749656.00    6000       9000      15000        0          0          0         454        0.00       0.76       0.00     19634.96      0     
10780905.00    6000       9000      15000        0          0          0         434        0.00       0.76       0.00     19634.96      0     
10812154.00    6000       9000      15000        0          0          0         610        0.00       0.76       0.00     19634.96      0     
10843403.00    6000       9000      15000        0          0          0         540        0.00       0.76       0.00     19634.96      0     
10874652.00    6000       9000      15000        0          0          0         647        0.00       0.76       0.00     19634.96      0     
10905901.00    6000       9000      15000        0          0          0         423        0.00       0.76       0.00     19634.96      0     
10937150.00    6000       9000      15000        0          0          0         373        0.00       0.76       0.00     19634.96      0     
10968399.00    6000       9000      15000        0          0          0         400        0.00       0.76       0.00     19634.96      0     
10999648.00    6000       9000      15000        0          0          0         434        0.00       0.76       0.00     19634.96      0     
11030897.00    6000       9000      15000        0          0          0         328        0.00       0.76       0.00     19634.96      0     
11062146.00    6000       9000      15000        0          0          0         407        0.00       0.76       0.00     19634.96      0     
11093395.00    6000       9000      15000        0          0          0         357        0.00       0.76       0.00     19634.96      0     
11124644.00    6000       9000      15000        0          0          0         320        0.00       0.76       0.00     19634.96      0     
11155893.00    6000       9000      15000        0          0          0         282        0.00       0.76       0.00     19634.96      0     
11187142.00    6000       9000      15000        0          0          0         605        0.00       0.76       0.00     19634.96      0     
11218391.00    6000       9000      15000        0          0          0         331        0.00       0.76       0.00     19634.96      0     
11249640.00    6000       9000      15000        0          0          0         275        0.00       0.76       0.00     19634.96      0     
11280889.00    6000       9000      15000        0          0          0         309        0.00       0.76       0.00     19634.96      0     
11312138.00    6000       9000      15000        0          0          0         242        0.00       0.76       0.00     19634.96      0     
11343387.00    6000       9000      15000        0          0          0         280        0.00       0.76       0.00     19634.96      0     
11374636.00    6000       9000      15000        0          0          0         222        0.00       0.76       0.00     19634.96      0     
11405885.00    6000       9000      15000        0          0          0         248        0.00       0.76       0.00     19634.96      0     
11437134.00    6000       9000      15000        0          0          0         242        0.00       0.76       0.00     19634.96      0     
11468383.00    6000       9000      15000        0          0          0         306        0.00       0.76       0.00     19634.96      0     
11499632.00    6000       9000      15000        0          0          0         237        0.00       0.76       0.00     19634.96      0     
11530881.00    6000       9000      15000        0          0          0         186        0.00       0.76       0.00     19634.96      0     
11562130.00    6000       9000      15000        0          0          0         196        0.00       0.76       0.00     19634.96      0     
11593379.00    6000       9000      15000        0          0          0         200        0.00       0.76       0.00     19634.96      0     
11624628.00    6000       9000      15000        0          0          0         351        0.00       0.76       0.00     19634.96      0     
11655877.00    6000       9000      15000        0          0          0         388        0.00       0.76       0.00     19634.96      0     
11687126.00    6000       9000      15000        0          0          0         383        0.00       0.76       0.00     19634.96      0     
11718375.00    6000       9000      15000        0          0          0         315        0.00       0.76       0.00     19634.96      0     
11749624.00    6000       9000      15000        0          0          0         290        0.00       0.76       0.00     19634.96      0     
11780873.00    6000       9000      15000        0          0          0         271        0.00       0.76       0.00     19634.96      0     
11812122.00    6000       9000      15000        0          0          0         549        0.00       0.76       0.00     19634.96      0     
11843371.00    6000       9000      15000        0          0          0         505        0.00       0.76       0.00     19634.96      0     
11874620.00    6000       9000      15000        0          0          0         375        0.00       0.76       0.00     19634.96      0     
11905869.00    6000       9000      15000        0          0          0         422        0.00       0.76       0.00     19634.96      0     
11937118.00    6000       9000      15000        0          0          0         355        0.00       0.76       0.00     19634.96      0     
11968367.00    6000       9000      15000        0          0          0         417        0.00       0.76       0.00     19634.96      0     
11999616.00    6000       9000      15000        0          0          0         396        0.00       0.76       0.00     19634.96      0     
12030865.00    6000       9000      15000        0          0          0         350        0.00       0.76       0.00     19634.96      0     
12062114.00    6000       9000      15000        0          0          0         406        0.00       0.76       0.00     19634.96      0     
12093363.00    6000       9000      15000        0          0          0         414        0.00       0.76       0.00     19634.96      0     
12124612.00    6000       9000      15000        0          0          0         373        0.00       0.76       0.00     19634.96      0     
12155861.00    6000       9000      15000        0          0          0         471        0.00       0.76       0.00     19634.96      0     
12187110.00    6000       9000      15000        0          0          0         329        0.00       0.76       0.00     19634.96      0     
12218359.00    6000       9000      15000        0          0          0         365        0.00       0.76       0.00     19634.96      0     
12249608.00    6000       9000      15000        0          0          0         294        0.00       0.76       0.00     19634.96      0     
12280857.00    6000       9000      15000        0          0          0         321        0.00       0.76       0.00     19634.96      0     
12312106.00    6000       9000      15000        0          0          0         307        0.00       0.76       0.00     19634.96      0     
12343355.00    6000       9000      15000        0          0          0         341        0.00       0.76       0.00     19634.96      0     
12374604.00    6000       9000      15000        0          0          0         385        0.00       0.76       0.00     19634.96      0     
12405853.00    6000       9000      15000        0          0          0         262        0.00       0.76       0.00     19634.96      0     
12437102.00    6000       9000      15000        0          0          0         281        0.00       0.76       0.00     19634.96      0     
12468351.00    6000       9000      15000        0          0          0         374        0.00       0.76       0.00     19634.96      0     
12499600.00    6000       9000      15000        0          0          0         305        0.00       0.76       0.00     19634.96      0     
