 Timestep    Gas_A      Gas_B     Gas_tot    Dense_A    Dense_B   Dense_tot   Lg_clust  DP_density GP_density Clust_area  Gas_area     MCS    
   0.00       3000      12000      15000        0          0          0          6         0.00       0.76       0.00     19634.96      0     
114583.00     3000      12000      15000        0          0          0         714        0.00       0.76       0.00     19634.96      0     
229166.00     2661      10278      12939       339        1722       2061       2061       0.98       0.74     2106.59    17528.37     2061   
343749.00     2464       9153      11617       536        2847       3383       2209       0.98       0.72     3452.06    16182.89     1691   
458332.00     2330       8693      11023       670        3307       3977       2843       1.01       0.70     3923.68    15711.27     1988   
572915.00     1726       5126       6852       1274       6874       8148       6633       1.02       0.59     7964.62    11670.33     4074   
687498.00     2013       6590       8603       987        5410       6397       4087       1.05       0.64     6094.64    13540.31     2132   
802081.00     1855       5457       7312       1145       6543       7688       5335       1.06       0.59     7246.96    12387.99     2562   
916664.00     1870       5243       7113       1130       6757       7887       5588       1.08       0.58     7327.59    12307.37     2629   
1031247.00    1811       4836       6647       1189       7164       8353       5926       1.08       0.56     7737.76    11897.20     2784   
1145830.00    1566       3160       4726       1434       8840      10274       9077       1.08       0.47     9493.80    10141.16     5137   
1260413.00    1590       3244       4834       1410       8756      10166      10166       1.09       0.47     9328.27    10306.68    10166   
1374996.00    1545       2982       4527       1455       9018      10473      10473       1.09       0.45     9590.05    10044.90    10473   
1489579.00    1585       3412       4997       1415       8588      10003      10003       1.10       0.47     9070.54    10564.42    10003   
1604162.00    1508       2856       4364       1492       9144      10636      10636       1.10       0.44     9712.29    9922.66     10636   
1718745.00    1525       2827       4352       1475       9173      10648      10648       1.09       0.44     9781.31    9853.64     10648   
1833328.00    1570       3355       4925       1430       8645      10075      10075       1.10       0.47     9134.18    10500.77    10075   
1947911.00    1555       3314       4869       1445       8686      10131      10131       1.11       0.46     9133.05    10501.91    10131   
2062494.00    1562       3202       4764       1438       8798      10236      10236       1.11       0.46     9182.38    10452.58    10236   
2177077.00    1517       2968       4485       1483       9032      10515      10515       1.13       0.43     9308.84    10326.11    10515   
2291660.00    1441       2580       4021       1559       9420      10979      10979       1.13       0.41     9736.36    9898.60     10979   
2406243.00    1438       2465       3903       1562       9535      11097      11097       1.12       0.40     9869.51    9765.45     11097   
2520826.00    1444       2519       3963       1556       9481      11037      11037       1.12       0.41     9881.90    9753.05     11037   
2635409.00    1492       2577       4069       1508       9423      10931      10931       1.11       0.42     9852.76    9782.20     10931   
2749992.00    1498       2953       4451       1502       9047      10549      10549       1.11       0.44     9496.62    10138.33    10549   
2864575.00    1516       2820       4336       1484       9180      10664      10664       1.12       0.43     9560.11    10074.85    10664   
2979158.00    1460       2710       4170       1540       9290      10830      10830       1.11       0.42     9737.88    9897.07     10830   
3093741.00    1416       2512       3928       1584       9488      11072      11072       1.13       0.40     9832.34    9802.62     11072   
3208324.00    1444       2526       3970       1556       9474      11030      11030       1.12       0.40     9805.92    9829.03     11030   
3322907.00    1419       2411       3830       1581       9589      11170      11170       1.12       0.40     9968.47    9666.49     11170   
3437490.00    1493       2595       4088       1507       9405      10912      10912       1.12       0.41     9701.55    9933.41     10912   
3552073.00    1489       2557       4046       1511       9443      10954      10954       1.12       0.41     9816.72    9818.24     10954   
3666656.00    1514       2841       4355       1486       9159      10645      10645       1.12       0.43     9468.31    10166.64    10645   
3781239.00    1492       2781       4273       1508       9219      10727      10727       1.12       0.42     9552.24    10082.72    10727   
3895822.00    1506       2783       4289       1494       9217      10711      10711       1.12       0.42     9541.89    10093.07    10711   
4010405.00    1504       2717       4221       1496       9283      10779      10779       1.13       0.42     9512.53    10122.42    10779   
4124988.00    1445       2615       4060       1555       9385      10940      10940       1.13       0.41     9681.92    9953.04     10940   
4239571.00    1463       2536       3999       1537       9464      11001      11001       1.14       0.40     9671.05    9963.90     11001   
4354154.00    1428       2506       3934       1572       9494      11066      11066       1.14       0.40     9726.60    9908.35     11066   
4468737.00    1433       2555       3988       1567       9445      11012      11012       1.14       0.40     9671.27    9963.69     11012   
4583320.00    1411       2462       3873       1589       9538      11127      11127       1.13       0.39     9805.66    9829.30     11127   
4697903.00    1414       2605       4019       1586       9395      10981      10981       1.13       0.40     9676.97    9957.99     10981   
4812486.00    1434       2502       3936       1566       9498      11064      11064       1.13       0.40     9751.15    9883.80     11064   
4927069.00    1394       2510       3904       1606       9490      11096      11096       1.14       0.39     9751.34    9883.61     11096   
5041652.00    1423       2438       3861       1577       9562      11139      11139       1.14       0.39     9772.67    9862.29     11139   
5156235.00    1469       2642       4111       1531       9358      10889      10889       1.14       0.41     9589.00    10045.95    10889   
5270818.00    1471       2612       4083       1529       9388      10917      10917       1.13       0.41     9657.28    9977.67     10917   
5385401.00    1468       2615       4083       1532       9385      10917      10917       1.13       0.41     9663.04    9971.91     10917   
5499984.00    1519       2739       4258       1481       9261      10742      10742       1.13       0.42     9524.23    10110.73    10742   
5614567.00    1479       2824       4303       1521       9176      10697      10697       1.13       0.42     9501.15    10133.80    10697   
5729150.00    1468       2705       4173       1532       9295      10827      10827       1.12       0.42     9626.07    10008.89    10827   
5843733.00    1468       2728       4196       1532       9272      10804      10804       1.12       0.42     9634.26    10000.69    10804   
5958316.00    1499       2676       4175       1501       9324      10825      10825       1.12       0.42     9670.22    9964.74     10825   
6072899.00    1542       2684       4226       1458       9316      10774      10774       1.13       0.42     9533.53    10101.43    10774   
6187482.00    1511       2600       4111       1489       9400      10889      10889       1.13       0.41     9668.48    9966.48     10889   
6302065.00    1567       2668       4235       1433       9332      10765      10765       1.12       0.42     9601.92    10033.03    10765   
6416648.00    1567       2706       4273       1433       9294      10727      10727       1.12       0.42     9567.87    10067.09    10727   
6531231.00    1579       2743       4322       1421       9257      10678      10678       1.13       0.42     9455.43    10179.52    10678   
6645814.00    1551       2747       4298       1449       9253      10702      10702       1.12       0.43     9563.72    10071.24    10702   
6760397.00    1534       2724       4258       1466       9276      10742      10742       1.13       0.42     9536.47    10098.48    10742   
6874980.00    1544       2662       4206       1456       9338      10794      10794       1.13       0.42     9539.62    10095.33    10794   
6989563.00    1550       2686       4236       1450       9314      10764      10764       1.13       0.42     9522.44    10112.52    10764   
7104146.00    1517       2666       4183       1483       9334      10817      10817       1.12       0.42     9661.00    9973.95     10817   
7218729.00    1563       2808       4371       1437       9192      10629      10629       1.12       0.43     9459.25    10175.70    10629   
7333312.00    1546       2994       4540       1454       9006      10460      10460       1.13       0.44     9267.74    10367.22    10460   
7447895.00    1586       3067       4653       1414       8933      10347      10347       1.13       0.44     9127.00    10507.96    10347   
7562478.00    1553       2964       4517       1447       9036      10483      10483       1.14       0.43     9228.87    10406.09    10483   
7677061.00    1519       2828       4347       1481       9172      10653      10653       1.14       0.42     9370.99    10263.97    10653   
7791644.00    1529       2765       4294       1471       9235      10706      10706       1.13       0.42     9512.53    10122.42    10706   
7906227.00    1464       2808       4272       1536       9192      10728      10728       1.13       0.42     9514.31    10120.65    10728   
8020810.00    1490       2858       4348       1510       9142      10652      10652       1.12       0.43     9541.94    10093.02    10652   
8135393.00    1509       2913       4422       1491       9087      10578      10578       1.12       0.43     9405.36    10229.59    10578   
8249976.00    1577       3004       4581       1423       8996      10419      10419       1.14       0.44     9156.91    10478.04    10419   
8364559.00    1588       2992       4580       1412       9008      10420      10420       1.13       0.44     9215.57    10419.38    10420   
8479142.00    1570       2992       4562       1430       9008      10438      10438       1.13       0.44     9203.29    10431.67    10438   
8593725.00    1522       2717       4239       1478       9283      10761      10761       1.14       0.42     9468.29    10166.66    10761   
8708308.00    1478       2555       4033       1522       9445      10967      10967       1.13       0.40     9671.06    9963.90     10967   
8822891.00    1493       2497       3990       1507       9503      11010      11010       1.14       0.40     9646.40    9988.56     11010   
8937474.00    1530       2632       4162       1470       9368      10838      10838       1.14       0.41     9466.62    10168.33    10838   
9052057.00    1509       2562       4071       1491       9438      10929      10929       1.14       0.41     9600.88    10034.07    10929   
9166640.00    1526       2506       4032       1474       9494      10968      10968       1.13       0.41     9679.83    9955.13     10968   
9281223.00    1586       2536       4122       1414       9464      10878      10878       1.12       0.41     9683.03    9951.93     10878   
9395806.00    1645       3068       4713       1355       8932      10287      10287       1.11       0.45     9229.65    10405.30    10287   
9510389.00    1650       3160       4810       1350       8840      10190      10190       1.11       0.46     9163.38    10471.58    10190   
9624972.00    1625       3086       4711       1375       8914      10289      10289       1.11       0.45     9235.95    10399.01    10289   
9739555.00    1649       3126       4775       1351       8874      10225      10225       1.12       0.45     9107.17    10527.79    10225   
9854138.00    1662       3196       4858       1338       8804      10142      10142       1.12       0.46     9063.59    10571.36    10142   
9968721.00    1677       3218       4895       1323       8782      10105      10105       1.13       0.46     8938.98    10695.98    10105   
10083304.00    1647       3146       4793       1353       8854      10207      10207       1.13       0.45     9022.50    10612.45    10207   
10197887.00    1689       3267       4956       1311       8733      10044      10044       1.14       0.46     8824.71    10810.25    10044   
10312470.00    1708       3241       4949       1292       8759      10051      10051       1.14       0.46     8789.40    10845.55    10051   
10427053.00    1690       3150       4840       1310       8850      10160      10160       1.15       0.45     8841.44    10793.51    10160   
10541636.00    1611       2796       4407       1389       9204      10593      10593       1.14       0.42     9253.50    10381.45    10593   
10656219.00    1563       2797       4360       1437       9203      10640      10640       1.15       0.42     9276.49    10358.46    10640   
10770802.00    1533       2695       4228       1467       9305      10772      10772       1.15       0.41     9405.13    10229.82    10772   
10885385.00    1581       2908       4489       1419       9092      10511      10511       1.15       0.43     9122.50    10512.46    10511   
10999968.00    1594       2906       4500       1406       9094      10500      10500       1.14       0.43     9200.13    10434.82    10500   
11114551.00    1570       2945       4515       1430       9055      10485      10485       1.14       0.43     9226.35    10408.61    10485   
11229134.00    1527       2716       4243       1473       9284      10757      10757       1.13       0.42     9494.73    10140.22    10757   
11343717.00    1567       2906       4473       1433       9094      10527      10527       1.14       0.43     9200.40    10434.55    10527   
11458300.00    1559       2793       4352       1441       9207      10648      10648       1.14       0.42     9320.94    10314.02    10648   
11572883.00    1534       2683       4217       1466       9317      10783      10783       1.14       0.41     9446.00    10188.95    10783   
11687466.00    1548       2674       4222       1452       9326      10778      10778       1.15       0.41     9399.00    10235.95    10778   
11802049.00    1500       2484       3984       1500       9516      11016      11016       1.14       0.40     9691.46    9943.49     11016   
11916632.00    1481       2552       4033       1519       9448      10967      10967       1.14       0.40     9621.42    10013.53    10967   
12031215.00    1460       2462       3922       1540       9538      11078      11078       1.14       0.40     9722.41    9912.55     11078   
12145798.00    1519       2720       4239       1481       9280      10761      10761       1.14       0.42     9427.01    10207.95    10761   
12260381.00    1488       2598       4086       1512       9402      10914      10914       1.14       0.41     9588.60    10046.35    10914   
12374964.00    1504       2519       4023       1496       9481      10977      10977       1.14       0.40     9587.28    10047.67    10977   
12489547.00    1467       2441       3908       1533       9559      11092      11092       1.14       0.39     9717.56    9917.40     11092   
12604130.00    1454       2314       3768       1546       9686      11232      11232       1.14       0.39     9866.78    9768.18     11232   
12718713.00    1456       2326       3782       1544       9674      11218      11218       1.14       0.39     9867.39    9767.57     11218   
12833296.00    1455       2350       3805       1545       9650      11195      11195       1.14       0.39     9860.30    9774.65     11195   
12947879.00    1465       2393       3858       1535       9607      11142      11142       1.13       0.39     9857.09    9777.86     11142   
13062462.00    1429       2284       3713       1571       9716      11287      11287       1.14       0.38     9917.76    9717.20     11287   
13177045.00    1439       2268       3707       1561       9732      11293      11293       1.13       0.38     9954.19    9680.77     11293   
13291628.00    1444       2292       3736       1556       9708      11264      11264       1.12       0.39     10013.17   9621.78     11264   
13406211.00    1489       2500       3989       1511       9500      11011      11011       1.13       0.40     9750.20    9884.76     11011   
13520794.00    1484       2549       4033       1516       9451      10967      10967       1.13       0.41     9707.28    9927.68     10967   
13635377.00    1465       2455       3920       1535       9545      11080      11080       1.14       0.40     9733.82    9901.14     11080   
13749960.00    1432       2431       3863       1568       9569      11137      11137       1.13       0.39     9819.00    9815.96     11137   
13864543.00    1475       2367       3842       1525       9633      11158      11158       1.13       0.39     9856.75    9778.21     11158   
13979126.00    1542       2654       4196       1458       9346      10804      10804       1.13       0.42     9563.19    10071.76    10804   
14093709.00    1451       2520       3971       1549       9480      11029      11029       1.13       0.40     9768.21    9866.74     11029   
14208292.00    1507       2560       4067       1493       9440      10933      10933       1.13       0.41     9693.37    9941.59     10933   
14322875.00    1565       2717       4282       1435       9283      10718      10718       1.12       0.42     9537.67    10097.28    10718   
14437458.00    1523       2800       4323       1477       9200      10677      10677       1.12       0.43     9498.56    10136.39    10677   
14552041.00    1487       2835       4322       1513       9165      10678      10678       1.13       0.42     9439.37    10195.58    10678   
14666624.00    1545       3010       4555       1455       8990      10445      10445       1.13       0.44     9219.69    10415.27    10445   
14781207.00    1510       3033       4543       1490       8967      10457      10457       1.14       0.43     9154.76    10480.19    10457   
14895790.00    1506       2974       4480       1494       9026      10520      10520       1.15       0.43     9185.97    10448.98    10520   
15010373.00    1536       2939       4475       1464       9061      10525      10525       1.15       0.43     9127.52    10507.43    10525   
15124956.00    1510       2858       4368       1490       9142      10632      10632       1.16       0.42     9177.60    10457.35    10632   
15239539.00    1515       2734       4249       1485       9266      10751      10751       1.16       0.41     9278.25    10356.70    10751   
15354122.00    1516       2712       4228       1484       9288      10772      10772       1.15       0.41     9384.35    10250.61    10772   
15468705.00    1511       2750       4261       1489       9250      10739      10739       1.16       0.41     9268.98    10365.98    10739   
15583288.00    1487       2670       4157       1513       9330      10843      10843       1.16       0.41     9380.35    10254.61    10843   
15697871.00    1508       2520       4028       1492       9480      10972      10972       1.15       0.40     9555.41    10079.55    10972   
15812454.00    1484       2537       4021       1516       9463      10979      10979       1.14       0.40     9599.73    10035.22    10979   
15927037.00    1497       2478       3975       1503       9522      11025      11025       1.15       0.40     9627.71    10007.24    11025   
16041620.00    1499       2585       4084       1501       9415      10916      10916       1.15       0.40     9502.56    10132.40    10916   
16156203.00    1500       2561       4061       1500       9439      10939      10939       1.15       0.40     9511.79    10123.17    10939   
16270786.00    1541       2652       4193       1459       9348      10807      10807       1.15       0.41     9430.64    10204.32    10807   
16385369.00    1504       2528       4032       1496       9472      10968      10968       1.15       0.40     9573.64    10061.31    10968   
16499952.00    1552       2711       4263       1448       9289      10737      10737       1.15       0.41     9349.05    10285.90    10737   
16614535.00    1531       2602       4133       1469       9398      10867      10867       1.15       0.41     9461.32    10173.63    10867   
16729118.00    1556       2691       4247       1444       9309      10753      10753       1.14       0.42     9428.75    10206.21    10753   
16843701.00    1579       2830       4409       1421       9170      10591      10591       1.15       0.42     9221.20    10413.75    10591   
16958284.00    1559       2699       4258       1441       9301      10742      10742       1.15       0.41     9300.71    10334.24    10742   
17072867.00    1570       2654       4224       1430       9346      10776      10776       1.16       0.41     9325.49    10309.46    10776   
17187450.00    1564       2513       4077       1436       9487      10923      10923       1.16       0.40     9396.62    10238.33    10923   
17302033.00    1599       2581       4180       1401       9419      10820      10820       1.16       0.41     9350.38    10284.57    10820   
17416616.00    1583       2637       4220       1417       9363      10780      10780       1.16       0.41     9323.88    10311.07    10780   
17531199.00    1586       2668       4254       1414       9332      10746      10746       1.16       0.41     9277.93    10357.02    10746   
17645782.00    1587       2733       4320       1413       9267      10680      10680       1.16       0.42     9237.14    10397.82    10680   
17760365.00    1568       2640       4208       1432       9360      10792      10792       1.16       0.41     9313.77    10321.18    10792   
17874948.00    1556       2538       4094       1444       9462      10906      10906       1.16       0.40     9438.13    10196.82    10906   
17989531.00    1543       2462       4005       1457       9538      10995      10995       1.15       0.40     9547.14    10087.82    10995   
18104114.00    1520       2442       3962       1480       9558      11038      11038       1.15       0.40     9616.52    10018.44    11038   
18218697.00    1542       2425       3967       1458       9575      11033      11033       1.16       0.39     9539.08    10095.87    11033   
18333280.00    1550       2298       3848       1450       9702      11152      11152       1.15       0.39     9689.75    9945.21     11152   
18447863.00    1589       2376       3965       1411       9624      11035      11035       1.16       0.39     9529.37    10105.59    11035   
18562446.00    1619       2433       4052       1381       9567      10948      10948       1.15       0.40     9498.30    10136.65    10948   
18677029.00    1615       2381       3996       1385       9619      11004      11004       1.14       0.40     9658.73    9976.23     11004   
18791612.00    1605       2467       4072       1395       9533      10928      10928       1.14       0.41     9621.74    10013.22    10928   
18906195.00    1639       2709       4348       1361       9291      10652      10652       1.15       0.42     9262.70    10372.26    10652   
19020778.00    1652       2697       4349       1348       9303      10651      10651       1.15       0.42     9259.12    10375.84    10651   
19135361.00    1626       2598       4224       1374       9402      10776      10776       1.15       0.41     9344.28    10290.67    10776   
19249944.00    1690       2774       4464       1310       9226      10536      10536       1.15       0.43     9137.40    10497.56    10536   
19364527.00    1703       2829       4532       1297       9171      10468      10468       1.16       0.43     9044.31    10590.65    10468   
19479110.00    1712       2823       4535       1288       9177      10465      10465       1.16       0.43     9059.04    10575.91    10465   
19593693.00    1724       2762       4486       1276       9238      10514      10514       1.16       0.43     9095.92    10539.03    10514   
19708276.00    1697       2753       4450       1303       9247      10550      10550       1.16       0.42     9117.89    10517.06    10550   
19822859.00    1702       2803       4505       1298       9197      10495      10495       1.15       0.43     9087.78    10547.17    10495   
19937442.00    1729       2753       4482       1271       9247      10518      10518       1.15       0.43     9116.56    10518.40    10518   
20052025.00    1735       2787       4522       1265       9213      10478      10478       1.15       0.43     9113.71    10521.25    10478   
20166608.00    1747       2740       4487       1253       9260      10513      10513       1.15       0.43     9122.23    10512.72    10513   
20281191.00    1789       2869       4658       1211       9131      10342      10342       1.16       0.44     8950.73    10684.22    10342   
20395774.00    1759       2823       4582       1241       9177      10418      10418       1.15       0.43     9063.11    10571.85    10418   
20510357.00    1848       3150       4998       1152       8850      10002      10002       1.15       0.46     8702.58    10932.37    10002   
20624940.00    1832       3167       4999       1168       8833      10001      10001       1.15       0.46     8685.88    10949.07    10001   
20739523.00    1862       3299       5161       1138       8701       9839       9839       1.16       0.46     8510.62    11124.33     9839   
20854106.00    1876       3390       5266       1124       8610       9734       9734       1.15       0.47     8443.03    11191.92     9734   
20968689.00    1873       3370       5243       1127       8630       9757       9757       1.15       0.47     8498.00    11136.95     9757   
21083272.00    1867       3323       5190       1133       8677       9810       9810       1.15       0.47     8518.61    11116.35     9810   
21197855.00    1836       3186       5022       1164       8814       9978       9978       1.15       0.46     8661.80    10973.15     9978   
21312438.00    1869       3164       5033       1131       8836       9967       9967       1.15       0.46     8668.02    10966.93     9967   
21427021.00    1847       3138       4985       1153       8862      10015      10015       1.15       0.46     8722.70    10912.26    10015   
21541604.00    1841       3003       4844       1159       8997      10156      10156       1.15       0.45     8839.66    10795.30    10156   
21656187.00    1810       2959       4769       1190       9041      10231      10231       1.15       0.44     8872.07    10762.89    10231   
21770770.00    1782       2848       4630       1218       9152      10370      10370       1.15       0.44     9000.98    10633.97    10370   
21885353.00    1792       2843       4635       1208       9157      10365      10365       1.16       0.43     8966.94    10668.02    10365   
21999936.00    1812       2854       4666       1188       9146      10334      10334       1.16       0.43     8885.26    10749.70    10334   
22114519.00    1798       2750       4548       1202       9250      10452      10452       1.16       0.43     9049.25    10585.71    10452   
22229102.00    1823       2842       4665       1177       9158      10335      10335       1.16       0.44     8930.40    10704.56    10335   
22343685.00    1810       2843       4653       1190       9157      10347      10347       1.15       0.44     8966.05    10668.90    10347   
22458268.00    1793       2756       4549       1207       9244      10451      10451       1.15       0.43     9106.08    10528.88    10451   
22572851.00    1796       2780       4576       1204       9220      10424      10424       1.14       0.44     9183.64    10451.31    10424   
22687434.00    1789       2824       4613       1211       9176      10387      10387       1.14       0.44     9116.50    10518.45    10387   
22802017.00    1813       2852       4665       1187       9148      10335      10335       1.14       0.44     9046.39    10588.56    10335   
22916600.00    1801       2792       4593       1199       9208      10407      10407       1.14       0.44     9122.32    10512.64    10407   
23031183.00    1837       3114       4951       1163       8886      10049      10049       1.14       0.46     8828.52    10806.43    10049   
23145766.00    1814       2799       4613       1186       9201      10387      10387       1.14       0.44     9128.29    10506.67    10387   
23260349.00    1862       3130       4992       1138       8870      10008      10008       1.14       0.46     8741.92    10893.03    10008   
23374932.00    1780       2665       4445       1220       9335      10555      10555       1.14       0.43     9253.96    10381.00    10555   
23489515.00    1783       2719       4502       1217       9281      10498      10498       1.15       0.43     9168.20    10466.75    10498   
23604098.00    1820       2838       4658       1180       9162      10342      10342       1.15       0.44     9024.62    10610.33    10342   
23718681.00    1854       2921       4775       1146       9079      10225      10225       1.14       0.45     8930.73    10704.23    10225   
23833264.00    1854       2923       4777       1146       9077      10223      10223       1.14       0.45     8960.67    10674.28    10223   
23947847.00    1849       2880       4729       1151       9120      10271      10271       1.15       0.44     8966.23    10668.72    10271   
24062430.00    1833       2738       4571       1167       9262      10429      10429       1.14       0.44     9141.96    10493.00    10429   
24177013.00    1843       2668       4511       1157       9332      10489      10489       1.14       0.43     9189.03    10445.93    10489   
24291596.00    1846       2737       4583       1154       9263      10417      10417       1.14       0.44     9114.74    10520.22    10417   
24406179.00    1847       2819       4666       1153       9181      10334      10334       1.14       0.44     9052.37    10582.58    10334   
24520762.00    1890       2892       4782       1110       9108      10218      10218       1.15       0.44     8883.90    10751.05    10218   
24635345.00    1877       2901       4778       1123       9099      10222      10222       1.14       0.45     8933.67    10701.28    10222   
24749928.00    1935       3100       5035       1065       8900       9965       9965       1.15       0.46     8694.10    10940.86     9965   
24864511.00    1995       3315       5310       1005       8685       9690       9690       1.15       0.47     8413.24    11221.72     9690   
24979094.00    2001       3357       5358       999        8643       9642       9642       1.15       0.48     8394.99    11239.96     9642   
25093677.00    1923       3310       5233       1077       8690       9767       9767       1.15       0.47     8507.90    11127.06     9767   
25208260.00    1946       3205       5151       1054       8795       9849       9849       1.15       0.47     8586.48    11048.48     9849   
25322843.00    1937       3238       5175       1063       8762       9825       9825       1.14       0.47     8586.45    11048.50     9825   
25437426.00    1916       3148       5064       1084       8852       9936       9936       1.14       0.46     8695.71    10939.25     9936   
25552009.00    1923       3254       5177       1077       8746       9823       9823       1.14       0.47     8600.46    11034.49     9823   
25666592.00    1912       3159       5071       1088       8841       9929       9929       1.15       0.46     8648.90    10986.05     9929   
25781175.00    1908       3052       4960       1092       8948      10040      10040       1.15       0.45     8720.22    10914.73    10040   
25895758.00    1888       3038       4926       1112       8962      10074      10074       1.15       0.45     8740.40    10894.56    10074   
26010341.00    1900       2941       4841       1100       9059      10159      10159       1.15       0.45     8850.83    10784.13    10159   
26124924.00    1907       2879       4786       1093       9121      10214      10214       1.14       0.45     8922.35    10712.61    10214   
26239507.00    1927       2889       4816       1073       9111      10184      10184       1.15       0.45     8849.97    10784.99    10184   
26354090.00    1956       2952       4908       1044       9048      10092      10092       1.16       0.45     8729.86    10905.10    10092   
26468673.00    1934       2884       4818       1066       9116      10182      10182       1.16       0.44     8776.84    10858.11    10182   
26583256.00    1901       2773       4674       1099       9227      10326      10326       1.16       0.43     8881.08    10753.87    10326   
26697839.00    1885       2677       4562       1115       9323      10438      10438       1.16       0.43     8984.80    10650.15    10438   
26812422.00    1835       2525       4360       1165       9475      10640      10640       1.16       0.42     9189.18    10445.77    10640   
26927005.00    1838       2455       4293       1162       9545      10707      10707       1.15       0.41     9281.44    10353.52    10707   
27041588.00    1813       2422       4235       1187       9578      10765      10765       1.15       0.41     9334.05    10300.90    10765   
27156171.00    1823       2475       4298       1177       9525      10702      10702       1.15       0.42     9295.53    10339.43    10702   
27270754.00    1806       2492       4298       1194       9508      10702      10702       1.15       0.42     9345.41    10289.55    10702   
27385337.00    1830       2502       4332       1170       9498      10668      10668       1.14       0.42     9331.44    10303.52    10668   
27499920.00    1857       2653       4510       1143       9347      10490      10490       1.14       0.43     9202.34    10432.62    10490   
27614503.00    1858       2730       4588       1142       9270      10412      10412       1.14       0.44     9160.19    10474.77    10412   
27729086.00    1798       2689       4487       1202       9311      10513      10513       1.14       0.43     9218.10    10416.86    10513   
27843669.00    1762       2662       4424       1238       9338      10576      10576       1.14       0.43     9268.03    10366.93    10576   
27958252.00    1738       2699       4437       1262       9301      10563      10563       1.14       0.43     9288.58    10346.38    10563   
28072835.00    1740       2771       4511       1260       9229      10489      10489       1.15       0.43     9160.44    10474.51    10489   
28187418.00    1696       2806       4502       1304       9194      10498      10498       1.14       0.43     9175.16    10459.79    10498   
28302001.00    1687       2764       4451       1313       9236      10549      10549       1.14       0.43     9260.98    10373.98    10549   
28416584.00    1708       2758       4466       1292       9242      10534      10534       1.14       0.43     9237.49    10397.47    10534   
28531167.00    1697       2727       4424       1303       9273      10576      10576       1.13       0.43     9348.84    10286.11    10576   
28645750.00    1645       2696       4341       1355       9304      10659      10659       1.14       0.42     9366.42    10268.54    10659   
28760333.00    1651       2696       4347       1349       9304      10653      10653       1.15       0.42     9284.75    10350.20    10653   
28874916.00    1654       2620       4274       1346       9380      10726      10726       1.14       0.42     9379.68    10255.27    10726   
28989499.00    1675       2650       4325       1325       9350      10675      10675       1.14       0.42     9327.57    10307.39    10675   
29104082.00    1744       2820       4564       1256       9180      10436      10436       1.15       0.43     9094.18    10540.77    10436   
29218665.00    1752       3245       4997       1248       8755      10003      10003       1.15       0.46     8721.35    10913.61    10003   
29333248.00    1737       3191       4928       1263       8809      10072      10072       1.16       0.45     8699.50    10935.46    10072   
29447831.00    1732       3118       4850       1268       8882      10150      10150       1.16       0.45     8756.93    10878.02    10150   
29562414.00    1740       3132       4872       1260       8868      10128      10128       1.16       0.45     8766.70    10868.25    10128   
29676997.00    1724       3049       4773       1276       8951      10227      10227       1.15       0.44     8865.19    10769.76    10227   
29791580.00    1769       3084       4853       1231       8916      10147      10147       1.16       0.45     8763.23    10871.73    10147   
29906163.00    1770       2857       4627       1230       9143      10373      10373       1.15       0.43     8994.15    10640.81    10373   
30020746.00    1755       2855       4610       1245       9145      10390      10390       1.15       0.44     9050.04    10584.92    10390   
30135329.00    1753       2989       4742       1247       9011      10258      10258       1.15       0.44     8940.30    10694.66    10258   
30249912.00    1696       2857       4553       1304       9143      10447      10447       1.15       0.43     9056.94    10578.01    10447   
30364495.00    1677       2738       4415       1323       9262      10585      10585       1.15       0.42     9170.32    10464.64    10585   
30479078.00    1720       2771       4491       1280       9229      10509      10509       1.16       0.43     9075.44    10559.51    10509   
30593661.00    1699       2716       4415       1301       9284      10585      10585       1.16       0.42     9156.44    10478.52    10585   
30708244.00    1704       2684       4388       1296       9316      10612      10612       1.15       0.42     9217.67    10417.28    10612   
30822827.00    1737       2748       4485       1263       9252      10515      10515       1.15       0.43     9153.39    10481.57    10515   
30937410.00    1756       2741       4497       1244       9259      10503      10503       1.14       0.43     9177.61    10457.35    10503   
31051993.00    1664       2670       4334       1336       9330      10666      10666       1.14       0.42     9346.36    10288.59    10666   
31166576.00    1649       2558       4207       1351       9442      10793      10793       1.14       0.41     9431.62    10203.33    10793   
31281159.00    1645       2512       4157       1355       9488      10843      10843       1.15       0.41     9445.82    10189.13    10843   
31395742.00    1613       2405       4018       1387       9595      10982      10982       1.15       0.40     9545.98    10088.97    10982   
31510325.00    1590       2386       3976       1410       9614      11024      11024       1.15       0.40     9613.60    10021.36    11024   
31624908.00    1579       2466       4045       1421       9534      10955      10955       1.14       0.40     9618.97    10015.99    10955   
31739491.00    1655       2555       4210       1345       9445      10790      10790       1.14       0.41     9438.88    10196.07    10790   
31854074.00    1623       2452       4075       1377       9548      10925      10925       1.14       0.41     9606.09    10028.87    10925   
31968657.00    1602       2465       4067       1398       9535      10933      10933       1.13       0.41     9646.09    9988.87     10933   
32083240.00    1631       2575       4206       1369       9425      10794      10794       1.14       0.42     9508.54    10126.41    10794   
32197823.00    1636       2582       4218       1364       9418      10782      10782       1.14       0.42     9490.26    10144.69    10782   
32312406.00    1648       2621       4269       1352       9379      10731      10731       1.13       0.42     9514.66    10120.30    10731   
32426989.00    1595       2580       4175       1405       9420      10825      10825       1.14       0.41     9517.01    10117.95    10825   
32541572.00    1567       2642       4209       1433       9358      10791      10791       1.14       0.41     9425.63    10209.33    10791   
32656155.00    1559       2597       4156       1441       9403      10844      10844       1.14       0.41     9470.82    10164.14    10844   
32770738.00    1538       2564       4102       1462       9436      10898      10898       1.15       0.40     9492.35    10142.60    10898   
32885321.00    1547       2593       4140       1453       9407      10860      10860       1.14       0.41     9531.30    10103.65    10860   
32999904.00    1603       2696       4299       1397       9304      10701      10701       1.14       0.42     9404.65    10230.30    10701   
33114487.00    1606       2754       4360       1394       9246      10640      10640       1.14       0.42     9303.79    10331.17    10640   
33229070.00    1649       2867       4516       1351       9133      10484      10484       1.15       0.43     9117.10    10517.86    10484   
33343653.00    1557       2741       4298       1443       9259      10702      10702       1.14       0.42     9371.62    10263.34    10702   
33458236.00    1556       2757       4313       1444       9243      10687      10687       1.14       0.42     9343.44    10291.52    10687   
33572819.00    1546       2587       4133       1454       9413      10867      10867       1.14       0.41     9514.62    10120.33    10867   
33687402.00    1568       2590       4158       1432       9410      10842      10842       1.14       0.41     9500.41    10134.54    10842   
33801985.00    1514       2475       3989       1486       9525      11011      11011       1.13       0.40     9718.12    9916.83     11011   
33916568.00    1530       2500       4030       1470       9500      10970      10970       1.14       0.40     9662.15    9972.81     10970   
34031151.00    1501       2430       3931       1499       9570      11069      11069       1.13       0.40     9763.45    9871.50     11069   
34145734.00    1565       2647       4212       1435       9353      10788      10788       1.14       0.41     9430.00    10204.95    10788   
34260317.00    1578       2602       4180       1422       9398      10820      10820       1.14       0.41     9470.62    10164.33    10820   
34374900.00    1558       2560       4118       1442       9440      10882      10882       1.14       0.41     9524.42    10110.53    10882   
34489483.00    1576       2520       4096       1424       9480      10904      10904       1.14       0.41     9526.99    10107.97    10904   
34604066.00    1556       2336       3892       1444       9664      11108      11108       1.14       0.39     9753.78    9881.17     11108   
34718649.00    1535       2293       3828       1465       9707      11172      11172       1.15       0.39     9757.16    9877.80     11172   
34833232.00    1532       2344       3876       1468       9656      11124      11124       1.14       0.39     9741.52    9893.44     11124   
34947815.00    1543       2512       4055       1457       9488      10945      10945       1.14       0.41     9626.38    10008.57    10945   
35062398.00    1525       2590       4115       1475       9410      10885      10885       1.14       0.41     9567.94    10067.02    10885   
35176981.00    1621       2821       4442       1379       9179      10558      10558       1.14       0.43     9267.96    10366.99    10558   
35291564.00    1625       2895       4520       1375       9105      10480      10480       1.14       0.43     9222.22    10412.73    10480   
35406147.00    1620       2900       4520       1380       9100      10480      10480       1.14       0.43     9214.58    10420.38    10480   
35520730.00    1647       2871       4518       1353       9129      10482      10482       1.14       0.43     9230.02    10404.93    10482   
35635313.00    1632       2817       4449       1368       9183      10551      10551       1.13       0.43     9296.83    10338.12    10551   
35749896.00    1615       2728       4343       1385       9272      10657      10657       1.15       0.42     9297.48    10337.48    10657   
35864479.00    1593       2599       4192       1407       9401      10808      10808       1.15       0.41     9406.04    10228.91    10808   
35979062.00    1600       2582       4182       1400       9418      10818      10818       1.14       0.41     9452.01    10182.94    10818   
36093645.00    1605       2664       4269       1395       9336      10731      10731       1.14       0.42     9412.62    10222.34    10731   
36208228.00    1598       2674       4272       1402       9326      10728      10728       1.14       0.42     9438.40    10196.55    10728   
36322811.00    1567       2567       4134       1433       9433      10866      10866       1.14       0.41     9502.83    10132.13    10866   
36437394.00    1586       2594       4180       1414       9406      10820      10820       1.14       0.41     9464.01    10170.95    10820   
36551977.00    1597       2603       4200       1403       9397      10800      10800       1.15       0.41     9387.04    10247.91    10800   
36666560.00    1577       2600       4177       1423       9400      10823      10823       1.15       0.41     9392.69    10242.27    10823   
36781143.00    1574       2518       4092       1426       9482      10908      10908       1.16       0.40     9431.80    10203.15    10908   
36895726.00    1597       2543       4140       1403       9457      10860      10860       1.15       0.41     9426.36    10208.60    10860   
37010309.00    1603       2602       4205       1397       9398      10795      10795       1.15       0.41     9391.20    10243.75    10795   
37124892.00    1622       2680       4302       1378       9320      10698      10698       1.15       0.42     9292.11    10342.84    10698   
37239475.00    1610       2707       4317       1390       9293      10683      10683       1.15       0.42     9310.98    10323.98    10683   
37354058.00    1640       2689       4329       1360       9311      10671      10671       1.15       0.42     9283.86    10351.10    10671   
37468641.00    1620       2699       4319       1380       9301      10681      10681       1.14       0.42     9338.51    10296.44    10681   
37583224.00    1578       2530       4108       1422       9470      10892      10892       1.14       0.41     9540.80    10094.15    10892   
37697807.00    1573       2607       4180       1427       9393      10820      10820       1.14       0.41     9476.81    10158.14    10820   
37812390.00    1590       2713       4303       1410       9287      10697      10697       1.14       0.42     9376.03    10258.93    10697   
37926973.00    1591       2708       4299       1409       9292      10701      10701       1.14       0.42     9374.84    10260.12    10701   
38041556.00    1588       2621       4209       1412       9379      10791      10791       1.14       0.41     9441.00    10193.95    10791   
38156139.00    1569       2617       4186       1431       9383      10814      10814       1.15       0.41     9392.04    10242.91    10814   
38270722.00    1604       2734       4338       1396       9266      10662      10662       1.15       0.42     9267.24    10367.72    10662   
38385305.00    1613       2721       4334       1387       9279      10666      10666       1.15       0.42     9304.50    10330.45    10666   
38499888.00    1593       2638       4231       1407       9362      10769      10769       1.14       0.41     9433.87    10201.08    10769   
38614471.00    1606       2650       4256       1394       9350      10744      10744       1.14       0.42     9415.21    10219.74    10744   
38729054.00    1546       2792       4338       1454       9208      10662      10662       1.15       0.42     9249.83    10385.12    10662   
38843637.00    1571       2806       4377       1429       9194      10623      10623       1.15       0.42     9199.69    10435.27    10623   
38958220.00    1507       2591       4098       1493       9409      10902      10902       1.15       0.40     9480.83    10154.12    10902   
39072803.00    1496       2535       4031       1504       9465      10969      10969       1.15       0.40     9528.07    10106.88    10969   
39187386.00    1523       2566       4089       1477       9434      10911      10911       1.15       0.40     9511.54    10123.41    10911   
39301969.00    1467       2436       3903       1533       9564      11097      11097       1.15       0.39     9648.41    9986.55     11097   
39416552.00    1466       2408       3874       1534       9592      11126      11126       1.15       0.39     9665.79    9969.16     11126   
39531135.00    1432       2321       3753       1568       9679      11247      11247       1.15       0.38     9773.33    9861.63     11247   
39645718.00    1442       2301       3743       1558       9699      11257      11257       1.15       0.38     9773.65    9861.31     11257   
39760301.00    1428       2281       3709       1572       9719      11291      11291       1.16       0.38     9754.29    9880.66     11291   
39874884.00    1348       2183       3531       1652       9817      11469      11469       1.16       0.36     9871.28    9763.68     11469   
39989467.00    1328       2094       3422       1672       9906      11578      11578       1.16       0.35     9967.73    9667.22     11578   
40104050.00    1294       1982       3276       1706      10018      11724      11724       1.15       0.35     10164.06   9470.90     11724   
40218633.00    1271       2007       3278       1729       9993      11722      11722       1.15       0.35     10221.17   9413.78     11722   
40333216.00    1258       2038       3296       1742       9962      11704      11704       1.14       0.35     10288.97   9345.99     11704   
40447799.00    1219       1955       3174       1781      10045      11826      11826       1.13       0.35     10482.63   9152.32     11826   
40562382.00    1276       2338       3614       1724       9662      11386      11386       1.13       0.38     10087.00   9547.95     11386   
40676965.00    1258       2384       3642       1742       9616      11358      11358       1.14       0.38     9950.62    9684.34     11358   
40791548.00    1276       2404       3680       1724       9596      11320      11320       1.14       0.38     9902.11    9732.85     11320   
40906131.00    1351       2380       3731       1649       9620      11269      11269       1.14       0.38     9914.27    9720.68     11269   
41020714.00    1362       2412       3774       1638       9588      11226      11226       1.13       0.39     9956.13    9678.83     11226   
41135297.00    1384       2590       3974       1616       9410      11026      11026       1.13       0.40     9750.03    9884.93     11026   
41249880.00    1350       2555       3905       1650       9445      11095      11095       1.13       0.40     9805.91    9829.05     11095   
41364463.00    1334       2599       3933       1666       9401      11067      11067       1.13       0.40     9797.90    9837.05     11067   
41479046.00    1327       2460       3787       1673       9540      11213      11213       1.13       0.39     9895.40    9739.55     11213   
41593629.00    1312       2516       3828       1688       9484      11172      11172       1.13       0.39     9917.30    9717.66     11172   
41708212.00    1364       2700       4064       1636       9300      10936      10936       1.13       0.41     9695.73    9939.22     10936   
41822795.00    1337       2856       4193       1663       9144      10807      10807       1.13       0.41     9526.92    10108.04    10807   
41937378.00    1302       2884       4186       1698       9116      10814      10814       1.15       0.41     9397.33    10237.63    10814   
42051961.00    1232       2702       3934       1768       9298      11066      11066       1.15       0.39     9635.40    9999.55     11066   
42166544.00    1213       2545       3758       1787       9455      11242      11242       1.14       0.38     9862.51    9772.44     11242   
42281127.00    1188       2454       3642       1812       9546      11358      11358       1.13       0.38     10007.06   9627.90     11358   
42395710.00    1175       2445       3620       1825       9555      11380      11380       1.14       0.37     9951.62    9683.34     11380   
42510293.00    1102       2273       3375       1898       9727      11625      11625       1.14       0.36     10219.69   9415.27     11625   
42624876.00    1125       2289       3414       1875       9711      11586      11586       1.14       0.36     10133.18   9501.78     11586   
42739459.00    1110       2229       3339       1890       9771      11661      11661       1.14       0.35     10186.79   9448.17     11661   
42854042.00    1106       2281       3387       1894       9719      11613      11613       1.13       0.36     10252.03   9382.92     11613   
42968625.00    1137       2549       3686       1863       9451      11314      11314       1.15       0.38     9880.62    9754.33     11314   
43083208.00    1132       2540       3672       1868       9460      11328      11328       1.15       0.38     9882.60    9752.36     11328   
43197791.00    1135       2523       3658       1865       9477      11342      11342       1.15       0.37     9859.66    9775.29     11342   
43312374.00    1140       2491       3631       1860       9509      11369      11369       1.15       0.37     9876.11    9758.85     11369   
43426957.00    1155       2286       3441       1845       9714      11559      11559       1.15       0.36     10041.28   9593.67     11559   
43541540.00    1112       2226       3338       1888       9774      11662      11662       1.14       0.36     10256.05   9378.90     11662   
43656123.00    1076       2161       3237       1924       9839      11763      11763       1.13       0.35     10394.27   9240.68     11763   
43770706.00    1130       2229       3359       1870       9771      11641      11641       1.13       0.36     10313.57   9321.39     11641   
43885289.00    1141       2373       3514       1859       9627      11486      11486       1.13       0.37     10141.71   9493.25     11486   
43999872.00    1182       2560       3742       1818       9440      11258      11258       1.13       0.39     9934.80    9700.16     11258   
44114455.00    1139       2539       3678       1861       9461      11322      11322       1.14       0.38     9968.03    9666.92     11322   
44229038.00    1132       2384       3516       1868       9616      11484      11484       1.14       0.37     10062.71   9572.25     11484   
44343621.00    1147       2359       3506       1853       9641      11494      11494       1.14       0.37     10116.15   9518.81     11494   
44458204.00    1168       2457       3625       1832       9543      11375      11375       1.14       0.38     9985.42    9649.54     11375   
44572787.00    1172       2567       3739       1828       9433      11261      11261       1.15       0.38     9834.82    9800.14     11261   
44687370.00    1162       2547       3709       1838       9453      11291      11291       1.15       0.38     9823.53    9811.42     11291   
44801953.00    1170       2492       3662       1830       9508      11338      11338       1.15       0.37     9865.14    9769.82     11338   
44916536.00    1160       2479       3639       1840       9521      11361      11361       1.15       0.37     9897.88    9737.07     11361   
45031119.00    1132       2280       3412       1868       9720      11588      11588       1.15       0.36     10032.98   9601.98     11588   
45145702.00    1114       2162       3276       1886       9838      11724      11724       1.15       0.35     10218.03   9416.92     11724   
45260285.00    1157       2218       3375       1843       9782      11625      11625       1.15       0.36     10136.96   9498.00     11625   
45374868.00    1105       2071       3176       1895       9929      11824      11824       1.14       0.34     10366.95   9268.01     11824   
45489451.00    1142       2178       3320       1858       9822      11680      11680       1.15       0.35     10183.48   9451.47     11680   
45604034.00    1164       2196       3360       1836       9804      11640      11640       1.14       0.36     10206.80   9428.15     11640   
45718617.00    1153       2233       3386       1847       9767      11614      11614       1.14       0.36     10153.03   9481.93     11614   
45833200.00    1184       2265       3449       1816       9735      11551      11551       1.14       0.36     10145.45   9489.51     11551   
