 Timestep    Gas_A      Gas_B     Gas_tot    Dense_A    Dense_B   Dense_tot   Lg_clust  DP_density GP_density Clust_area  Gas_area     MCS    
   0.00       3000      12000      15000        0          0          0          12        0.00       0.76       0.00     19634.96      0     
 31249.00     3000      12000      15000        0          0          0         130        0.00       0.76       0.00     19634.96      0     
 62498.00     3000      12000      15000        0          0          0         119        0.00       0.76       0.00     19634.96      0     
 93747.00     3000      12000      15000        0          0          0         159        0.00       0.76       0.00     19634.96      0     
124996.00     3000      12000      15000        0          0          0         169        0.00       0.76       0.00     19634.96      0     
156245.00     3000      12000      15000        0          0          0         280        0.00       0.76       0.00     19634.96      0     
187494.00     3000      12000      15000        0          0          0         248        0.00       0.76       0.00     19634.96      0     
218743.00     3000      12000      15000        0          0          0         212        0.00       0.76       0.00     19634.96      0     
249992.00     3000      12000      15000        0          0          0         230        0.00       0.76       0.00     19634.96      0     
281241.00     3000      12000      15000        0          0          0         410        0.00       0.76       0.00     19634.96      0     
312490.00     3000      12000      15000        0          0          0         364        0.00       0.76       0.00     19634.96      0     
343739.00     3000      12000      15000        0          0          0         376        0.00       0.76       0.00     19634.96      0     
374988.00     3000      12000      15000        0          0          0         509        0.00       0.76       0.00     19634.96      0     
406237.00     3000      12000      15000        0          0          0         320        0.00       0.76       0.00     19634.96      0     
437486.00     3000      12000      15000        0          0          0         391        0.00       0.76       0.00     19634.96      0     
468735.00     3000      12000      15000        0          0          0         350        0.00       0.76       0.00     19634.96      0     
499984.00     3000      12000      15000        0          0          0         342        0.00       0.76       0.00     19634.96      0     
531233.00     3000      12000      15000        0          0          0         572        0.00       0.76       0.00     19634.96      0     
562482.00     3000      12000      15000        0          0          0         413        0.00       0.76       0.00     19634.96      0     
593731.00     3000      12000      15000        0          0          0         547        0.00       0.76       0.00     19634.96      0     
624980.00     3000      12000      15000        0          0          0         580        0.00       0.76       0.00     19634.96      0     
656229.00     3000      12000      15000        0          0          0         429        0.00       0.76       0.00     19634.96      0     
687478.00     3000      12000      15000        0          0          0         514        0.00       0.76       0.00     19634.96      0     
718727.00     3000      12000      15000        0          0          0         303        0.00       0.76       0.00     19634.96      0     
749976.00     3000      12000      15000        0          0          0         487        0.00       0.76       0.00     19634.96      0     
781225.00     3000      12000      15000        0          0          0         443        0.00       0.76       0.00     19634.96      0     
812474.00     3000      12000      15000        0          0          0         705        0.00       0.76       0.00     19634.96      0     
843723.00     3000      12000      15000        0          0          0         443        0.00       0.76       0.00     19634.96      0     
874972.00     3000      12000      15000        0          0          0         463        0.00       0.76       0.00     19634.96      0     
906221.00     3000      12000      15000        0          0          0         671        0.00       0.76       0.00     19634.96      0     
937470.00     3000      12000      15000        0          0          0         422        0.00       0.76       0.00     19634.96      0     
968719.00     3000      12000      15000        0          0          0         462        0.00       0.76       0.00     19634.96      0     
999968.00     3000      12000      15000        0          0          0         697        0.00       0.76       0.00     19634.96      0     
1031217.00    3000      12000      15000        0          0          0         486        0.00       0.76       0.00     19634.96      0     
1062466.00    3000      12000      15000        0          0          0         437        0.00       0.76       0.00     19634.96      0     
1093715.00    3000      12000      15000        0          0          0         475        0.00       0.76       0.00     19634.96      0     
1124964.00    3000      12000      15000        0          0          0         538        0.00       0.76       0.00     19634.96      0     
1156213.00    3000      12000      15000        0          0          0         410        0.00       0.76       0.00     19634.96      0     
1187462.00    3000      12000      15000        0          0          0         429        0.00       0.76       0.00     19634.96      0     
1218711.00    3000      12000      15000        0          0          0         348        0.00       0.76       0.00     19634.96      0     
1249960.00    3000      12000      15000        0          0          0         493        0.00       0.76       0.00     19634.96      0     
1281209.00    3000      12000      15000        0          0          0         333        0.00       0.76       0.00     19634.96      0     
1312458.00    3000      12000      15000        0          0          0         477        0.00       0.76       0.00     19634.96      0     
1343707.00    3000      12000      15000        0          0          0         309        0.00       0.76       0.00     19634.96      0     
1374956.00    3000      12000      15000        0          0          0         448        0.00       0.76       0.00     19634.96      0     
1406205.00    3000      12000      15000        0          0          0         370        0.00       0.76       0.00     19634.96      0     
1437454.00    3000      12000      15000        0          0          0         334        0.00       0.76       0.00     19634.96      0     
1468703.00    3000      12000      15000        0          0          0         460        0.00       0.76       0.00     19634.96      0     
1499952.00    3000      12000      15000        0          0          0         446        0.00       0.76       0.00     19634.96      0     
1531201.00    3000      12000      15000        0          0          0         619        0.00       0.76       0.00     19634.96      0     
1562450.00    3000      12000      15000        0          0          0         785        0.00       0.76       0.00     19634.96      0     
1593699.00    3000      12000      15000        0          0          0         694        0.00       0.76       0.00     19634.96      0     
1624948.00    2816      11146      13962       184        854        1038       1038       0.97       0.75     1066.19    18568.77     1038   
1656197.00    3000      12000      15000        0          0          0         404        0.00       0.76       0.00     19634.96      0     
1687446.00    3000      12000      15000        0          0          0         697        0.00       0.76       0.00     19634.96      0     
1718695.00    3000      12000      15000        0          0          0         515        0.00       0.76       0.00     19634.96      0     
1749944.00    3000      12000      15000        0          0          0         591        0.00       0.76       0.00     19634.96      0     
1781193.00    3000      12000      15000        0          0          0         687        0.00       0.76       0.00     19634.96      0     
1812442.00    2795      11203      13998       205        797        1002       1002       0.98       0.75     1023.49    18611.46     1002   
1843691.00    3000      12000      15000        0          0          0         932        0.00       0.76       0.00     19634.96      0     
1874940.00    3000      12000      15000        0          0          0         589        0.00       0.76       0.00     19634.96      0     
1906189.00    3000      12000      15000        0          0          0         758        0.00       0.76       0.00     19634.96      0     
1937438.00    3000      12000      15000        0          0          0         855        0.00       0.76       0.00     19634.96      0     
1968687.00    2713      10709      13422       287        1291       1578       1578       0.97       0.75     1622.92    18012.03     1578   
1999936.00    3000      12000      15000        0          0          0         542        0.00       0.76       0.00     19634.96      0     
2031185.00    3000      12000      15000        0          0          0         661        0.00       0.76       0.00     19634.96      0     
2062434.00    3000      12000      15000        0          0          0         568        0.00       0.76       0.00     19634.96      0     
2093683.00    3000      12000      15000        0          0          0         368        0.00       0.76       0.00     19634.96      0     
2124932.00    3000      12000      15000        0          0          0         525        0.00       0.76       0.00     19634.96      0     
2156181.00    3000      12000      15000        0          0          0         294        0.00       0.76       0.00     19634.96      0     
2187430.00    3000      12000      15000        0          0          0         293        0.00       0.76       0.00     19634.96      0     
2218679.00    3000      12000      15000        0          0          0         289        0.00       0.76       0.00     19634.96      0     
2249928.00    3000      12000      15000        0          0          0         299        0.00       0.76       0.00     19634.96      0     
2281177.00    3000      12000      15000        0          0          0         319        0.00       0.76       0.00     19634.96      0     
2312426.00    3000      12000      15000        0          0          0         267        0.00       0.76       0.00     19634.96      0     
2343675.00    3000      12000      15000        0          0          0         495        0.00       0.76       0.00     19634.96      0     
2374924.00    3000      12000      15000        0          0          0         543        0.00       0.76       0.00     19634.96      0     
2406173.00    3000      12000      15000        0          0          0         485        0.00       0.76       0.00     19634.96      0     
2437422.00    3000      12000      15000        0          0          0         393        0.00       0.76       0.00     19634.96      0     
2468671.00    3000      12000      15000        0          0          0         506        0.00       0.76       0.00     19634.96      0     
2499920.00    3000      12000      15000        0          0          0         649        0.00       0.76       0.00     19634.96      0     
2531169.00    3000      12000      15000        0          0          0         471        0.00       0.76       0.00     19634.96      0     
2562418.00    3000      12000      15000        0          0          0         571        0.00       0.76       0.00     19634.96      0     
2593667.00    3000      12000      15000        0          0          0         523        0.00       0.76       0.00     19634.96      0     
2624916.00    3000      12000      15000        0          0          0         590        0.00       0.76       0.00     19634.96      0     
2656165.00    3000      12000      15000        0          0          0         431        0.00       0.76       0.00     19634.96      0     
2687414.00    3000      12000      15000        0          0          0         677        0.00       0.76       0.00     19634.96      0     
2718663.00    3000      12000      15000        0          0          0         574        0.00       0.76       0.00     19634.96      0     
2749912.00    3000      12000      15000        0          0          0         883        0.00       0.76       0.00     19634.96      0     
2781161.00    2769      11046      13815       231        954        1185       1185       0.99       0.75     1196.35    18438.61     1185   
2812410.00    3000      12000      15000        0          0          0         678        0.00       0.76       0.00     19634.96      0     
2843659.00    2794      11135      13929       206        865        1071       1071       0.97       0.75     1105.18    18529.78     1071   
2874908.00    2769      11021      13790       231        979        1210       1210       0.98       0.75     1231.83    18403.13     1210   
2906157.00    2775      10972      13747       225        1028       1253       1253       0.99       0.75     1267.40    18367.55     1253   
2937406.00    3000      12000      15000        0          0          0         940        0.00       0.76       0.00     19634.96      0     
2968655.00    3000      12000      15000        0          0          0         683        0.00       0.76       0.00     19634.96      0     
2999904.00    3000      12000      15000        0          0          0         535        0.00       0.76       0.00     19634.96      0     
3031153.00    3000      12000      15000        0          0          0         608        0.00       0.76       0.00     19634.96      0     
3062402.00    3000      12000      15000        0          0          0         674        0.00       0.76       0.00     19634.96      0     
3093651.00    3000      12000      15000        0          0          0         508        0.00       0.76       0.00     19634.96      0     
3124900.00    3000      12000      15000        0          0          0         559        0.00       0.76       0.00     19634.96      0     
3156149.00    3000      12000      15000        0          0          0         460        0.00       0.76       0.00     19634.96      0     
3187398.00    3000      12000      15000        0          0          0         539        0.00       0.76       0.00     19634.96      0     
3218647.00    3000      12000      15000        0          0          0         347        0.00       0.76       0.00     19634.96      0     
3249896.00    3000      12000      15000        0          0          0         431        0.00       0.76       0.00     19634.96      0     
3281145.00    3000      12000      15000        0          0          0         323        0.00       0.76       0.00     19634.96      0     
3312394.00    3000      12000      15000        0          0          0         324        0.00       0.76       0.00     19634.96      0     
3343643.00    3000      12000      15000        0          0          0         605        0.00       0.76       0.00     19634.96      0     
3374892.00    3000      12000      15000        0          0          0         476        0.00       0.76       0.00     19634.96      0     
3406141.00    3000      12000      15000        0          0          0         819        0.00       0.76       0.00     19634.96      0     
3437390.00    3000      12000      15000        0          0          0         509        0.00       0.76       0.00     19634.96      0     
3468639.00    3000      12000      15000        0          0          0         766        0.00       0.76       0.00     19634.96      0     
3499888.00    3000      12000      15000        0          0          0         876        0.00       0.76       0.00     19634.96      0     
3531137.00    3000      12000      15000        0          0          0         458        0.00       0.76       0.00     19634.96      0     
3562386.00    3000      12000      15000        0          0          0         274        0.00       0.76       0.00     19634.96      0     
3593635.00    3000      12000      15000        0          0          0         509        0.00       0.76       0.00     19634.96      0     
3624884.00    3000      12000      15000        0          0          0         369        0.00       0.76       0.00     19634.96      0     
3656133.00    3000      12000      15000        0          0          0         356        0.00       0.76       0.00     19634.96      0     
3687382.00    3000      12000      15000        0          0          0         304        0.00       0.76       0.00     19634.96      0     
3718631.00    3000      12000      15000        0          0          0         622        0.00       0.76       0.00     19634.96      0     
3749880.00    3000      12000      15000        0          0          0         721        0.00       0.76       0.00     19634.96      0     
3781129.00    3000      12000      15000        0          0          0         371        0.00       0.76       0.00     19634.96      0     
3812378.00    3000      12000      15000        0          0          0         425        0.00       0.76       0.00     19634.96      0     
3843627.00    3000      12000      15000        0          0          0         539        0.00       0.76       0.00     19634.96      0     
3874876.00    3000      12000      15000        0          0          0         196        0.00       0.76       0.00     19634.96      0     
3906125.00    3000      12000      15000        0          0          0         281        0.00       0.76       0.00     19634.96      0     
3937374.00    3000      12000      15000        0          0          0         375        0.00       0.76       0.00     19634.96      0     
3968623.00    3000      12000      15000        0          0          0         379        0.00       0.76       0.00     19634.96      0     
3999872.00    3000      12000      15000        0          0          0         229        0.00       0.76       0.00     19634.96      0     
4031121.00    3000      12000      15000        0          0          0         447        0.00       0.76       0.00     19634.96      0     
4062370.00    3000      12000      15000        0          0          0         457        0.00       0.76       0.00     19634.96      0     
4093619.00    3000      12000      15000        0          0          0         524        0.00       0.76       0.00     19634.96      0     
4124868.00    3000      12000      15000        0          0          0         560        0.00       0.76       0.00     19634.96      0     
4156117.00    3000      12000      15000        0          0          0         520        0.00       0.76       0.00     19634.96      0     
4187366.00    3000      12000      15000        0          0          0         649        0.00       0.76       0.00     19634.96      0     
4218615.00    3000      12000      15000        0          0          0         530        0.00       0.76       0.00     19634.96      0     
4249864.00    3000      12000      15000        0          0          0         385        0.00       0.76       0.00     19634.96      0     
4281113.00    3000      12000      15000        0          0          0         404        0.00       0.76       0.00     19634.96      0     
4312362.00    3000      12000      15000        0          0          0         376        0.00       0.76       0.00     19634.96      0     
4343611.00    3000      12000      15000        0          0          0         531        0.00       0.76       0.00     19634.96      0     
4374860.00    3000      12000      15000        0          0          0         475        0.00       0.76       0.00     19634.96      0     
4406109.00    3000      12000      15000        0          0          0         468        0.00       0.76       0.00     19634.96      0     
4437358.00    3000      12000      15000        0          0          0         592        0.00       0.76       0.00     19634.96      0     
4468607.00    3000      12000      15000        0          0          0         626        0.00       0.76       0.00     19634.96      0     
4499856.00    3000      12000      15000        0          0          0         627        0.00       0.76       0.00     19634.96      0     
4531105.00    3000      12000      15000        0          0          0         253        0.00       0.76       0.00     19634.96      0     
4562354.00    3000      12000      15000        0          0          0         416        0.00       0.76       0.00     19634.96      0     
4593603.00    3000      12000      15000        0          0          0         422        0.00       0.76       0.00     19634.96      0     
4624852.00    3000      12000      15000        0          0          0         267        0.00       0.76       0.00     19634.96      0     
4656101.00    3000      12000      15000        0          0          0         438        0.00       0.76       0.00     19634.96      0     
4687350.00    3000      12000      15000        0          0          0         520        0.00       0.76       0.00     19634.96      0     
4718599.00    3000      12000      15000        0          0          0         508        0.00       0.76       0.00     19634.96      0     
4749848.00    3000      12000      15000        0          0          0         396        0.00       0.76       0.00     19634.96      0     
4781097.00    3000      12000      15000        0          0          0         854        0.00       0.76       0.00     19634.96      0     
4812346.00    3000      12000      15000        0          0          0         744        0.00       0.76       0.00     19634.96      0     
4843595.00    3000      12000      15000        0          0          0         643        0.00       0.76       0.00     19634.96      0     
4874844.00    3000      12000      15000        0          0          0         523        0.00       0.76       0.00     19634.96      0     
4906093.00    3000      12000      15000        0          0          0         502        0.00       0.76       0.00     19634.96      0     
4937342.00    3000      12000      15000        0          0          0         920        0.00       0.76       0.00     19634.96      0     
4968591.00    3000      12000      15000        0          0          0         494        0.00       0.76       0.00     19634.96      0     
4999840.00    3000      12000      15000        0          0          0         433        0.00       0.76       0.00     19634.96      0     
5031089.00    3000      12000      15000        0          0          0         430        0.00       0.76       0.00     19634.96      0     
5062338.00    3000      12000      15000        0          0          0         455        0.00       0.76       0.00     19634.96      0     
5093587.00    3000      12000      15000        0          0          0         474        0.00       0.76       0.00     19634.96      0     
5124836.00    3000      12000      15000        0          0          0         400        0.00       0.76       0.00     19634.96      0     
5156085.00    3000      12000      15000        0          0          0         296        0.00       0.76       0.00     19634.96      0     
5187334.00    3000      12000      15000        0          0          0         646        0.00       0.76       0.00     19634.96      0     
5218583.00    3000      12000      15000        0          0          0         480        0.00       0.76       0.00     19634.96      0     
5249832.00    3000      12000      15000        0          0          0         355        0.00       0.76       0.00     19634.96      0     
5281081.00    2782      11108      13890       218        892        1110       1110       0.97       0.75     1146.01    18488.94     1110   
5312330.00    3000      12000      15000        0          0          0         429        0.00       0.76       0.00     19634.96      0     
5343579.00    2783      11110      13893       217        890        1107       1107       0.97       0.75     1146.57    18488.39     1107   
5374828.00    3000      12000      15000        0          0          0         963        0.00       0.76       0.00     19634.96      0     
5406077.00    3000      12000      15000        0          0          0         800        0.00       0.76       0.00     19634.96      0     
5437326.00    3000      12000      15000        0          0          0         373        0.00       0.76       0.00     19634.96      0     
5468575.00    3000      12000      15000        0          0          0         506        0.00       0.76       0.00     19634.96      0     
5499824.00    3000      12000      15000        0          0          0         542        0.00       0.76       0.00     19634.96      0     
5531073.00    3000      12000      15000        0          0          0         380        0.00       0.76       0.00     19634.96      0     
5562322.00    3000      12000      15000        0          0          0         594        0.00       0.76       0.00     19634.96      0     
5593571.00    3000      12000      15000        0          0          0         601        0.00       0.76       0.00     19634.96      0     
5624820.00    3000      12000      15000        0          0          0         569        0.00       0.76       0.00     19634.96      0     
5656069.00    3000      12000      15000        0          0          0         605        0.00       0.76       0.00     19634.96      0     
5687318.00    3000      12000      15000        0          0          0         493        0.00       0.76       0.00     19634.96      0     
5718567.00    3000      12000      15000        0          0          0         677        0.00       0.76       0.00     19634.96      0     
5749816.00    3000      12000      15000        0          0          0         701        0.00       0.76       0.00     19634.96      0     
5781065.00    3000      12000      15000        0          0          0         607        0.00       0.76       0.00     19634.96      0     
5812314.00    3000      12000      15000        0          0          0         669        0.00       0.76       0.00     19634.96      0     
5843563.00    3000      12000      15000        0          0          0         480        0.00       0.76       0.00     19634.96      0     
5874812.00    3000      12000      15000        0          0          0         792        0.00       0.76       0.00     19634.96      0     
5906061.00    3000      12000      15000        0          0          0         542        0.00       0.76       0.00     19634.96      0     
5937310.00    3000      12000      15000        0          0          0         519        0.00       0.76       0.00     19634.96      0     
5968559.00    3000      12000      15000        0          0          0         856        0.00       0.76       0.00     19634.96      0     
5999808.00    3000      12000      15000        0          0          0         899        0.00       0.76       0.00     19634.96      0     
6031057.00    3000      12000      15000        0          0          0         482        0.00       0.76       0.00     19634.96      0     
6062306.00    3000      12000      15000        0          0          0         632        0.00       0.76       0.00     19634.96      0     
6093555.00    3000      12000      15000        0          0          0         553        0.00       0.76       0.00     19634.96      0     
6124804.00    3000      12000      15000        0          0          0         602        0.00       0.76       0.00     19634.96      0     
6156053.00    3000      12000      15000        0          0          0         832        0.00       0.76       0.00     19634.96      0     
6187302.00    3000      12000      15000        0          0          0         559        0.00       0.76       0.00     19634.96      0     
6218551.00    3000      12000      15000        0          0          0         531        0.00       0.76       0.00     19634.96      0     
6249800.00    3000      12000      15000        0          0          0         583        0.00       0.76       0.00     19634.96      0     
6281049.00    3000      12000      15000        0          0          0         805        0.00       0.76       0.00     19634.96      0     
6312298.00    3000      12000      15000        0          0          0         509        0.00       0.76       0.00     19634.96      0     
6343547.00    3000      12000      15000        0          0          0         270        0.00       0.76       0.00     19634.96      0     
6374796.00    3000      12000      15000        0          0          0         417        0.00       0.76       0.00     19634.96      0     
6406045.00    3000      12000      15000        0          0          0         518        0.00       0.76       0.00     19634.96      0     
6437294.00    3000      12000      15000        0          0          0         466        0.00       0.76       0.00     19634.96      0     
6468543.00    3000      12000      15000        0          0          0         660        0.00       0.76       0.00     19634.96      0     
6499792.00    3000      12000      15000        0          0          0         473        0.00       0.76       0.00     19634.96      0     
6531041.00    3000      12000      15000        0          0          0         451        0.00       0.76       0.00     19634.96      0     
6562290.00    3000      12000      15000        0          0          0         588        0.00       0.76       0.00     19634.96      0     
6593539.00    3000      12000      15000        0          0          0         634        0.00       0.76       0.00     19634.96      0     
6624788.00    3000      12000      15000        0          0          0         618        0.00       0.76       0.00     19634.96      0     
6656037.00    3000      12000      15000        0          0          0         411        0.00       0.76       0.00     19634.96      0     
6687286.00    3000      12000      15000        0          0          0         602        0.00       0.76       0.00     19634.96      0     
6718535.00    3000      12000      15000        0          0          0         388        0.00       0.76       0.00     19634.96      0     
6749784.00    3000      12000      15000        0          0          0         572        0.00       0.76       0.00     19634.96      0     
6781033.00    3000      12000      15000        0          0          0         645        0.00       0.76       0.00     19634.96      0     
6812282.00    3000      12000      15000        0          0          0         653        0.00       0.76       0.00     19634.96      0     
6843531.00    3000      12000      15000        0          0          0         534        0.00       0.76       0.00     19634.96      0     
6874780.00    3000      12000      15000        0          0          0         400        0.00       0.76       0.00     19634.96      0     
6906029.00    3000      12000      15000        0          0          0         382        0.00       0.76       0.00     19634.96      0     
6937278.00    3000      12000      15000        0          0          0         326        0.00       0.76       0.00     19634.96      0     
6968527.00    3000      12000      15000        0          0          0         596        0.00       0.76       0.00     19634.96      0     
6999776.00    3000      12000      15000        0          0          0         425        0.00       0.76       0.00     19634.96      0     
7031025.00    3000      12000      15000        0          0          0         546        0.00       0.76       0.00     19634.96      0     
7062274.00    3000      12000      15000        0          0          0         648        0.00       0.76       0.00     19634.96      0     
7093523.00    3000      12000      15000        0          0          0         509        0.00       0.76       0.00     19634.96      0     
7124772.00    3000      12000      15000        0          0          0         554        0.00       0.76       0.00     19634.96      0     
7156021.00    3000      12000      15000        0          0          0         615        0.00       0.76       0.00     19634.96      0     
7187270.00    3000      12000      15000        0          0          0         385        0.00       0.76       0.00     19634.96      0     
7218519.00    3000      12000      15000        0          0          0         488        0.00       0.76       0.00     19634.96      0     
7249768.00    3000      12000      15000        0          0          0         397        0.00       0.76       0.00     19634.96      0     
7281017.00    3000      12000      15000        0          0          0         417        0.00       0.76       0.00     19634.96      0     
7312266.00    3000      12000      15000        0          0          0         419        0.00       0.76       0.00     19634.96      0     
7343515.00    3000      12000      15000        0          0          0         532        0.00       0.76       0.00     19634.96      0     
7374764.00    3000      12000      15000        0          0          0         358        0.00       0.76       0.00     19634.96      0     
7406013.00    3000      12000      15000        0          0          0         463        0.00       0.76       0.00     19634.96      0     
7437262.00    3000      12000      15000        0          0          0         365        0.00       0.76       0.00     19634.96      0     
7468511.00    3000      12000      15000        0          0          0         276        0.00       0.76       0.00     19634.96      0     
7499760.00    3000      12000      15000        0          0          0         401        0.00       0.76       0.00     19634.96      0     
7531009.00    3000      12000      15000        0          0          0         313        0.00       0.76       0.00     19634.96      0     
7562258.00    3000      12000      15000        0          0          0         485        0.00       0.76       0.00     19634.96      0     
7593507.00    3000      12000      15000        0          0          0         488        0.00       0.76       0.00     19634.96      0     
7624756.00    3000      12000      15000        0          0          0         479        0.00       0.76       0.00     19634.96      0     
7656005.00    3000      12000      15000        0          0          0         472        0.00       0.76       0.00     19634.96      0     
7687254.00    3000      12000      15000        0          0          0         583        0.00       0.76       0.00     19634.96      0     
7718503.00    3000      12000      15000        0          0          0         708        0.00       0.76       0.00     19634.96      0     
7749752.00    3000      12000      15000        0          0          0         509        0.00       0.76       0.00     19634.96      0     
7781001.00    3000      12000      15000        0          0          0         666        0.00       0.76       0.00     19634.96      0     
7812250.00    3000      12000      15000        0          0          0         642        0.00       0.76       0.00     19634.96      0     
7843499.00    3000      12000      15000        0          0          0         759        0.00       0.76       0.00     19634.96      0     
7874748.00    3000      12000      15000        0          0          0         525        0.00       0.76       0.00     19634.96      0     
7905997.00    3000      12000      15000        0          0          0         620        0.00       0.76       0.00     19634.96      0     
7937246.00    3000      12000      15000        0          0          0         466        0.00       0.76       0.00     19634.96      0     
7968495.00    3000      12000      15000        0          0          0         710        0.00       0.76       0.00     19634.96      0     
7999744.00    3000      12000      15000        0          0          0         652        0.00       0.76       0.00     19634.96      0     
8030993.00    3000      12000      15000        0          0          0         298        0.00       0.76       0.00     19634.96      0     
8062242.00    3000      12000      15000        0          0          0         579        0.00       0.76       0.00     19634.96      0     
8093491.00    3000      12000      15000        0          0          0         712        0.00       0.76       0.00     19634.96      0     
8124740.00    2794      11176      13970       206        824        1030       1030       0.97       0.75     1066.92    18568.04     1030   
8155989.00    3000      12000      15000        0          0          0         564        0.00       0.76       0.00     19634.96      0     
8187238.00    3000      12000      15000        0          0          0         489        0.00       0.76       0.00     19634.96      0     
8218487.00    3000      12000      15000        0          0          0         916        0.00       0.76       0.00     19634.96      0     
8249736.00    3000      12000      15000        0          0          0         368        0.00       0.76       0.00     19634.96      0     
8280985.00    3000      12000      15000        0          0          0         363        0.00       0.76       0.00     19634.96      0     
8312234.00    3000      12000      15000        0          0          0         393        0.00       0.76       0.00     19634.96      0     
8343483.00    3000      12000      15000        0          0          0         842        0.00       0.76       0.00     19634.96      0     
8374732.00    3000      12000      15000        0          0          0         508        0.00       0.76       0.00     19634.96      0     
8405981.00    3000      12000      15000        0          0          0         460        0.00       0.76       0.00     19634.96      0     
8437230.00    3000      12000      15000        0          0          0         445        0.00       0.76       0.00     19634.96      0     
8468479.00    2774      11092      13866       226        908        1134       1134       0.96       0.75     1185.30    18449.65     1134   
8499728.00    3000      12000      15000        0          0          0         662        0.00       0.76       0.00     19634.96      0     
8530977.00    3000      12000      15000        0          0          0         743        0.00       0.76       0.00     19634.96      0     
8562226.00    3000      12000      15000        0          0          0         540        0.00       0.76       0.00     19634.96      0     
8593475.00    3000      12000      15000        0          0          0         561        0.00       0.76       0.00     19634.96      0     
8624724.00    3000      12000      15000        0          0          0         830        0.00       0.76       0.00     19634.96      0     
8655973.00    2806      11111      13917       194        889        1083       1083       0.98       0.75     1108.84    18526.11     1083   
8687222.00    3000      12000      15000        0          0          0         508        0.00       0.76       0.00     19634.96      0     
8718471.00    3000      12000      15000        0          0          0         676        0.00       0.76       0.00     19634.96      0     
8749720.00    3000      12000      15000        0          0          0         387        0.00       0.76       0.00     19634.96      0     
8780969.00    3000      12000      15000        0          0          0         648        0.00       0.76       0.00     19634.96      0     
8812218.00    3000      12000      15000        0          0          0         370        0.00       0.76       0.00     19634.96      0     
8843467.00    3000      12000      15000        0          0          0         444        0.00       0.76       0.00     19634.96      0     
8874716.00    3000      12000      15000        0          0          0         367        0.00       0.76       0.00     19634.96      0     
8905965.00    3000      12000      15000        0          0          0         355        0.00       0.76       0.00     19634.96      0     
8937214.00    3000      12000      15000        0          0          0         486        0.00       0.76       0.00     19634.96      0     
8968463.00    3000      12000      15000        0          0          0         310        0.00       0.76       0.00     19634.96      0     
8999712.00    3000      12000      15000        0          0          0         433        0.00       0.76       0.00     19634.96      0     
9030961.00    3000      12000      15000        0          0          0         355        0.00       0.76       0.00     19634.96      0     
9062210.00    3000      12000      15000        0          0          0         586        0.00       0.76       0.00     19634.96      0     
9093459.00    3000      12000      15000        0          0          0         543        0.00       0.76       0.00     19634.96      0     
9124708.00    3000      12000      15000        0          0          0         733        0.00       0.76       0.00     19634.96      0     
9155957.00    3000      12000      15000        0          0          0         716        0.00       0.76       0.00     19634.96      0     
9187206.00    3000      12000      15000        0          0          0         710        0.00       0.76       0.00     19634.96      0     
9218455.00    3000      12000      15000        0          0          0         706        0.00       0.76       0.00     19634.96      0     
9249704.00    3000      12000      15000        0          0          0         683        0.00       0.76       0.00     19634.96      0     
9280953.00    3000      12000      15000        0          0          0         789        0.00       0.76       0.00     19634.96      0     
9312202.00    3000      12000      15000        0          0          0         544        0.00       0.76       0.00     19634.96      0     
9343451.00    3000      12000      15000        0          0          0         553        0.00       0.76       0.00     19634.96      0     
9374700.00    3000      12000      15000        0          0          0         701        0.00       0.76       0.00     19634.96      0     
9405949.00    3000      12000      15000        0          0          0         747        0.00       0.76       0.00     19634.96      0     
9437198.00    3000      12000      15000        0          0          0         490        0.00       0.76       0.00     19634.96      0     
9468447.00    3000      12000      15000        0          0          0         485        0.00       0.76       0.00     19634.96      0     
9499696.00    3000      12000      15000        0          0          0         588        0.00       0.76       0.00     19634.96      0     
9530945.00    3000      12000      15000        0          0          0         445        0.00       0.76       0.00     19634.96      0     
9562194.00    3000      12000      15000        0          0          0         366        0.00       0.76       0.00     19634.96      0     
9593443.00    3000      12000      15000        0          0          0         354        0.00       0.76       0.00     19634.96      0     
9624692.00    3000      12000      15000        0          0          0         377        0.00       0.76       0.00     19634.96      0     
9655941.00    3000      12000      15000        0          0          0         540        0.00       0.76       0.00     19634.96      0     
9687190.00    3000      12000      15000        0          0          0         580        0.00       0.76       0.00     19634.96      0     
9718439.00    3000      12000      15000        0          0          0         610        0.00       0.76       0.00     19634.96      0     
9749688.00    3000      12000      15000        0          0          0         594        0.00       0.76       0.00     19634.96      0     
9780937.00    3000      12000      15000        0          0          0         587        0.00       0.76       0.00     19634.96      0     
9812186.00    3000      12000      15000        0          0          0         867        0.00       0.76       0.00     19634.96      0     
9843435.00    3000      12000      15000        0          0          0         801        0.00       0.76       0.00     19634.96      0     
9874684.00    3000      12000      15000        0          0          0         413        0.00       0.76       0.00     19634.96      0     
9905933.00    3000      12000      15000        0          0          0         432        0.00       0.76       0.00     19634.96      0     
9937182.00    3000      12000      15000        0          0          0         281        0.00       0.76       0.00     19634.96      0     
9968431.00    3000      12000      15000        0          0          0         400        0.00       0.76       0.00     19634.96      0     
9999680.00    3000      12000      15000        0          0          0         429        0.00       0.76       0.00     19634.96      0     
10030929.00    3000      12000      15000        0          0          0         499        0.00       0.76       0.00     19634.96      0     
10062178.00    3000      12000      15000        0          0          0         330        0.00       0.76       0.00     19634.96      0     
10093427.00    3000      12000      15000        0          0          0         381        0.00       0.76       0.00     19634.96      0     
10124676.00    3000      12000      15000        0          0          0         287        0.00       0.76       0.00     19634.96      0     
10155925.00    3000      12000      15000        0          0          0         756        0.00       0.76       0.00     19634.96      0     
10187174.00    3000      12000      15000        0          0          0         426        0.00       0.76       0.00     19634.96      0     
10218423.00    3000      12000      15000        0          0          0         472        0.00       0.76       0.00     19634.96      0     
10249672.00    3000      12000      15000        0          0          0         361        0.00       0.76       0.00     19634.96      0     
10280921.00    3000      12000      15000        0          0          0         338        0.00       0.76       0.00     19634.96      0     
10312170.00    3000      12000      15000        0          0          0         557        0.00       0.76       0.00     19634.96      0     
10343419.00    3000      12000      15000        0          0          0         542        0.00       0.76       0.00     19634.96      0     
10374668.00    3000      12000      15000        0          0          0         393        0.00       0.76       0.00     19634.96      0     
10405917.00    3000      12000      15000        0          0          0         523        0.00       0.76       0.00     19634.96      0     
10437166.00    3000      12000      15000        0          0          0         456        0.00       0.76       0.00     19634.96      0     
10468415.00    3000      12000      15000        0          0          0         420        0.00       0.76       0.00     19634.96      0     
10499664.00    3000      12000      15000        0          0          0         686        0.00       0.76       0.00     19634.96      0     
10530913.00    3000      12000      15000        0          0          0         523        0.00       0.76       0.00     19634.96      0     
10562162.00    3000      12000      15000        0          0          0         454        0.00       0.76       0.00     19634.96      0     
10593411.00    3000      12000      15000        0          0          0         527        0.00       0.76       0.00     19634.96      0     
10624660.00    3000      12000      15000        0          0          0         421        0.00       0.76       0.00     19634.96      0     
10655909.00    3000      12000      15000        0          0          0         830        0.00       0.76       0.00     19634.96      0     
10687158.00    3000      12000      15000        0          0          0         385        0.00       0.76       0.00     19634.96      0     
10718407.00    3000      12000      15000        0          0          0         488        0.00       0.76       0.00     19634.96      0     
10749656.00    3000      12000      15000        0          0          0         341        0.00       0.76       0.00     19634.96      0     
10780905.00    3000      12000      15000        0          0          0         426        0.00       0.76       0.00     19634.96      0     
10812154.00    3000      12000      15000        0          0          0         485        0.00       0.76       0.00     19634.96      0     
10843403.00    3000      12000      15000        0          0          0         607        0.00       0.76       0.00     19634.96      0     
10874652.00    3000      12000      15000        0          0          0         525        0.00       0.76       0.00     19634.96      0     
10905901.00    3000      12000      15000        0          0          0         501        0.00       0.76       0.00     19634.96      0     
10937150.00    3000      12000      15000        0          0          0         324        0.00       0.76       0.00     19634.96      0     
10968399.00    3000      12000      15000        0          0          0         359        0.00       0.76       0.00     19634.96      0     
10999648.00    3000      12000      15000        0          0          0         341        0.00       0.76       0.00     19634.96      0     
11030897.00    3000      12000      15000        0          0          0         444        0.00       0.76       0.00     19634.96      0     
11062146.00    3000      12000      15000        0          0          0         492        0.00       0.76       0.00     19634.96      0     
11093395.00    3000      12000      15000        0          0          0         400        0.00       0.76       0.00     19634.96      0     
11124644.00    3000      12000      15000        0          0          0         429        0.00       0.76       0.00     19634.96      0     
11155893.00    3000      12000      15000        0          0          0         490        0.00       0.76       0.00     19634.96      0     
11187142.00    3000      12000      15000        0          0          0         386        0.00       0.76       0.00     19634.96      0     
11218391.00    3000      12000      15000        0          0          0         414        0.00       0.76       0.00     19634.96      0     
11249640.00    3000      12000      15000        0          0          0         305        0.00       0.76       0.00     19634.96      0     
11280889.00    3000      12000      15000        0          0          0         282        0.00       0.76       0.00     19634.96      0     
11312138.00    3000      12000      15000        0          0          0         544        0.00       0.76       0.00     19634.96      0     
11343387.00    3000      12000      15000        0          0          0         657        0.00       0.76       0.00     19634.96      0     
11374636.00    3000      12000      15000        0          0          0         436        0.00       0.76       0.00     19634.96      0     
11405885.00    3000      12000      15000        0          0          0         500        0.00       0.76       0.00     19634.96      0     
11437134.00    3000      12000      15000        0          0          0         475        0.00       0.76       0.00     19634.96      0     
11468383.00    3000      12000      15000        0          0          0         419        0.00       0.76       0.00     19634.96      0     
11499632.00    3000      12000      15000        0          0          0         577        0.00       0.76       0.00     19634.96      0     
11530881.00    3000      12000      15000        0          0          0         450        0.00       0.76       0.00     19634.96      0     
11562130.00    3000      12000      15000        0          0          0         475        0.00       0.76       0.00     19634.96      0     
11593379.00    3000      12000      15000        0          0          0         672        0.00       0.76       0.00     19634.96      0     
11624628.00    3000      12000      15000        0          0          0         291        0.00       0.76       0.00     19634.96      0     
11655877.00    3000      12000      15000        0          0          0         436        0.00       0.76       0.00     19634.96      0     
11687126.00    3000      12000      15000        0          0          0         377        0.00       0.76       0.00     19634.96      0     
11718375.00    3000      12000      15000        0          0          0         494        0.00       0.76       0.00     19634.96      0     
11749624.00    3000      12000      15000        0          0          0         321        0.00       0.76       0.00     19634.96      0     
11780873.00    3000      12000      15000        0          0          0         363        0.00       0.76       0.00     19634.96      0     
11812122.00    3000      12000      15000        0          0          0         481        0.00       0.76       0.00     19634.96      0     
11843371.00    3000      12000      15000        0          0          0         276        0.00       0.76       0.00     19634.96      0     
11874620.00    3000      12000      15000        0          0          0         420        0.00       0.76       0.00     19634.96      0     
11905869.00    3000      12000      15000        0          0          0         457        0.00       0.76       0.00     19634.96      0     
11937118.00    3000      12000      15000        0          0          0         413        0.00       0.76       0.00     19634.96      0     
11968367.00    3000      12000      15000        0          0          0         599        0.00       0.76       0.00     19634.96      0     
11999616.00    3000      12000      15000        0          0          0         388        0.00       0.76       0.00     19634.96      0     
12030865.00    3000      12000      15000        0          0          0         341        0.00       0.76       0.00     19634.96      0     
12062114.00    3000      12000      15000        0          0          0         486        0.00       0.76       0.00     19634.96      0     
12093363.00    3000      12000      15000        0          0          0         421        0.00       0.76       0.00     19634.96      0     
12124612.00    3000      12000      15000        0          0          0         350        0.00       0.76       0.00     19634.96      0     
12155861.00    3000      12000      15000        0          0          0         491        0.00       0.76       0.00     19634.96      0     
12187110.00    3000      12000      15000        0          0          0         473        0.00       0.76       0.00     19634.96      0     
12218359.00    3000      12000      15000        0          0          0         557        0.00       0.76       0.00     19634.96      0     
12249608.00    3000      12000      15000        0          0          0         535        0.00       0.76       0.00     19634.96      0     
12280857.00    2796      11079      13875       204        921        1125       1125       0.97       0.75     1162.70    18472.25     1125   
12312106.00    3000      12000      15000        0          0          0         508        0.00       0.76       0.00     19634.96      0     
12343355.00    3000      12000      15000        0          0          0         537        0.00       0.76       0.00     19634.96      0     
12374604.00    3000      12000      15000        0          0          0         381        0.00       0.76       0.00     19634.96      0     
12405853.00    3000      12000      15000        0          0          0         238        0.00       0.76       0.00     19634.96      0     
12437102.00    3000      12000      15000        0          0          0         357        0.00       0.76       0.00     19634.96      0     
12468351.00    3000      12000      15000        0          0          0         742        0.00       0.76       0.00     19634.96      0     
12499600.00    3000      12000      15000        0          0          0         522        0.00       0.76       0.00     19634.96      0     
