 Timestep    Gas_A      Gas_B     Gas_tot    Dense_A    Dense_B   Dense_tot   Lg_clust  DP_density GP_density Clust_area  Gas_area     MCS    
   0.00      12000       3000      15000        0          0          0          6         0.00       0.76       0.00     19634.96      0     
 72916.00    12000       3000      15000        0          0          0          46        0.00       0.76       0.00     19634.96      0     
145832.00    12000       3000      15000        0          0          0          77        0.00       0.76       0.00     19634.96      0     
218748.00    12000       3000      15000        0          0          0          84        0.00       0.76       0.00     19634.96      0     
291664.00    12000       3000      15000        0          0          0          64        0.00       0.76       0.00     19634.96      0     
364580.00    12000       3000      15000        0          0          0         105        0.00       0.76       0.00     19634.96      0     
437496.00    12000       3000      15000        0          0          0          86        0.00       0.76       0.00     19634.96      0     
510412.00    12000       3000      15000        0          0          0          64        0.00       0.76       0.00     19634.96      0     
583328.00    12000       3000      15000        0          0          0         113        0.00       0.76       0.00     19634.96      0     
656244.00    12000       3000      15000        0          0          0         203        0.00       0.76       0.00     19634.96      0     
729160.00    12000       3000      15000        0          0          0         196        0.00       0.76       0.00     19634.96      0     
802076.00    12000       3000      15000        0          0          0         206        0.00       0.76       0.00     19634.96      0     
874992.00    12000       3000      15000        0          0          0          96        0.00       0.76       0.00     19634.96      0     
947908.00    12000       3000      15000        0          0          0         104        0.00       0.76       0.00     19634.96      0     
1020824.00   12000       3000      15000        0          0          0         209        0.00       0.76       0.00     19634.96      0     
1093740.00   12000       3000      15000        0          0          0         123        0.00       0.76       0.00     19634.96      0     
1166656.00   12000       3000      15000        0          0          0          84        0.00       0.76       0.00     19634.96      0     
1239572.00   12000       3000      15000        0          0          0         101        0.00       0.76       0.00     19634.96      0     
1312488.00   12000       3000      15000        0          0          0         164        0.00       0.76       0.00     19634.96      0     
1385404.00   12000       3000      15000        0          0          0         123        0.00       0.76       0.00     19634.96      0     
1458320.00   12000       3000      15000        0          0          0          85        0.00       0.76       0.00     19634.96      0     
1531236.00   12000       3000      15000        0          0          0         115        0.00       0.76       0.00     19634.96      0     
1604152.00   12000       3000      15000        0          0          0          71        0.00       0.76       0.00     19634.96      0     
1677068.00   12000       3000      15000        0          0          0          76        0.00       0.76       0.00     19634.96      0     
1749984.00   12000       3000      15000        0          0          0         149        0.00       0.76       0.00     19634.96      0     
1822900.00   12000       3000      15000        0          0          0         127        0.00       0.76       0.00     19634.96      0     
1895816.00   12000       3000      15000        0          0          0         102        0.00       0.76       0.00     19634.96      0     
1968732.00   12000       3000      15000        0          0          0          76        0.00       0.76       0.00     19634.96      0     
2041648.00   12000       3000      15000        0          0          0         115        0.00       0.76       0.00     19634.96      0     
2114564.00   12000       3000      15000        0          0          0          96        0.00       0.76       0.00     19634.96      0     
2187480.00   12000       3000      15000        0          0          0          72        0.00       0.76       0.00     19634.96      0     
2260396.00   12000       3000      15000        0          0          0         155        0.00       0.76       0.00     19634.96      0     
2333312.00   12000       3000      15000        0          0          0         132        0.00       0.76       0.00     19634.96      0     
2406228.00   12000       3000      15000        0          0          0         117        0.00       0.76       0.00     19634.96      0     
2479144.00   12000       3000      15000        0          0          0         124        0.00       0.76       0.00     19634.96      0     
2552060.00   12000       3000      15000        0          0          0          81        0.00       0.76       0.00     19634.96      0     
2624976.00   12000       3000      15000        0          0          0         128        0.00       0.76       0.00     19634.96      0     
2697892.00   12000       3000      15000        0          0          0         114        0.00       0.76       0.00     19634.96      0     
2770808.00   12000       3000      15000        0          0          0         121        0.00       0.76       0.00     19634.96      0     
2843724.00   12000       3000      15000        0          0          0         100        0.00       0.76       0.00     19634.96      0     
2916640.00   12000       3000      15000        0          0          0          61        0.00       0.76       0.00     19634.96      0     
2989556.00   12000       3000      15000        0          0          0         161        0.00       0.76       0.00     19634.96      0     
3062472.00   12000       3000      15000        0          0          0          65        0.00       0.76       0.00     19634.96      0     
3135388.00   12000       3000      15000        0          0          0         174        0.00       0.76       0.00     19634.96      0     
3208304.00   12000       3000      15000        0          0          0         196        0.00       0.76       0.00     19634.96      0     
3281220.00   12000       3000      15000        0          0          0         124        0.00       0.76       0.00     19634.96      0     
3354136.00   12000       3000      15000        0          0          0         122        0.00       0.76       0.00     19634.96      0     
3427052.00   12000       3000      15000        0          0          0         156        0.00       0.76       0.00     19634.96      0     
3499968.00   12000       3000      15000        0          0          0          97        0.00       0.76       0.00     19634.96      0     
3572884.00   12000       3000      15000        0          0          0          87        0.00       0.76       0.00     19634.96      0     
3645800.00   12000       3000      15000        0          0          0         135        0.00       0.76       0.00     19634.96      0     
3718716.00   12000       3000      15000        0          0          0          94        0.00       0.76       0.00     19634.96      0     
3791632.00   12000       3000      15000        0          0          0          82        0.00       0.76       0.00     19634.96      0     
3864548.00   12000       3000      15000        0          0          0         115        0.00       0.76       0.00     19634.96      0     
3937464.00   12000       3000      15000        0          0          0         114        0.00       0.76       0.00     19634.96      0     
4010380.00   12000       3000      15000        0          0          0         225        0.00       0.76       0.00     19634.96      0     
4083296.00   12000       3000      15000        0          0          0         185        0.00       0.76       0.00     19634.96      0     
4156212.00   12000       3000      15000        0          0          0         119        0.00       0.76       0.00     19634.96      0     
4229128.00   12000       3000      15000        0          0          0         111        0.00       0.76       0.00     19634.96      0     
4302044.00   12000       3000      15000        0          0          0         112        0.00       0.76       0.00     19634.96      0     
4374960.00   12000       3000      15000        0          0          0          75        0.00       0.76       0.00     19634.96      0     
4447876.00   12000       3000      15000        0          0          0          77        0.00       0.76       0.00     19634.96      0     
4520792.00   12000       3000      15000        0          0          0         274        0.00       0.76       0.00     19634.96      0     
4593708.00   12000       3000      15000        0          0          0          69        0.00       0.76       0.00     19634.96      0     
4666624.00   12000       3000      15000        0          0          0          75        0.00       0.76       0.00     19634.96      0     
4739540.00   12000       3000      15000        0          0          0          68        0.00       0.76       0.00     19634.96      0     
4812456.00   12000       3000      15000        0          0          0         106        0.00       0.76       0.00     19634.96      0     
4885372.00   12000       3000      15000        0          0          0          97        0.00       0.76       0.00     19634.96      0     
4958288.00   12000       3000      15000        0          0          0         143        0.00       0.76       0.00     19634.96      0     
5031204.00   12000       3000      15000        0          0          0         112        0.00       0.76       0.00     19634.96      0     
5104120.00   12000       3000      15000        0          0          0          87        0.00       0.76       0.00     19634.96      0     
5177036.00   12000       3000      15000        0          0          0          86        0.00       0.76       0.00     19634.96      0     
5249952.00   12000       3000      15000        0          0          0         124        0.00       0.76       0.00     19634.96      0     
5322868.00   12000       3000      15000        0          0          0         186        0.00       0.76       0.00     19634.96      0     
5395784.00   12000       3000      15000        0          0          0          62        0.00       0.76       0.00     19634.96      0     
5468700.00   12000       3000      15000        0          0          0         111        0.00       0.76       0.00     19634.96      0     
5541616.00   12000       3000      15000        0          0          0          80        0.00       0.76       0.00     19634.96      0     
5614532.00   12000       3000      15000        0          0          0          83        0.00       0.76       0.00     19634.96      0     
5687448.00   12000       3000      15000        0          0          0         122        0.00       0.76       0.00     19634.96      0     
5760364.00   12000       3000      15000        0          0          0          90        0.00       0.76       0.00     19634.96      0     
5833280.00   12000       3000      15000        0          0          0          57        0.00       0.76       0.00     19634.96      0     
5906196.00   12000       3000      15000        0          0          0          73        0.00       0.76       0.00     19634.96      0     
5979112.00   12000       3000      15000        0          0          0         141        0.00       0.76       0.00     19634.96      0     
6052028.00   12000       3000      15000        0          0          0         178        0.00       0.76       0.00     19634.96      0     
6124944.00   12000       3000      15000        0          0          0         114        0.00       0.76       0.00     19634.96      0     
6197860.00   12000       3000      15000        0          0          0          92        0.00       0.76       0.00     19634.96      0     
6270776.00   12000       3000      15000        0          0          0         110        0.00       0.76       0.00     19634.96      0     
6343692.00   12000       3000      15000        0          0          0         101        0.00       0.76       0.00     19634.96      0     
6416608.00   12000       3000      15000        0          0          0         172        0.00       0.76       0.00     19634.96      0     
6489524.00   12000       3000      15000        0          0          0          45        0.00       0.76       0.00     19634.96      0     
6562440.00   12000       3000      15000        0          0          0          67        0.00       0.76       0.00     19634.96      0     
6635356.00   12000       3000      15000        0          0          0          57        0.00       0.76       0.00     19634.96      0     
6708272.00   12000       3000      15000        0          0          0         176        0.00       0.76       0.00     19634.96      0     
6781188.00   12000       3000      15000        0          0          0         129        0.00       0.76       0.00     19634.96      0     
6854104.00   12000       3000      15000        0          0          0          95        0.00       0.76       0.00     19634.96      0     
6927020.00   12000       3000      15000        0          0          0         146        0.00       0.76       0.00     19634.96      0     
6999936.00   12000       3000      15000        0          0          0         224        0.00       0.76       0.00     19634.96      0     
7072852.00   12000       3000      15000        0          0          0         216        0.00       0.76       0.00     19634.96      0     
7145768.00   12000       3000      15000        0          0          0         204        0.00       0.76       0.00     19634.96      0     
7218684.00   12000       3000      15000        0          0          0         193        0.00       0.76       0.00     19634.96      0     
7291600.00   12000       3000      15000        0          0          0         102        0.00       0.76       0.00     19634.96      0     
7364516.00   12000       3000      15000        0          0          0         111        0.00       0.76       0.00     19634.96      0     
7437432.00   12000       3000      15000        0          0          0         106        0.00       0.76       0.00     19634.96      0     
7510348.00   12000       3000      15000        0          0          0         137        0.00       0.76       0.00     19634.96      0     
7583264.00   12000       3000      15000        0          0          0          90        0.00       0.76       0.00     19634.96      0     
7656180.00   12000       3000      15000        0          0          0         215        0.00       0.76       0.00     19634.96      0     
7729096.00   12000       3000      15000        0          0          0         150        0.00       0.76       0.00     19634.96      0     
7802012.00   12000       3000      15000        0          0          0         139        0.00       0.76       0.00     19634.96      0     
7874928.00   12000       3000      15000        0          0          0          61        0.00       0.76       0.00     19634.96      0     
7947844.00   12000       3000      15000        0          0          0         141        0.00       0.76       0.00     19634.96      0     
8020760.00   12000       3000      15000        0          0          0          79        0.00       0.76       0.00     19634.96      0     
8093676.00   12000       3000      15000        0          0          0          71        0.00       0.76       0.00     19634.96      0     
8166592.00   12000       3000      15000        0          0          0          78        0.00       0.76       0.00     19634.96      0     
8239508.00   12000       3000      15000        0          0          0          99        0.00       0.76       0.00     19634.96      0     
8312424.00   12000       3000      15000        0          0          0          99        0.00       0.76       0.00     19634.96      0     
8385340.00   12000       3000      15000        0          0          0         100        0.00       0.76       0.00     19634.96      0     
8458256.00   12000       3000      15000        0          0          0          79        0.00       0.76       0.00     19634.96      0     
8531172.00   12000       3000      15000        0          0          0          87        0.00       0.76       0.00     19634.96      0     
8604088.00   12000       3000      15000        0          0          0          81        0.00       0.76       0.00     19634.96      0     
8677004.00   12000       3000      15000        0          0          0         152        0.00       0.76       0.00     19634.96      0     
8749920.00   12000       3000      15000        0          0          0         195        0.00       0.76       0.00     19634.96      0     
8822836.00   12000       3000      15000        0          0          0         198        0.00       0.76       0.00     19634.96      0     
8895752.00   12000       3000      15000        0          0          0          82        0.00       0.76       0.00     19634.96      0     
8968668.00   12000       3000      15000        0          0          0          83        0.00       0.76       0.00     19634.96      0     
9041584.00   12000       3000      15000        0          0          0          83        0.00       0.76       0.00     19634.96      0     
9114500.00   12000       3000      15000        0          0          0         101        0.00       0.76       0.00     19634.96      0     
9187416.00   12000       3000      15000        0          0          0         193        0.00       0.76       0.00     19634.96      0     
9260332.00   12000       3000      15000        0          0          0         128        0.00       0.76       0.00     19634.96      0     
9333248.00   12000       3000      15000        0          0          0          76        0.00       0.76       0.00     19634.96      0     
9406164.00   12000       3000      15000        0          0          0          72        0.00       0.76       0.00     19634.96      0     
9479080.00   12000       3000      15000        0          0          0          68        0.00       0.76       0.00     19634.96      0     
9551996.00   12000       3000      15000        0          0          0          72        0.00       0.76       0.00     19634.96      0     
9624912.00   12000       3000      15000        0          0          0          74        0.00       0.76       0.00     19634.96      0     
9697828.00   12000       3000      15000        0          0          0          97        0.00       0.76       0.00     19634.96      0     
9770744.00   12000       3000      15000        0          0          0         128        0.00       0.76       0.00     19634.96      0     
9843660.00   12000       3000      15000        0          0          0          99        0.00       0.76       0.00     19634.96      0     
9916576.00   12000       3000      15000        0          0          0          87        0.00       0.76       0.00     19634.96      0     
9989492.00   12000       3000      15000        0          0          0          82        0.00       0.76       0.00     19634.96      0     
10062408.00   12000       3000      15000        0          0          0         205        0.00       0.76       0.00     19634.96      0     
10135324.00   12000       3000      15000        0          0          0          96        0.00       0.76       0.00     19634.96      0     
10208240.00   12000       3000      15000        0          0          0         113        0.00       0.76       0.00     19634.96      0     
10281156.00   12000       3000      15000        0          0          0         149        0.00       0.76       0.00     19634.96      0     
10354072.00   12000       3000      15000        0          0          0         123        0.00       0.76       0.00     19634.96      0     
10426988.00   12000       3000      15000        0          0          0         146        0.00       0.76       0.00     19634.96      0     
10499904.00   12000       3000      15000        0          0          0         122        0.00       0.76       0.00     19634.96      0     
10572820.00   12000       3000      15000        0          0          0          57        0.00       0.76       0.00     19634.96      0     
10645736.00   12000       3000      15000        0          0          0          95        0.00       0.76       0.00     19634.96      0     
10718652.00   12000       3000      15000        0          0          0         135        0.00       0.76       0.00     19634.96      0     
10791568.00   12000       3000      15000        0          0          0         145        0.00       0.76       0.00     19634.96      0     
10864484.00   12000       3000      15000        0          0          0         109        0.00       0.76       0.00     19634.96      0     
10937400.00   12000       3000      15000        0          0          0          95        0.00       0.76       0.00     19634.96      0     
11010316.00   12000       3000      15000        0          0          0         104        0.00       0.76       0.00     19634.96      0     
11083232.00   12000       3000      15000        0          0          0          81        0.00       0.76       0.00     19634.96      0     
11156148.00   12000       3000      15000        0          0          0         239        0.00       0.76       0.00     19634.96      0     
11229064.00   12000       3000      15000        0          0          0         116        0.00       0.76       0.00     19634.96      0     
11301980.00   12000       3000      15000        0          0          0         111        0.00       0.76       0.00     19634.96      0     
11374896.00   12000       3000      15000        0          0          0         168        0.00       0.76       0.00     19634.96      0     
11447812.00   12000       3000      15000        0          0          0          59        0.00       0.76       0.00     19634.96      0     
11520728.00   12000       3000      15000        0          0          0         108        0.00       0.76       0.00     19634.96      0     
11593644.00   12000       3000      15000        0          0          0         181        0.00       0.76       0.00     19634.96      0     
11666560.00   12000       3000      15000        0          0          0          82        0.00       0.76       0.00     19634.96      0     
11739476.00   12000       3000      15000        0          0          0         126        0.00       0.76       0.00     19634.96      0     
11812392.00   12000       3000      15000        0          0          0         124        0.00       0.76       0.00     19634.96      0     
11885308.00   12000       3000      15000        0          0          0         163        0.00       0.76       0.00     19634.96      0     
11958224.00   12000       3000      15000        0          0          0         108        0.00       0.76       0.00     19634.96      0     
12031140.00   12000       3000      15000        0          0          0         206        0.00       0.76       0.00     19634.96      0     
12104056.00   12000       3000      15000        0          0          0         136        0.00       0.76       0.00     19634.96      0     
12176972.00   12000       3000      15000        0          0          0         284        0.00       0.76       0.00     19634.96      0     
12249888.00   12000       3000      15000        0          0          0         180        0.00       0.76       0.00     19634.96      0     
12322804.00   12000       3000      15000        0          0          0          77        0.00       0.76       0.00     19634.96      0     
12395720.00   12000       3000      15000        0          0          0         132        0.00       0.76       0.00     19634.96      0     
12468636.00   12000       3000      15000        0          0          0         203        0.00       0.76       0.00     19634.96      0     
12541552.00   12000       3000      15000        0          0          0          88        0.00       0.76       0.00     19634.96      0     
12614468.00   12000       3000      15000        0          0          0          66        0.00       0.76       0.00     19634.96      0     
12687384.00   12000       3000      15000        0          0          0         103        0.00       0.76       0.00     19634.96      0     
12760300.00   12000       3000      15000        0          0          0         174        0.00       0.76       0.00     19634.96      0     
12833216.00   12000       3000      15000        0          0          0         106        0.00       0.76       0.00     19634.96      0     
12906132.00   12000       3000      15000        0          0          0         146        0.00       0.76       0.00     19634.96      0     
12979048.00   12000       3000      15000        0          0          0          95        0.00       0.76       0.00     19634.96      0     
13051964.00   12000       3000      15000        0          0          0         145        0.00       0.76       0.00     19634.96      0     
13124880.00   12000       3000      15000        0          0          0         172        0.00       0.76       0.00     19634.96      0     
13197796.00   12000       3000      15000        0          0          0          75        0.00       0.76       0.00     19634.96      0     
13270712.00   12000       3000      15000        0          0          0         214        0.00       0.76       0.00     19634.96      0     
13343628.00   12000       3000      15000        0          0          0         131        0.00       0.76       0.00     19634.96      0     
13416544.00   12000       3000      15000        0          0          0          91        0.00       0.76       0.00     19634.96      0     
13489460.00   12000       3000      15000        0          0          0         162        0.00       0.76       0.00     19634.96      0     
13562376.00   12000       3000      15000        0          0          0          85        0.00       0.76       0.00     19634.96      0     
13635292.00   12000       3000      15000        0          0          0         130        0.00       0.76       0.00     19634.96      0     
13708208.00   12000       3000      15000        0          0          0          93        0.00       0.76       0.00     19634.96      0     
13781124.00   12000       3000      15000        0          0          0          62        0.00       0.76       0.00     19634.96      0     
13854040.00   12000       3000      15000        0          0          0          94        0.00       0.76       0.00     19634.96      0     
13926956.00   12000       3000      15000        0          0          0         126        0.00       0.76       0.00     19634.96      0     
13999872.00   12000       3000      15000        0          0          0         197        0.00       0.76       0.00     19634.96      0     
14072788.00   12000       3000      15000        0          0          0          69        0.00       0.76       0.00     19634.96      0     
14145704.00   12000       3000      15000        0          0          0         238        0.00       0.76       0.00     19634.96      0     
14218620.00   12000       3000      15000        0          0          0          96        0.00       0.76       0.00     19634.96      0     
14291536.00   12000       3000      15000        0          0          0          95        0.00       0.76       0.00     19634.96      0     
14364452.00   12000       3000      15000        0          0          0         103        0.00       0.76       0.00     19634.96      0     
14437368.00   12000       3000      15000        0          0          0         185        0.00       0.76       0.00     19634.96      0     
14510284.00   12000       3000      15000        0          0          0         237        0.00       0.76       0.00     19634.96      0     
14583200.00   12000       3000      15000        0          0          0         199        0.00       0.76       0.00     19634.96      0     
14656116.00   12000       3000      15000        0          0          0         216        0.00       0.76       0.00     19634.96      0     
14729032.00   12000       3000      15000        0          0          0         161        0.00       0.76       0.00     19634.96      0     
14801948.00   12000       3000      15000        0          0          0         136        0.00       0.76       0.00     19634.96      0     
14874864.00   12000       3000      15000        0          0          0          85        0.00       0.76       0.00     19634.96      0     
14947780.00   12000       3000      15000        0          0          0          64        0.00       0.76       0.00     19634.96      0     
15020696.00   12000       3000      15000        0          0          0         160        0.00       0.76       0.00     19634.96      0     
15093612.00   12000       3000      15000        0          0          0         129        0.00       0.76       0.00     19634.96      0     
15166528.00   12000       3000      15000        0          0          0         105        0.00       0.76       0.00     19634.96      0     
15239444.00   12000       3000      15000        0          0          0          79        0.00       0.76       0.00     19634.96      0     
15312360.00   12000       3000      15000        0          0          0          77        0.00       0.76       0.00     19634.96      0     
15385276.00   12000       3000      15000        0          0          0         111        0.00       0.76       0.00     19634.96      0     
15458192.00   12000       3000      15000        0          0          0          87        0.00       0.76       0.00     19634.96      0     
15531108.00   12000       3000      15000        0          0          0          92        0.00       0.76       0.00     19634.96      0     
15604024.00   12000       3000      15000        0          0          0          79        0.00       0.76       0.00     19634.96      0     
15676940.00   12000       3000      15000        0          0          0          65        0.00       0.76       0.00     19634.96      0     
15749856.00   12000       3000      15000        0          0          0          77        0.00       0.76       0.00     19634.96      0     
15822772.00   12000       3000      15000        0          0          0          76        0.00       0.76       0.00     19634.96      0     
15895688.00   12000       3000      15000        0          0          0         127        0.00       0.76       0.00     19634.96      0     
15968604.00   12000       3000      15000        0          0          0         147        0.00       0.76       0.00     19634.96      0     
16041520.00   12000       3000      15000        0          0          0          88        0.00       0.76       0.00     19634.96      0     
16114436.00   12000       3000      15000        0          0          0          91        0.00       0.76       0.00     19634.96      0     
16187352.00   12000       3000      15000        0          0          0          71        0.00       0.76       0.00     19634.96      0     
16260268.00   12000       3000      15000        0          0          0          69        0.00       0.76       0.00     19634.96      0     
16333184.00   12000       3000      15000        0          0          0         152        0.00       0.76       0.00     19634.96      0     
16406100.00   12000       3000      15000        0          0          0          82        0.00       0.76       0.00     19634.96      0     
16479016.00   12000       3000      15000        0          0          0         103        0.00       0.76       0.00     19634.96      0     
16551932.00   12000       3000      15000        0          0          0         148        0.00       0.76       0.00     19634.96      0     
16624848.00   12000       3000      15000        0          0          0          75        0.00       0.76       0.00     19634.96      0     
16697764.00   12000       3000      15000        0          0          0         110        0.00       0.76       0.00     19634.96      0     
16770680.00   12000       3000      15000        0          0          0         102        0.00       0.76       0.00     19634.96      0     
16843596.00   12000       3000      15000        0          0          0         120        0.00       0.76       0.00     19634.96      0     
16916512.00   12000       3000      15000        0          0          0         120        0.00       0.76       0.00     19634.96      0     
16989428.00   12000       3000      15000        0          0          0         129        0.00       0.76       0.00     19634.96      0     
17062344.00   12000       3000      15000        0          0          0         106        0.00       0.76       0.00     19634.96      0     
17135260.00   12000       3000      15000        0          0          0          72        0.00       0.76       0.00     19634.96      0     
17208176.00   12000       3000      15000        0          0          0          64        0.00       0.76       0.00     19634.96      0     
17281092.00   12000       3000      15000        0          0          0         142        0.00       0.76       0.00     19634.96      0     
17354008.00   12000       3000      15000        0          0          0         216        0.00       0.76       0.00     19634.96      0     
17426924.00   12000       3000      15000        0          0          0         101        0.00       0.76       0.00     19634.96      0     
17499840.00   12000       3000      15000        0          0          0          85        0.00       0.76       0.00     19634.96      0     
17572756.00   12000       3000      15000        0          0          0         142        0.00       0.76       0.00     19634.96      0     
17645672.00   12000       3000      15000        0          0          0          84        0.00       0.76       0.00     19634.96      0     
17718588.00   12000       3000      15000        0          0          0         175        0.00       0.76       0.00     19634.96      0     
17791504.00   12000       3000      15000        0          0          0         112        0.00       0.76       0.00     19634.96      0     
17864420.00   12000       3000      15000        0          0          0         167        0.00       0.76       0.00     19634.96      0     
17937336.00   12000       3000      15000        0          0          0         174        0.00       0.76       0.00     19634.96      0     
18010252.00   12000       3000      15000        0          0          0         261        0.00       0.76       0.00     19634.96      0     
18083168.00   12000       3000      15000        0          0          0         172        0.00       0.76       0.00     19634.96      0     
18156084.00   12000       3000      15000        0          0          0          92        0.00       0.76       0.00     19634.96      0     
18229000.00   12000       3000      15000        0          0          0         118        0.00       0.76       0.00     19634.96      0     
18301916.00   12000       3000      15000        0          0          0         174        0.00       0.76       0.00     19634.96      0     
18374832.00   12000       3000      15000        0          0          0         163        0.00       0.76       0.00     19634.96      0     
18447748.00   12000       3000      15000        0          0          0         113        0.00       0.76       0.00     19634.96      0     
18520664.00   12000       3000      15000        0          0          0          65        0.00       0.76       0.00     19634.96      0     
18593580.00   12000       3000      15000        0          0          0          97        0.00       0.76       0.00     19634.96      0     
18666496.00   12000       3000      15000        0          0          0         139        0.00       0.76       0.00     19634.96      0     
18739412.00   12000       3000      15000        0          0          0          84        0.00       0.76       0.00     19634.96      0     
18812328.00   12000       3000      15000        0          0          0          64        0.00       0.76       0.00     19634.96      0     
18885244.00   12000       3000      15000        0          0          0          74        0.00       0.76       0.00     19634.96      0     
18958160.00   12000       3000      15000        0          0          0          84        0.00       0.76       0.00     19634.96      0     
19031076.00   12000       3000      15000        0          0          0          77        0.00       0.76       0.00     19634.96      0     
19103992.00   12000       3000      15000        0          0          0          92        0.00       0.76       0.00     19634.96      0     
19176908.00   12000       3000      15000        0          0          0          83        0.00       0.76       0.00     19634.96      0     
19249824.00   12000       3000      15000        0          0          0         150        0.00       0.76       0.00     19634.96      0     
19322740.00   12000       3000      15000        0          0          0         150        0.00       0.76       0.00     19634.96      0     
19395656.00   12000       3000      15000        0          0          0          70        0.00       0.76       0.00     19634.96      0     
19468572.00   12000       3000      15000        0          0          0         126        0.00       0.76       0.00     19634.96      0     
19541488.00   12000       3000      15000        0          0          0         302        0.00       0.76       0.00     19634.96      0     
19614404.00   12000       3000      15000        0          0          0         130        0.00       0.76       0.00     19634.96      0     
19687320.00   12000       3000      15000        0          0          0          80        0.00       0.76       0.00     19634.96      0     
19760236.00   12000       3000      15000        0          0          0          85        0.00       0.76       0.00     19634.96      0     
19833152.00   12000       3000      15000        0          0          0          86        0.00       0.76       0.00     19634.96      0     
19906068.00   12000       3000      15000        0          0          0         124        0.00       0.76       0.00     19634.96      0     
19978984.00   12000       3000      15000        0          0          0          89        0.00       0.76       0.00     19634.96      0     
20051900.00   12000       3000      15000        0          0          0         225        0.00       0.76       0.00     19634.96      0     
20124816.00   12000       3000      15000        0          0          0         110        0.00       0.76       0.00     19634.96      0     
20197732.00   12000       3000      15000        0          0          0         118        0.00       0.76       0.00     19634.96      0     
20270648.00   12000       3000      15000        0          0          0         140        0.00       0.76       0.00     19634.96      0     
20343564.00   12000       3000      15000        0          0          0         115        0.00       0.76       0.00     19634.96      0     
20416480.00   12000       3000      15000        0          0          0         104        0.00       0.76       0.00     19634.96      0     
20489396.00   12000       3000      15000        0          0          0          87        0.00       0.76       0.00     19634.96      0     
20562312.00   12000       3000      15000        0          0          0          72        0.00       0.76       0.00     19634.96      0     
20635228.00   12000       3000      15000        0          0          0         106        0.00       0.76       0.00     19634.96      0     
   0.00      12000       3000      15000        0          0          0          6         0.00       0.76       0.00     19634.96      0     
 72916.00    12000       3000      15000        0          0          0          46        0.00       0.76       0.00     19634.96      0     
145832.00    12000       3000      15000        0          0          0          77        0.00       0.76       0.00     19634.96      0     
218748.00    12000       3000      15000        0          0          0          84        0.00       0.76       0.00     19634.96      0     
291664.00    12000       3000      15000        0          0          0          64        0.00       0.76       0.00     19634.96      0     
364580.00    12000       3000      15000        0          0          0         105        0.00       0.76       0.00     19634.96      0     
437496.00    12000       3000      15000        0          0          0          86        0.00       0.76       0.00     19634.96      0     
510412.00    12000       3000      15000        0          0          0          64        0.00       0.76       0.00     19634.96      0     
583328.00    12000       3000      15000        0          0          0         113        0.00       0.76       0.00     19634.96      0     
656244.00    12000       3000      15000        0          0          0         203        0.00       0.76       0.00     19634.96      0     
729160.00    12000       3000      15000        0          0          0         196        0.00       0.76       0.00     19634.96      0     
802076.00    12000       3000      15000        0          0          0         206        0.00       0.76       0.00     19634.96      0     
874992.00    12000       3000      15000        0          0          0          96        0.00       0.76       0.00     19634.96      0     
947908.00    12000       3000      15000        0          0          0         104        0.00       0.76       0.00     19634.96      0     
1020824.00   12000       3000      15000        0          0          0         209        0.00       0.76       0.00     19634.96      0     
1093740.00   12000       3000      15000        0          0          0         123        0.00       0.76       0.00     19634.96      0     
1166656.00   12000       3000      15000        0          0          0          84        0.00       0.76       0.00     19634.96      0     
1239572.00   12000       3000      15000        0          0          0         101        0.00       0.76       0.00     19634.96      0     
1312488.00   12000       3000      15000        0          0          0         164        0.00       0.76       0.00     19634.96      0     
1385404.00   12000       3000      15000        0          0          0         123        0.00       0.76       0.00     19634.96      0     
1458320.00   12000       3000      15000        0          0          0          85        0.00       0.76       0.00     19634.96      0     
1531236.00   12000       3000      15000        0          0          0         115        0.00       0.76       0.00     19634.96      0     
1604152.00   12000       3000      15000        0          0          0          71        0.00       0.76       0.00     19634.96      0     
1677068.00   12000       3000      15000        0          0          0          76        0.00       0.76       0.00     19634.96      0     
1749984.00   12000       3000      15000        0          0          0         149        0.00       0.76       0.00     19634.96      0     
1822900.00   12000       3000      15000        0          0          0         127        0.00       0.76       0.00     19634.96      0     
1895816.00   12000       3000      15000        0          0          0         102        0.00       0.76       0.00     19634.96      0     
1968732.00   12000       3000      15000        0          0          0          76        0.00       0.76       0.00     19634.96      0     
2041648.00   12000       3000      15000        0          0          0         115        0.00       0.76       0.00     19634.96      0     
2114564.00   12000       3000      15000        0          0          0          96        0.00       0.76       0.00     19634.96      0     
2187480.00   12000       3000      15000        0          0          0          72        0.00       0.76       0.00     19634.96      0     
2260396.00   12000       3000      15000        0          0          0         155        0.00       0.76       0.00     19634.96      0     
2333312.00   12000       3000      15000        0          0          0         132        0.00       0.76       0.00     19634.96      0     
2406228.00   12000       3000      15000        0          0          0         117        0.00       0.76       0.00     19634.96      0     
2479144.00   12000       3000      15000        0          0          0         124        0.00       0.76       0.00     19634.96      0     
2552060.00   12000       3000      15000        0          0          0          81        0.00       0.76       0.00     19634.96      0     
2624976.00   12000       3000      15000        0          0          0         128        0.00       0.76       0.00     19634.96      0     
2697892.00   12000       3000      15000        0          0          0         114        0.00       0.76       0.00     19634.96      0     
2770808.00   12000       3000      15000        0          0          0         121        0.00       0.76       0.00     19634.96      0     
2843724.00   12000       3000      15000        0          0          0         100        0.00       0.76       0.00     19634.96      0     
2916640.00   12000       3000      15000        0          0          0          61        0.00       0.76       0.00     19634.96      0     
2989556.00   12000       3000      15000        0          0          0         161        0.00       0.76       0.00     19634.96      0     
3062472.00   12000       3000      15000        0          0          0          65        0.00       0.76       0.00     19634.96      0     
3135388.00   12000       3000      15000        0          0          0         174        0.00       0.76       0.00     19634.96      0     
3208304.00   12000       3000      15000        0          0          0         196        0.00       0.76       0.00     19634.96      0     
3281220.00   12000       3000      15000        0          0          0         124        0.00       0.76       0.00     19634.96      0     
3354136.00   12000       3000      15000        0          0          0         122        0.00       0.76       0.00     19634.96      0     
3427052.00   12000       3000      15000        0          0          0         156        0.00       0.76       0.00     19634.96      0     
3499968.00   12000       3000      15000        0          0          0          97        0.00       0.76       0.00     19634.96      0     
3572884.00   12000       3000      15000        0          0          0          87        0.00       0.76       0.00     19634.96      0     
3645800.00   12000       3000      15000        0          0          0         135        0.00       0.76       0.00     19634.96      0     
3718716.00   12000       3000      15000        0          0          0          94        0.00       0.76       0.00     19634.96      0     
3791632.00   12000       3000      15000        0          0          0          82        0.00       0.76       0.00     19634.96      0     
3864548.00   12000       3000      15000        0          0          0         115        0.00       0.76       0.00     19634.96      0     
3937464.00   12000       3000      15000        0          0          0         114        0.00       0.76       0.00     19634.96      0     
4010380.00   12000       3000      15000        0          0          0         225        0.00       0.76       0.00     19634.96      0     
4083296.00   12000       3000      15000        0          0          0         185        0.00       0.76       0.00     19634.96      0     
4156212.00   12000       3000      15000        0          0          0         119        0.00       0.76       0.00     19634.96      0     
4229128.00   12000       3000      15000        0          0          0         111        0.00       0.76       0.00     19634.96      0     
4302044.00   12000       3000      15000        0          0          0         112        0.00       0.76       0.00     19634.96      0     
4374960.00   12000       3000      15000        0          0          0          75        0.00       0.76       0.00     19634.96      0     
4447876.00   12000       3000      15000        0          0          0          77        0.00       0.76       0.00     19634.96      0     
4520792.00   12000       3000      15000        0          0          0         274        0.00       0.76       0.00     19634.96      0     
4593708.00   12000       3000      15000        0          0          0          69        0.00       0.76       0.00     19634.96      0     
4666624.00   12000       3000      15000        0          0          0          75        0.00       0.76       0.00     19634.96      0     
4739540.00   12000       3000      15000        0          0          0          68        0.00       0.76       0.00     19634.96      0     
4812456.00   12000       3000      15000        0          0          0         106        0.00       0.76       0.00     19634.96      0     
4885372.00   12000       3000      15000        0          0          0          97        0.00       0.76       0.00     19634.96      0     
4958288.00   12000       3000      15000        0          0          0         143        0.00       0.76       0.00     19634.96      0     
5031204.00   12000       3000      15000        0          0          0         112        0.00       0.76       0.00     19634.96      0     
5104120.00   12000       3000      15000        0          0          0          87        0.00       0.76       0.00     19634.96      0     
5177036.00   12000       3000      15000        0          0          0          86        0.00       0.76       0.00     19634.96      0     
5249952.00   12000       3000      15000        0          0          0         124        0.00       0.76       0.00     19634.96      0     
5322868.00   12000       3000      15000        0          0          0         186        0.00       0.76       0.00     19634.96      0     
5395784.00   12000       3000      15000        0          0          0          62        0.00       0.76       0.00     19634.96      0     
5468700.00   12000       3000      15000        0          0          0         111        0.00       0.76       0.00     19634.96      0     
5541616.00   12000       3000      15000        0          0          0          80        0.00       0.76       0.00     19634.96      0     
5614532.00   12000       3000      15000        0          0          0          83        0.00       0.76       0.00     19634.96      0     
5687448.00   12000       3000      15000        0          0          0         122        0.00       0.76       0.00     19634.96      0     
5760364.00   12000       3000      15000        0          0          0          90        0.00       0.76       0.00     19634.96      0     
5833280.00   12000       3000      15000        0          0          0          57        0.00       0.76       0.00     19634.96      0     
5906196.00   12000       3000      15000        0          0          0          73        0.00       0.76       0.00     19634.96      0     
5979112.00   12000       3000      15000        0          0          0         141        0.00       0.76       0.00     19634.96      0     
6052028.00   12000       3000      15000        0          0          0         178        0.00       0.76       0.00     19634.96      0     
6124944.00   12000       3000      15000        0          0          0         114        0.00       0.76       0.00     19634.96      0     
6197860.00   12000       3000      15000        0          0          0          92        0.00       0.76       0.00     19634.96      0     
6270776.00   12000       3000      15000        0          0          0         110        0.00       0.76       0.00     19634.96      0     
6343692.00   12000       3000      15000        0          0          0         101        0.00       0.76       0.00     19634.96      0     
6416608.00   12000       3000      15000        0          0          0         172        0.00       0.76       0.00     19634.96      0     
6489524.00   12000       3000      15000        0          0          0          45        0.00       0.76       0.00     19634.96      0     
6562440.00   12000       3000      15000        0          0          0          67        0.00       0.76       0.00     19634.96      0     
6635356.00   12000       3000      15000        0          0          0          57        0.00       0.76       0.00     19634.96      0     
6708272.00   12000       3000      15000        0          0          0         176        0.00       0.76       0.00     19634.96      0     
6781188.00   12000       3000      15000        0          0          0         129        0.00       0.76       0.00     19634.96      0     
6854104.00   12000       3000      15000        0          0          0          95        0.00       0.76       0.00     19634.96      0     
6927020.00   12000       3000      15000        0          0          0         146        0.00       0.76       0.00     19634.96      0     
6999936.00   12000       3000      15000        0          0          0         224        0.00       0.76       0.00     19634.96      0     
7072852.00   12000       3000      15000        0          0          0         216        0.00       0.76       0.00     19634.96      0     
7145768.00   12000       3000      15000        0          0          0         204        0.00       0.76       0.00     19634.96      0     
7218684.00   12000       3000      15000        0          0          0         193        0.00       0.76       0.00     19634.96      0     
7291600.00   12000       3000      15000        0          0          0         102        0.00       0.76       0.00     19634.96      0     
7364516.00   12000       3000      15000        0          0          0         111        0.00       0.76       0.00     19634.96      0     
7437432.00   12000       3000      15000        0          0          0         106        0.00       0.76       0.00     19634.96      0     
7510348.00   12000       3000      15000        0          0          0         137        0.00       0.76       0.00     19634.96      0     
7583264.00   12000       3000      15000        0          0          0          90        0.00       0.76       0.00     19634.96      0     
7656180.00   12000       3000      15000        0          0          0         215        0.00       0.76       0.00     19634.96      0     
7729096.00   12000       3000      15000        0          0          0         150        0.00       0.76       0.00     19634.96      0     
7802012.00   12000       3000      15000        0          0          0         139        0.00       0.76       0.00     19634.96      0     
7874928.00   12000       3000      15000        0          0          0          61        0.00       0.76       0.00     19634.96      0     
7947844.00   12000       3000      15000        0          0          0         141        0.00       0.76       0.00     19634.96      0     
8020760.00   12000       3000      15000        0          0          0          79        0.00       0.76       0.00     19634.96      0     
8093676.00   12000       3000      15000        0          0          0          71        0.00       0.76       0.00     19634.96      0     
8166592.00   12000       3000      15000        0          0          0          78        0.00       0.76       0.00     19634.96      0     
8239508.00   12000       3000      15000        0          0          0          99        0.00       0.76       0.00     19634.96      0     
8312424.00   12000       3000      15000        0          0          0          99        0.00       0.76       0.00     19634.96      0     
8385340.00   12000       3000      15000        0          0          0         100        0.00       0.76       0.00     19634.96      0     
8458256.00   12000       3000      15000        0          0          0          79        0.00       0.76       0.00     19634.96      0     
8531172.00   12000       3000      15000        0          0          0          87        0.00       0.76       0.00     19634.96      0     
8604088.00   12000       3000      15000        0          0          0          81        0.00       0.76       0.00     19634.96      0     
8677004.00   12000       3000      15000        0          0          0         152        0.00       0.76       0.00     19634.96      0     
8749920.00   12000       3000      15000        0          0          0         195        0.00       0.76       0.00     19634.96      0     
8822836.00   12000       3000      15000        0          0          0         198        0.00       0.76       0.00     19634.96      0     
8895752.00   12000       3000      15000        0          0          0          82        0.00       0.76       0.00     19634.96      0     
8968668.00   12000       3000      15000        0          0          0          83        0.00       0.76       0.00     19634.96      0     
9041584.00   12000       3000      15000        0          0          0          83        0.00       0.76       0.00     19634.96      0     
9114500.00   12000       3000      15000        0          0          0         101        0.00       0.76       0.00     19634.96      0     
9187416.00   12000       3000      15000        0          0          0         193        0.00       0.76       0.00     19634.96      0     
9260332.00   12000       3000      15000        0          0          0         128        0.00       0.76       0.00     19634.96      0     
9333248.00   12000       3000      15000        0          0          0          76        0.00       0.76       0.00     19634.96      0     
9406164.00   12000       3000      15000        0          0          0          72        0.00       0.76       0.00     19634.96      0     
9479080.00   12000       3000      15000        0          0          0          68        0.00       0.76       0.00     19634.96      0     
9551996.00   12000       3000      15000        0          0          0          72        0.00       0.76       0.00     19634.96      0     
9624912.00   12000       3000      15000        0          0          0          74        0.00       0.76       0.00     19634.96      0     
9697828.00   12000       3000      15000        0          0          0          97        0.00       0.76       0.00     19634.96      0     
9770744.00   12000       3000      15000        0          0          0         128        0.00       0.76       0.00     19634.96      0     
9843660.00   12000       3000      15000        0          0          0          99        0.00       0.76       0.00     19634.96      0     
9916576.00   12000       3000      15000        0          0          0          87        0.00       0.76       0.00     19634.96      0     
9989492.00   12000       3000      15000        0          0          0          82        0.00       0.76       0.00     19634.96      0     
10062408.00   12000       3000      15000        0          0          0         205        0.00       0.76       0.00     19634.96      0     
10135324.00   12000       3000      15000        0          0          0          96        0.00       0.76       0.00     19634.96      0     
10208240.00   12000       3000      15000        0          0          0         113        0.00       0.76       0.00     19634.96      0     
10281156.00   12000       3000      15000        0          0          0         149        0.00       0.76       0.00     19634.96      0     
10354072.00   12000       3000      15000        0          0          0         123        0.00       0.76       0.00     19634.96      0     
10426988.00   12000       3000      15000        0          0          0         146        0.00       0.76       0.00     19634.96      0     
10499904.00   12000       3000      15000        0          0          0         122        0.00       0.76       0.00     19634.96      0     
10572820.00   12000       3000      15000        0          0          0          57        0.00       0.76       0.00     19634.96      0     
10645736.00   12000       3000      15000        0          0          0          95        0.00       0.76       0.00     19634.96      0     
10718652.00   12000       3000      15000        0          0          0         135        0.00       0.76       0.00     19634.96      0     
10791568.00   12000       3000      15000        0          0          0         145        0.00       0.76       0.00     19634.96      0     
10864484.00   12000       3000      15000        0          0          0         109        0.00       0.76       0.00     19634.96      0     
10937400.00   12000       3000      15000        0          0          0          95        0.00       0.76       0.00     19634.96      0     
11010316.00   12000       3000      15000        0          0          0         104        0.00       0.76       0.00     19634.96      0     
11083232.00   12000       3000      15000        0          0          0          81        0.00       0.76       0.00     19634.96      0     
11156148.00   12000       3000      15000        0          0          0         239        0.00       0.76       0.00     19634.96      0     
11229064.00   12000       3000      15000        0          0          0         116        0.00       0.76       0.00     19634.96      0     
11301980.00   12000       3000      15000        0          0          0         111        0.00       0.76       0.00     19634.96      0     
11374896.00   12000       3000      15000        0          0          0         168        0.00       0.76       0.00     19634.96      0     
11447812.00   12000       3000      15000        0          0          0          59        0.00       0.76       0.00     19634.96      0     
11520728.00   12000       3000      15000        0          0          0         108        0.00       0.76       0.00     19634.96      0     
11593644.00   12000       3000      15000        0          0          0         181        0.00       0.76       0.00     19634.96      0     
11666560.00   12000       3000      15000        0          0          0          82        0.00       0.76       0.00     19634.96      0     
11739476.00   12000       3000      15000        0          0          0         126        0.00       0.76       0.00     19634.96      0     
11812392.00   12000       3000      15000        0          0          0         124        0.00       0.76       0.00     19634.96      0     
11885308.00   12000       3000      15000        0          0          0         163        0.00       0.76       0.00     19634.96      0     
11958224.00   12000       3000      15000        0          0          0         108        0.00       0.76       0.00     19634.96      0     
12031140.00   12000       3000      15000        0          0          0         206        0.00       0.76       0.00     19634.96      0     
12104056.00   12000       3000      15000        0          0          0         136        0.00       0.76       0.00     19634.96      0     
12176972.00   12000       3000      15000        0          0          0         284        0.00       0.76       0.00     19634.96      0     
12249888.00   12000       3000      15000        0          0          0         180        0.00       0.76       0.00     19634.96      0     
12322804.00   12000       3000      15000        0          0          0          77        0.00       0.76       0.00     19634.96      0     
12395720.00   12000       3000      15000        0          0          0         132        0.00       0.76       0.00     19634.96      0     
12468636.00   12000       3000      15000        0          0          0         203        0.00       0.76       0.00     19634.96      0     
12541552.00   12000       3000      15000        0          0          0          88        0.00       0.76       0.00     19634.96      0     
12614468.00   12000       3000      15000        0          0          0          66        0.00       0.76       0.00     19634.96      0     
12687384.00   12000       3000      15000        0          0          0         103        0.00       0.76       0.00     19634.96      0     
12760300.00   12000       3000      15000        0          0          0         174        0.00       0.76       0.00     19634.96      0     
12833216.00   12000       3000      15000        0          0          0         106        0.00       0.76       0.00     19634.96      0     
12906132.00   12000       3000      15000        0          0          0         146        0.00       0.76       0.00     19634.96      0     
12979048.00   12000       3000      15000        0          0          0          95        0.00       0.76       0.00     19634.96      0     
13051964.00   12000       3000      15000        0          0          0         145        0.00       0.76       0.00     19634.96      0     
13124880.00   12000       3000      15000        0          0          0         172        0.00       0.76       0.00     19634.96      0     
13197796.00   12000       3000      15000        0          0          0          75        0.00       0.76       0.00     19634.96      0     
13270712.00   12000       3000      15000        0          0          0         214        0.00       0.76       0.00     19634.96      0     
13343628.00   12000       3000      15000        0          0          0         131        0.00       0.76       0.00     19634.96      0     
13416544.00   12000       3000      15000        0          0          0          91        0.00       0.76       0.00     19634.96      0     
13489460.00   12000       3000      15000        0          0          0         162        0.00       0.76       0.00     19634.96      0     
13562376.00   12000       3000      15000        0          0          0          85        0.00       0.76       0.00     19634.96      0     
13635292.00   12000       3000      15000        0          0          0         130        0.00       0.76       0.00     19634.96      0     
13708208.00   12000       3000      15000        0          0          0          93        0.00       0.76       0.00     19634.96      0     
13781124.00   12000       3000      15000        0          0          0          62        0.00       0.76       0.00     19634.96      0     
13854040.00   12000       3000      15000        0          0          0          94        0.00       0.76       0.00     19634.96      0     
13926956.00   12000       3000      15000        0          0          0         126        0.00       0.76       0.00     19634.96      0     
13999872.00   12000       3000      15000        0          0          0         197        0.00       0.76       0.00     19634.96      0     
14072788.00   12000       3000      15000        0          0          0          69        0.00       0.76       0.00     19634.96      0     
14145704.00   12000       3000      15000        0          0          0         238        0.00       0.76       0.00     19634.96      0     
14218620.00   12000       3000      15000        0          0          0          96        0.00       0.76       0.00     19634.96      0     
14291536.00   12000       3000      15000        0          0          0          95        0.00       0.76       0.00     19634.96      0     
14364452.00   12000       3000      15000        0          0          0         103        0.00       0.76       0.00     19634.96      0     
14437368.00   12000       3000      15000        0          0          0         185        0.00       0.76       0.00     19634.96      0     
14510284.00   12000       3000      15000        0          0          0         237        0.00       0.76       0.00     19634.96      0     
14583200.00   12000       3000      15000        0          0          0         199        0.00       0.76       0.00     19634.96      0     
14656116.00   12000       3000      15000        0          0          0         216        0.00       0.76       0.00     19634.96      0     
14729032.00   12000       3000      15000        0          0          0         161        0.00       0.76       0.00     19634.96      0     
14801948.00   12000       3000      15000        0          0          0         136        0.00       0.76       0.00     19634.96      0     
14874864.00   12000       3000      15000        0          0          0          85        0.00       0.76       0.00     19634.96      0     
14947780.00   12000       3000      15000        0          0          0          64        0.00       0.76       0.00     19634.96      0     
15020696.00   12000       3000      15000        0          0          0         160        0.00       0.76       0.00     19634.96      0     
15093612.00   12000       3000      15000        0          0          0         129        0.00       0.76       0.00     19634.96      0     
15166528.00   12000       3000      15000        0          0          0         105        0.00       0.76       0.00     19634.96      0     
15239444.00   12000       3000      15000        0          0          0          79        0.00       0.76       0.00     19634.96      0     
15312360.00   12000       3000      15000        0          0          0          77        0.00       0.76       0.00     19634.96      0     
15385276.00   12000       3000      15000        0          0          0         111        0.00       0.76       0.00     19634.96      0     
15458192.00   12000       3000      15000        0          0          0          87        0.00       0.76       0.00     19634.96      0     
15531108.00   12000       3000      15000        0          0          0          92        0.00       0.76       0.00     19634.96      0     
15604024.00   12000       3000      15000        0          0          0          79        0.00       0.76       0.00     19634.96      0     
15676940.00   12000       3000      15000        0          0          0          65        0.00       0.76       0.00     19634.96      0     
15749856.00   12000       3000      15000        0          0          0          77        0.00       0.76       0.00     19634.96      0     
15822772.00   12000       3000      15000        0          0          0          76        0.00       0.76       0.00     19634.96      0     
15895688.00   12000       3000      15000        0          0          0         127        0.00       0.76       0.00     19634.96      0     
15968604.00   12000       3000      15000        0          0          0         147        0.00       0.76       0.00     19634.96      0     
16041520.00   12000       3000      15000        0          0          0          88        0.00       0.76       0.00     19634.96      0     
16114436.00   12000       3000      15000        0          0          0          91        0.00       0.76       0.00     19634.96      0     
16187352.00   12000       3000      15000        0          0          0          71        0.00       0.76       0.00     19634.96      0     
16260268.00   12000       3000      15000        0          0          0          69        0.00       0.76       0.00     19634.96      0     
16333184.00   12000       3000      15000        0          0          0         152        0.00       0.76       0.00     19634.96      0     
16406100.00   12000       3000      15000        0          0          0          82        0.00       0.76       0.00     19634.96      0     
16479016.00   12000       3000      15000        0          0          0         103        0.00       0.76       0.00     19634.96      0     
16551932.00   12000       3000      15000        0          0          0         148        0.00       0.76       0.00     19634.96      0     
16624848.00   12000       3000      15000        0          0          0          75        0.00       0.76       0.00     19634.96      0     
16697764.00   12000       3000      15000        0          0          0         110        0.00       0.76       0.00     19634.96      0     
16770680.00   12000       3000      15000        0          0          0         102        0.00       0.76       0.00     19634.96      0     
16843596.00   12000       3000      15000        0          0          0         120        0.00       0.76       0.00     19634.96      0     
16916512.00   12000       3000      15000        0          0          0         120        0.00       0.76       0.00     19634.96      0     
16989428.00   12000       3000      15000        0          0          0         129        0.00       0.76       0.00     19634.96      0     
17062344.00   12000       3000      15000        0          0          0         106        0.00       0.76       0.00     19634.96      0     
17135260.00   12000       3000      15000        0          0          0          72        0.00       0.76       0.00     19634.96      0     
17208176.00   12000       3000      15000        0          0          0          64        0.00       0.76       0.00     19634.96      0     
17281092.00   12000       3000      15000        0          0          0         142        0.00       0.76       0.00     19634.96      0     
17354008.00   12000       3000      15000        0          0          0         216        0.00       0.76       0.00     19634.96      0     
17426924.00   12000       3000      15000        0          0          0         101        0.00       0.76       0.00     19634.96      0     
17499840.00   12000       3000      15000        0          0          0          85        0.00       0.76       0.00     19634.96      0     
17572756.00   12000       3000      15000        0          0          0         142        0.00       0.76       0.00     19634.96      0     
17645672.00   12000       3000      15000        0          0          0          84        0.00       0.76       0.00     19634.96      0     
17718588.00   12000       3000      15000        0          0          0         175        0.00       0.76       0.00     19634.96      0     
17791504.00   12000       3000      15000        0          0          0         112        0.00       0.76       0.00     19634.96      0     
17864420.00   12000       3000      15000        0          0          0         167        0.00       0.76       0.00     19634.96      0     
17937336.00   12000       3000      15000        0          0          0         174        0.00       0.76       0.00     19634.96      0     
18010252.00   12000       3000      15000        0          0          0         261        0.00       0.76       0.00     19634.96      0     
18083168.00   12000       3000      15000        0          0          0         172        0.00       0.76       0.00     19634.96      0     
18156084.00   12000       3000      15000        0          0          0          92        0.00       0.76       0.00     19634.96      0     
18229000.00   12000       3000      15000        0          0          0         118        0.00       0.76       0.00     19634.96      0     
18301916.00   12000       3000      15000        0          0          0         174        0.00       0.76       0.00     19634.96      0     
18374832.00   12000       3000      15000        0          0          0         163        0.00       0.76       0.00     19634.96      0     
18447748.00   12000       3000      15000        0          0          0         113        0.00       0.76       0.00     19634.96      0     
18520664.00   12000       3000      15000        0          0          0          65        0.00       0.76       0.00     19634.96      0     
18593580.00   12000       3000      15000        0          0          0          97        0.00       0.76       0.00     19634.96      0     
18666496.00   12000       3000      15000        0          0          0         139        0.00       0.76       0.00     19634.96      0     
18739412.00   12000       3000      15000        0          0          0          84        0.00       0.76       0.00     19634.96      0     
18812328.00   12000       3000      15000        0          0          0          64        0.00       0.76       0.00     19634.96      0     
18885244.00   12000       3000      15000        0          0          0          74        0.00       0.76       0.00     19634.96      0     
18958160.00   12000       3000      15000        0          0          0          84        0.00       0.76       0.00     19634.96      0     
19031076.00   12000       3000      15000        0          0          0          77        0.00       0.76       0.00     19634.96      0     
19103992.00   12000       3000      15000        0          0          0          92        0.00       0.76       0.00     19634.96      0     
19176908.00   12000       3000      15000        0          0          0          83        0.00       0.76       0.00     19634.96      0     
19249824.00   12000       3000      15000        0          0          0         150        0.00       0.76       0.00     19634.96      0     
19322740.00   12000       3000      15000        0          0          0         150        0.00       0.76       0.00     19634.96      0     
19395656.00   12000       3000      15000        0          0          0          70        0.00       0.76       0.00     19634.96      0     
19468572.00   12000       3000      15000        0          0          0         126        0.00       0.76       0.00     19634.96      0     
19541488.00   12000       3000      15000        0          0          0         302        0.00       0.76       0.00     19634.96      0     
19614404.00   12000       3000      15000        0          0          0         130        0.00       0.76       0.00     19634.96      0     
19687320.00   12000       3000      15000        0          0          0          80        0.00       0.76       0.00     19634.96      0     
19760236.00   12000       3000      15000        0          0          0          85        0.00       0.76       0.00     19634.96      0     
19833152.00   12000       3000      15000        0          0          0          86        0.00       0.76       0.00     19634.96      0     
19906068.00   12000       3000      15000        0          0          0         124        0.00       0.76       0.00     19634.96      0     
19978984.00   12000       3000      15000        0          0          0          89        0.00       0.76       0.00     19634.96      0     
20051900.00   12000       3000      15000        0          0          0         225        0.00       0.76       0.00     19634.96      0     
20124816.00   12000       3000      15000        0          0          0         110        0.00       0.76       0.00     19634.96      0     
20197732.00   12000       3000      15000        0          0          0         118        0.00       0.76       0.00     19634.96      0     
20270648.00   12000       3000      15000        0          0          0         140        0.00       0.76       0.00     19634.96      0     
20343564.00   12000       3000      15000        0          0          0         115        0.00       0.76       0.00     19634.96      0     
20416480.00   12000       3000      15000        0          0          0         104        0.00       0.76       0.00     19634.96      0     
20489396.00   12000       3000      15000        0          0          0          87        0.00       0.76       0.00     19634.96      0     
20562312.00   12000       3000      15000        0          0          0          72        0.00       0.76       0.00     19634.96      0     
20635228.00   12000       3000      15000        0          0          0         106        0.00       0.76       0.00     19634.96      0     
20708144.00   12000       3000      15000        0          0          0          85        0.00       0.76       0.00     19634.96      0     
20781060.00   12000       3000      15000        0          0          0          77        0.00       0.76       0.00     19634.96      0     
20853976.00   12000       3000      15000        0          0          0          75        0.00       0.76       0.00     19634.96      0     
20926892.00   12000       3000      15000        0          0          0          65        0.00       0.76       0.00     19634.96      0     
20999808.00   12000       3000      15000        0          0          0         209        0.00       0.76       0.00     19634.96      0     
21072724.00   12000       3000      15000        0          0          0         104        0.00       0.76       0.00     19634.96      0     
21145640.00   12000       3000      15000        0          0          0         134        0.00       0.76       0.00     19634.96      0     
21218556.00   12000       3000      15000        0          0          0         149        0.00       0.76       0.00     19634.96      0     
21291472.00   12000       3000      15000        0          0          0          77        0.00       0.76       0.00     19634.96      0     
21364388.00   12000       3000      15000        0          0          0          89        0.00       0.76       0.00     19634.96      0     
21437304.00   12000       3000      15000        0          0          0         213        0.00       0.76       0.00     19634.96      0     
21510220.00   12000       3000      15000        0          0          0         350        0.00       0.76       0.00     19634.96      0     
21583136.00   12000       3000      15000        0          0          0         127        0.00       0.76       0.00     19634.96      0     
21656052.00   12000       3000      15000        0          0          0         119        0.00       0.76       0.00     19634.96      0     
21728968.00   12000       3000      15000        0          0          0         102        0.00       0.76       0.00     19634.96      0     
21801884.00   12000       3000      15000        0          0          0         109        0.00       0.76       0.00     19634.96      0     
21874800.00   12000       3000      15000        0          0          0         157        0.00       0.76       0.00     19634.96      0     
21947716.00   12000       3000      15000        0          0          0          85        0.00       0.76       0.00     19634.96      0     
22020632.00   12000       3000      15000        0          0          0         113        0.00       0.76       0.00     19634.96      0     
22093548.00   12000       3000      15000        0          0          0         120        0.00       0.76       0.00     19634.96      0     
22166464.00   12000       3000      15000        0          0          0          57        0.00       0.76       0.00     19634.96      0     
22239380.00   12000       3000      15000        0          0          0          81        0.00       0.76       0.00     19634.96      0     
22312296.00   12000       3000      15000        0          0          0         122        0.00       0.76       0.00     19634.96      0     
22385212.00   12000       3000      15000        0          0          0          83        0.00       0.76       0.00     19634.96      0     
22458128.00   12000       3000      15000        0          0          0          76        0.00       0.76       0.00     19634.96      0     
22531044.00   12000       3000      15000        0          0          0          74        0.00       0.76       0.00     19634.96      0     
22603960.00   12000       3000      15000        0          0          0         111        0.00       0.76       0.00     19634.96      0     
22676876.00   12000       3000      15000        0          0          0          85        0.00       0.76       0.00     19634.96      0     
22749792.00   12000       3000      15000        0          0          0          62        0.00       0.76       0.00     19634.96      0     
22822708.00   12000       3000      15000        0          0          0          86        0.00       0.76       0.00     19634.96      0     
22895624.00   12000       3000      15000        0          0          0         148        0.00       0.76       0.00     19634.96      0     
22968540.00   12000       3000      15000        0          0          0         137        0.00       0.76       0.00     19634.96      0     
23041456.00   12000       3000      15000        0          0          0          66        0.00       0.76       0.00     19634.96      0     
23114372.00   12000       3000      15000        0          0          0          82        0.00       0.76       0.00     19634.96      0     
23187288.00   12000       3000      15000        0          0          0         104        0.00       0.76       0.00     19634.96      0     
23260204.00   12000       3000      15000        0          0          0         235        0.00       0.76       0.00     19634.96      0     
23333120.00   12000       3000      15000        0          0          0         115        0.00       0.76       0.00     19634.96      0     
23406036.00   12000       3000      15000        0          0          0          94        0.00       0.76       0.00     19634.96      0     
23478952.00   12000       3000      15000        0          0          0          92        0.00       0.76       0.00     19634.96      0     
23551868.00   12000       3000      15000        0          0          0         113        0.00       0.76       0.00     19634.96      0     
23624784.00   12000       3000      15000        0          0          0          70        0.00       0.76       0.00     19634.96      0     
23697700.00   12000       3000      15000        0          0          0         103        0.00       0.76       0.00     19634.96      0     
23770616.00   12000       3000      15000        0          0          0          92        0.00       0.76       0.00     19634.96      0     
23843532.00   12000       3000      15000        0          0          0          70        0.00       0.76       0.00     19634.96      0     
23916448.00   12000       3000      15000        0          0          0         181        0.00       0.76       0.00     19634.96      0     
23989364.00   12000       3000      15000        0          0          0          85        0.00       0.76       0.00     19634.96      0     
24062280.00   12000       3000      15000        0          0          0          81        0.00       0.76       0.00     19634.96      0     
24135196.00   12000       3000      15000        0          0          0          74        0.00       0.76       0.00     19634.96      0     
24208112.00   12000       3000      15000        0          0          0         187        0.00       0.76       0.00     19634.96      0     
24281028.00   12000       3000      15000        0          0          0         205        0.00       0.76       0.00     19634.96      0     
24353944.00   12000       3000      15000        0          0          0         133        0.00       0.76       0.00     19634.96      0     
24426860.00   12000       3000      15000        0          0          0          95        0.00       0.76       0.00     19634.96      0     
24499776.00   12000       3000      15000        0          0          0          71        0.00       0.76       0.00     19634.96      0     
24572692.00   12000       3000      15000        0          0          0         159        0.00       0.76       0.00     19634.96      0     
24645608.00   12000       3000      15000        0          0          0         150        0.00       0.76       0.00     19634.96      0     
24718524.00   12000       3000      15000        0          0          0         203        0.00       0.76       0.00     19634.96      0     
24791440.00   12000       3000      15000        0          0          0         218        0.00       0.76       0.00     19634.96      0     
24864356.00   12000       3000      15000        0          0          0         103        0.00       0.76       0.00     19634.96      0     
24937272.00   12000       3000      15000        0          0          0         171        0.00       0.76       0.00     19634.96      0     
25010188.00   12000       3000      15000        0          0          0         160        0.00       0.76       0.00     19634.96      0     
25083104.00   12000       3000      15000        0          0          0         133        0.00       0.76       0.00     19634.96      0     
25156020.00   12000       3000      15000        0          0          0         110        0.00       0.76       0.00     19634.96      0     
25228936.00   12000       3000      15000        0          0          0         133        0.00       0.76       0.00     19634.96      0     
25301852.00   12000       3000      15000        0          0          0         175        0.00       0.76       0.00     19634.96      0     
25374768.00   12000       3000      15000        0          0          0          87        0.00       0.76       0.00     19634.96      0     
25447684.00   12000       3000      15000        0          0          0         123        0.00       0.76       0.00     19634.96      0     
25520600.00   12000       3000      15000        0          0          0         143        0.00       0.76       0.00     19634.96      0     
25593516.00   12000       3000      15000        0          0          0          76        0.00       0.76       0.00     19634.96      0     
25666432.00   12000       3000      15000        0          0          0          67        0.00       0.76       0.00     19634.96      0     
25739348.00   12000       3000      15000        0          0          0         173        0.00       0.76       0.00     19634.96      0     
25812264.00   12000       3000      15000        0          0          0          88        0.00       0.76       0.00     19634.96      0     
25885180.00   12000       3000      15000        0          0          0          82        0.00       0.76       0.00     19634.96      0     
25958096.00   12000       3000      15000        0          0          0         137        0.00       0.76       0.00     19634.96      0     
26031012.00   12000       3000      15000        0          0          0          91        0.00       0.76       0.00     19634.96      0     
26103928.00   12000       3000      15000        0          0          0          89        0.00       0.76       0.00     19634.96      0     
26176844.00   12000       3000      15000        0          0          0          95        0.00       0.76       0.00     19634.96      0     
26249760.00   12000       3000      15000        0          0          0         133        0.00       0.76       0.00     19634.96      0     
26322676.00   12000       3000      15000        0          0          0          83        0.00       0.76       0.00     19634.96      0     
26395592.00   12000       3000      15000        0          0          0         207        0.00       0.76       0.00     19634.96      0     
26468508.00   12000       3000      15000        0          0          0         119        0.00       0.76       0.00     19634.96      0     
26541424.00   12000       3000      15000        0          0          0         101        0.00       0.76       0.00     19634.96      0     
26614340.00   12000       3000      15000        0          0          0         160        0.00       0.76       0.00     19634.96      0     
26687256.00   12000       3000      15000        0          0          0         190        0.00       0.76       0.00     19634.96      0     
26760172.00   12000       3000      15000        0          0          0         134        0.00       0.76       0.00     19634.96      0     
26833088.00   12000       3000      15000        0          0          0         123        0.00       0.76       0.00     19634.96      0     
26906004.00   12000       3000      15000        0          0          0          91        0.00       0.76       0.00     19634.96      0     
26978920.00   12000       3000      15000        0          0          0         151        0.00       0.76       0.00     19634.96      0     
27051836.00   12000       3000      15000        0          0          0         120        0.00       0.76       0.00     19634.96      0     
27124752.00   12000       3000      15000        0          0          0          77        0.00       0.76       0.00     19634.96      0     
27197668.00   12000       3000      15000        0          0          0          73        0.00       0.76       0.00     19634.96      0     
27270584.00   12000       3000      15000        0          0          0          66        0.00       0.76       0.00     19634.96      0     
27343500.00   12000       3000      15000        0          0          0         199        0.00       0.76       0.00     19634.96      0     
27416416.00   12000       3000      15000        0          0          0         162        0.00       0.76       0.00     19634.96      0     
27489332.00   12000       3000      15000        0          0          0          93        0.00       0.76       0.00     19634.96      0     
27562248.00   12000       3000      15000        0          0          0         209        0.00       0.76       0.00     19634.96      0     
27635164.00   12000       3000      15000        0          0          0          60        0.00       0.76       0.00     19634.96      0     
27708080.00   12000       3000      15000        0          0          0         118        0.00       0.76       0.00     19634.96      0     
27780996.00   12000       3000      15000        0          0          0          72        0.00       0.76       0.00     19634.96      0     
27853912.00   12000       3000      15000        0          0          0          83        0.00       0.76       0.00     19634.96      0     
27926828.00   12000       3000      15000        0          0          0          99        0.00       0.76       0.00     19634.96      0     
27999744.00   12000       3000      15000        0          0          0          77        0.00       0.76       0.00     19634.96      0     
28072660.00   12000       3000      15000        0          0          0          65        0.00       0.76       0.00     19634.96      0     
28145576.00   12000       3000      15000        0          0          0         106        0.00       0.76       0.00     19634.96      0     
28218492.00   12000       3000      15000        0          0          0         128        0.00       0.76       0.00     19634.96      0     
28291408.00   12000       3000      15000        0          0          0          81        0.00       0.76       0.00     19634.96      0     
28364324.00   12000       3000      15000        0          0          0          84        0.00       0.76       0.00     19634.96      0     
28437240.00   12000       3000      15000        0          0          0          71        0.00       0.76       0.00     19634.96      0     
28510156.00   12000       3000      15000        0          0          0         117        0.00       0.76       0.00     19634.96      0     
28583072.00   12000       3000      15000        0          0          0         185        0.00       0.76       0.00     19634.96      0     
28655988.00   12000       3000      15000        0          0          0          83        0.00       0.76       0.00     19634.96      0     
28728904.00   12000       3000      15000        0          0          0          94        0.00       0.76       0.00     19634.96      0     
28801820.00   12000       3000      15000        0          0          0          74        0.00       0.76       0.00     19634.96      0     
28874736.00   12000       3000      15000        0          0          0         175        0.00       0.76       0.00     19634.96      0     
28947652.00   12000       3000      15000        0          0          0         146        0.00       0.76       0.00     19634.96      0     
29020568.00   12000       3000      15000        0          0          0         114        0.00       0.76       0.00     19634.96      0     
29093484.00   12000       3000      15000        0          0          0         188        0.00       0.76       0.00     19634.96      0     
29166400.00   12000       3000      15000        0          0          0          96        0.00       0.76       0.00     19634.96      0     
