 Timestep    Gas_A      Gas_B     Gas_tot    Dense_A    Dense_B   Dense_tot   Lg_clust  DP_density GP_density Clust_area  Gas_area     MCS    
   0.00       4500      10500      15000        0          0          0          7         0.00       0.76       0.00     19634.96      0     
 52083.00     4500      10500      15000        0          0          0         168        0.00       0.76       0.00     19634.96      0     
104166.00     4500      10500      15000        0          0          0         397        0.00       0.76       0.00     19634.96      0     
156249.00     4500      10500      15000        0          0          0         313        0.00       0.76       0.00     19634.96      0     
208332.00     4500      10500      15000        0          0          0         458        0.00       0.76       0.00     19634.96      0     
260415.00     4500      10500      15000        0          0          0         548        0.00       0.76       0.00     19634.96      0     
312498.00     4106       9452      13558       394        1048       1442       1442       0.94       0.75     1527.64    18107.31     1442   
364581.00     4500      10500      15000        0          0          0         728        0.00       0.76       0.00     19634.96      0     
416664.00     4500      10500      15000        0          0          0         654        0.00       0.76       0.00     19634.96      0     
468747.00     4500      10500      15000        0          0          0         710        0.00       0.76       0.00     19634.96      0     
520830.00     4500      10500      15000        0          0          0         1000       0.00       0.76       0.00     19634.96      0     
572913.00     4500      10500      15000        0          0          0         865        0.00       0.76       0.00     19634.96      0     
624996.00     4500      10500      15000        0          0          0         807        0.00       0.76       0.00     19634.96      0     
677079.00     3651       8315      11966       849        2185       3034       3034       0.99       0.72     3078.19    16556.76     3034   
729162.00     3942       9023      12965       558        1477       2035       2035       0.99       0.74     2059.33    17575.63     2035   
781245.00     4148       9584      13732       352        916        1268       1268       1.01       0.75     1261.51    18373.44     1268   
833328.00     3845       8746      12591       655        1754       2409       1364       0.99       0.73     2435.90    17199.06     1204   
885411.00     4017       9247      13264       483        1253       1736       1736       0.98       0.74     1767.77    17867.18     1736   
937494.00     4096       9389      13485       404        1111       1515       1515       1.00       0.74     1521.35    18113.61     1515   
989577.00     3717       8480      12197       783        2020       2803       1562       0.99       0.73     2824.97    16809.98     1401   
1041660.00    4173       9619      13792       327        881        1208       1208       1.01       0.75     1194.71    18440.25     1208   
1093743.00    4088       9417      13505       412        1083       1495       1495       1.01       0.74     1485.54    18149.41     1495   
1145826.00    4169       9619      13788       331        881        1212       1212       1.04       0.75     1166.46    18468.50     1212   
1197909.00    4076       9341      13417       424        1159       1583       1583       1.00       0.74     1587.21    18047.74     1583   
1249992.00    3826       8735      12561       674        1765       2439       1417       1.02       0.73     2383.91    17251.04     1219   
1302075.00    3770       8608      12378       730        1892       2622       1479       1.01       0.73     2585.63    17049.32     1311   
1354158.00    3763       8638      12401       737        1862       2599       2599       1.01       0.73     2566.49    17068.46     2599   
1406241.00    4139       9589      13728       361        911        1272       1272       1.01       0.75     1258.27    18376.69     1272   
1458324.00    3840       8700      12540       660        1800       2460       1247       1.01       0.73     2439.34    17195.62     1230   
1510407.00    4172       9617      13789       328        883        1211       1211       1.01       0.75     1193.77    18441.19     1211   
1562490.00    3822       8663      12485       678        1837       2515       1309       1.01       0.73     2480.71    17154.24     1257   
1614573.00    3779       8564      12343       721        1936       2657       1356       1.01       0.73     2635.93    16999.03     1328   
1666656.00    3162       6945      10107       1338       3555       4893       2057       1.00       0.69     4886.25    14748.71     1631   
1718739.00    3906       8814      12720       594        1686       2280       1238       1.03       0.73     2221.99    17412.96     1140   
1770822.00    4183       9597      13780       317        903        1220       1220       1.06       0.75     1153.15    18481.80     1220   
1822905.00    3877       8731      12608       623        1769       2392       1279       1.04       0.73     2307.68    17327.27     1196   
1874988.00    3914       8874      12788       586        1626       2212       1182       1.04       0.73     2122.02    17512.94     1106   
1927071.00    3830       8608      12438       670        1892       2562       1512       1.02       0.73     2517.35    17117.60     1281   
1979154.00    4221       9681      13902       279        819        1098       1098       1.05       0.75     1041.86    18593.09     1098   
2031237.00    3808       8534      12342       692        1966       2658       1654       1.01       0.73     2632.88    17002.08     1329   
2083320.00    3816       8508      12324       684        1992       2676       1628       1.02       0.72     2627.96    17007.00     1338   
2135403.00    3533       7826      11359       967        2674       3641       1861       1.02       0.71     3561.19    16073.77     1820   
2187486.00    3486       7739      11225       1014       2761       3775       2122       1.03       0.70     3662.01    15972.95     1887   
2239569.00    4039       9191      13230       461        1309       1770       1770       1.05       0.74     1690.64    17944.31     1770   
2291652.00    3392       7383      10775       1108       3117       4225       1602       1.04       0.69     4079.88    15555.07     1408   
2343735.00    3752       8286      12038       748        2214       2962       1892       1.03       0.72     2884.22    16750.74     1481   
2395818.00    4060       9203      13263       440        1297       1737       1737       1.04       0.74     1668.16    17966.79     1737   
2447901.00    3440       7687      11127       1060       2813       3873       2046       1.01       0.70     3828.67    15806.28     1936   
2499984.00    3383       7471      10854       1117       3029       4146       1875       1.01       0.70     4103.36    15531.59     1382   
2552067.00    3392       7466      10858       1108       3034       4142       1818       1.02       0.70     4077.00    15557.96     1380   
2604150.00    3283       7206      10489       1217       3294       4511       1898       1.01       0.69     4483.65    15151.31     1503   
2656233.00    3353       7421      10774       1147       3079       4226       2159       1.01       0.70     4182.57    15452.38     1408   
2708316.00    3327       7333      10660       1173       3167       4340       2312       1.01       0.70     4297.07    15337.89     2170   
2760399.00    3228       7218      10446       1272       3282       4554       2477       1.01       0.69     4496.38    15138.58     2277   
2812482.00    3567       7989      11556       933        2511       3444       1978       1.04       0.71     3318.58    16316.38     1722   
2864565.00    3091       6710       9801       1409       3790       5199       1994       1.01       0.68     5130.40    14504.56     1733   
2916648.00    3272       7210      10482       1228       3290       4518       2608       1.03       0.69     4389.90    15245.06     2259   
2968731.00    3423       7650      11073       1077       2850       3927       2009       1.03       0.70     3823.56    15811.40     1963   
3020814.00    3317       7310      10627       1183       3190       4373       2549       1.03       0.69     4261.78    15373.17     2186   
3072897.00    3471       7591      11062       1029       2909       3938       2171       1.01       0.70     3887.15    15747.81     1969   
3124980.00    3500       7699      11199       1000       2801       3801       2108       1.01       0.71     3764.98    15869.97     1900   
3177063.00    3477       7690      11167       1023       2810       3833       2126       1.01       0.70     3786.49    15848.46     1916   
3229146.00    3610       8065      11675       890        2435       3325       1753       1.02       0.71     3267.61    16367.35     1662   
3281229.00    4080       9399      13479       420        1101       1521       1521       1.05       0.74     1445.03    18189.92     1521   
3333312.00    3625       8116      11741       875        2384       3259       1733       1.02       0.71     3204.56    16430.39     1629   
3385395.00    3693       8274      11967       807        2226       3033       3033       1.03       0.72     2957.49    16677.47     3033   
3437478.00    3239       7115      10354       1261       3385       4646       1807       1.01       0.69     4580.19    15054.77     1548   
3489561.00    3523       7845      11368       977        2655       3632       3632       1.02       0.71     3546.77    16088.19     3632   
3541644.00    3321       7321      10642       1179       3179       4358       2107       1.00       0.70     4349.42    15285.54     1452   
3593727.00    3362       7398      10760       1138       3102       4240       3122       1.01       0.70     4211.63    15423.32     2120   
3645810.00    3839       8670      12509       661        1830       2491       2491       1.02       0.73     2450.93    17184.02     2491   
3697893.00    3604       8083      11687       896        2417       3313       2186       1.01       0.71     3287.36    16347.60     1656   
3749976.00    3996       9140      13136       504        1360       1864       1864       1.05       0.74     1780.44    17854.51     1864   
3802059.00    3585       8010      11595       915        2490       3405       2397       1.01       0.71     3361.91    16273.04     1702   
3854142.00    3691       8365      12056       809        2135       2944       1844       1.02       0.72     2893.83    16741.13     1472   
3906225.00    3522       7882      11404       978        2618       3596       2552       1.00       0.71     3582.57    16052.38     1798   
3958308.00    3614       8021      11635       886        2479       3365       2270       0.99       0.72     3404.99    16229.97     1682   
4010391.00    3708       8244      11952       792        2256       3048       1568       0.99       0.72     3076.06    16558.90     1524   
4062474.00    3787       8457      12244       713        2043       2756       1561       0.99       0.73     2782.21    16852.75     1378   
4114557.00    3661       8270      11931       839        2230       3069       1772       0.99       0.72     3098.36    16536.60     1534   
4166640.00    4018       9115      13133       482        1385       1867       1867       0.99       0.74     1889.75    17745.20     1867   
4218723.00    4056       9295      13351       444        1205       1649       1649       1.01       0.74     1628.81    18006.14     1649   
4270806.00    3666       8287      11953       834        2213       3047       1531       1.00       0.72     3057.27    16577.68     1523   
4322889.00    4098       9373      13471       402        1127       1529       1529       1.01       0.74     1511.25    18123.71     1529   
4374972.00    3808       8563      12371       692        1937       2629       2629       0.99       0.73     2664.43    16970.52     2629   
4427055.00    3646       8052      11698       854        2448       3302       2012       1.00       0.72     3318.24    16316.72     1651   
4479138.00    4020       9212      13232       480        1288       1768       1768       1.01       0.74     1746.04    17888.92     1768   
4531221.00    4055       9271      13326       445        1229       1674       1674       1.02       0.74     1643.87    17991.08     1674   
4583304.00    4030       9263      13293       470        1237       1707       1707       1.02       0.74     1671.44    17963.52     1707   
4635387.00    4030       9210      13240       470        1290       1760       1760       1.03       0.74     1714.45    17920.50     1760   
4687470.00    3975       9084      13059       525        1416       1941       1941       1.00       0.74     1932.72    17702.24     1941   
4739553.00    3480       7810      11290       1020       2690       3710       2548       1.00       0.71     3693.12    15941.84     1855   
4791636.00    3685       8393      12078       815        2107       2922       1849       1.02       0.72     2862.78    16772.17     1461   
4843719.00    4017       9179      13196       483        1321       1804       1804       1.04       0.74     1742.86    17892.09     1804   
4895802.00    3773       8511      12284       727        1989       2716       1676       1.04       0.72     2616.47    17018.49     1358   
4947885.00    3670       8306      11976       830        2194       3024       1739       1.02       0.72     2960.25    16674.70     1512   
4999968.00    4016       9153      13169       484        1347       1831       1831       1.02       0.74     1790.06    17844.90     1831   
5052051.00    3331       7208      10539       1169       3292       4461       3261       1.01       0.69     4398.68    15236.27     2230   
5104134.00    3686       8147      11833       814        2353       3167       1956       1.01       0.72     3145.82    16489.13     1583   
5156217.00    3675       8204      11879       825        2296       3121       3121       1.01       0.72     3084.79    16550.17     3121   
5208300.00    3674       8183      11857       826        2317       3143       2044       0.99       0.72     3159.16    16475.79     1571   
5260383.00    3649       8120      11769       851        2380       3231       1175       0.99       0.72     3259.81    16375.14     1077   
5312466.00    3718       8280      11998       782        2220       3002       3002       0.99       0.72     3032.34    16602.61     3002   
5364549.00    4019       9151      13170       481        1349       1830       1830       1.03       0.74     1785.24    17849.71     1830   
5416632.00    3845       8672      12517       655        1828       2483       2483       1.01       0.73     2464.26    17170.69     2483   
5468715.00    3917       8901      12818       583        1599       2182       2182       1.01       0.73     2153.46    17481.50     2182   
5520798.00    3886       8842      12728       614        1658       2272       2272       1.01       0.73     2243.40    17391.55     2272   
5572881.00    3867       8702      12569       633        1798       2431       2431       1.00       0.73     2429.92    17205.03     2431   
5624964.00    3782       8562      12344       718        1938       2656       2656       1.00       0.73     2657.24    16977.71     2656   
5677047.00    3523       7867      11390       977        2633       3610       3610       1.00       0.71     3602.97    16031.98     3610   
5729130.00    3476       7786      11262       1024       2714       3738       3738       1.01       0.71     3710.72    15924.23     3738   
5781213.00    3539       7875      11414       961        2625       3586       3586       1.00       0.71     3595.02    16039.93     3586   
5833296.00    3609       8047      11656       891        2453       3344       2307       1.00       0.72     3335.94    16299.02     1672   
5885379.00    3798       8530      12328       702        1970       2672       2672       1.02       0.72     2628.95    17006.01     2672   
5937462.00    3675       8177      11852       825        2323       3148       3148       1.02       0.72     3096.26    16538.69     3148   
5989545.00    3412       7498      10910       1088       3002       4090       4090       1.01       0.70     4055.49    15579.46     4090   
6041628.00    3333       7216      10549       1167       3284       4451       4451       1.02       0.69     4375.08    15259.88     4451   
6093711.00    3354       7256      10610       1146       3244       4390       2797       1.03       0.69     4276.72    15358.23     2195   
6145794.00    3343       7247      10590       1157       3253       4410       4410       1.03       0.69     4277.65    15357.30     4410   
6197877.00    3598       8100      11698       902        2400       3302       1703       1.04       0.71     3186.02    16448.93     1651   
6249960.00    3242       6934      10176       1258       3566       4824       4824       1.03       0.68     4678.07    14956.88     4824   
6302043.00    3424       7443      10867       1076       3057       4133       4133       1.03       0.70     4002.72    15632.23     4133   
6354126.00    3301       7211      10512       1199       3289       4488       4488       1.02       0.69     4395.43    15239.53     4488   
6406209.00    3347       7441      10788       1153       3059       4212       4212       1.02       0.70     4141.09    15493.86     4212   
6458292.00    3496       7704      11200       1004       2796       3800       1478       1.01       0.71     3767.72    15867.24     1266   
6510375.00    3596       7938      11534       904        2562       3466       3466       1.00       0.71     3454.64    16180.32     3466   
6562458.00    3462       7678      11140       1038       2822       3860       1536       1.01       0.70     3824.14    15810.82     1286   
6614541.00    3441       7677      11118       1059       2823       3882       2352       1.00       0.71     3869.56    15765.40     1941   
6666624.00    3669       8388      12057       831        2112       2943       1507       1.01       0.72     2927.52    16707.43     1471   
6718707.00    3456       7727      11183       1044       2773       3817       1553       1.00       0.71     3835.29    15799.67     1272   
6770790.00    3407       7621      11028       1093       2879       3972       2504       1.01       0.70     3938.41    15696.55     1986   
6822873.00    3676       8240      11916       824        2260       3084       1562       1.00       0.72     3074.99    16559.97     1542   
6874956.00    3768       8416      12184       732        2084       2816       1438       1.02       0.72     2767.80    16867.16     1408   
6927039.00    4099       9379      13478       401        1121       1522       1522       1.01       0.74     1499.54    18135.42     1522   
6979122.00    3617       8158      11775       883        2342       3225       1995       1.00       0.72     3217.42    16417.54     1612   
7031205.00    4062       9307      13369       438        1193       1631       1631       1.02       0.74     1601.77    18033.18     1631   
7083288.00    3511       7797      11308       989        2703       3692       1867       1.02       0.71     3614.31    16020.65     1846   
7135371.00    3076       6715       9791       1424       3785       5209       2257       1.01       0.68     5162.58    14472.38     1736   
7187454.00    3326       7336      10662       1174       3164       4338       2967       1.01       0.69     4277.96    15356.99     2169   
7239537.00    3224       7027      10251       1276       3473       4749       4749       1.00       0.69     4738.22    14896.73     4749   
7291620.00    3645       8119      11764       855        2381       3236       1953       1.00       0.72     3231.77    16403.19     1618   
7343703.00    3686       8344      12030       814        2156       2970       1793       0.99       0.72     2987.18    16647.78     1485   
7395786.00    3417       7565      10982       1083       2935       4018       2070       0.99       0.70     4047.33    15587.62     2009   
7447869.00    3418       7494      10912       1082       3006       4088       2328       1.00       0.70     4083.17    15551.79     2044   
7499952.00    3738       8428      12166       762        2072       2834       1588       1.01       0.72     2819.79    16815.16     1417   
7552035.00    3416       7510      10926       1084       2990       4074       2454       0.99       0.70     4116.97    15517.99     2037   
7604118.00    3782       8533      12315       718        1967       2685       1520       1.01       0.72     2645.51    16989.45     1342   
7656201.00    3588       7949      11537       912        2551       3463       1910       1.01       0.71     3442.44    16192.51     1731   
7708284.00    3489       7744      11233       1011       2756       3767       2198       1.00       0.71     3752.14    15882.82     1883   
7760367.00    3465       7701      11166       1035       2799       3834       2529       1.01       0.71     3810.31    15824.65     1917   
7812450.00    3387       7494      10881       1113       3006       4119       2609       1.00       0.70     4133.09    15501.87     2059   
7864533.00    3723       8357      12080       777        2143       2920       1765       1.01       0.72     2904.17    16730.79     1460   
7916616.00    3698       8364      12062       802        2136       2938       1552       1.00       0.72     2937.68    16697.28     1469   
7968699.00    3865       8813      12678       635        1687       2322       1264       1.02       0.73     2276.74    17358.22     1161   
8020782.00    3879       8844      12723       621        1656       2277       1199       1.01       0.73     2248.72    17386.24     1138   
8072865.00    3699       8426      12125       801        2074       2875       1714       1.01       0.72     2852.77    16782.18     1437   
8124948.00    3883       8787      12670       617        1713       2330       1288       1.00       0.73     2339.76    17295.19     1165   
8177031.00    3463       7654      11117       1037       2846       3883       1468       1.00       0.71     3870.84    15764.12     1294   
8229114.00    3666       8227      11893       834        2273       3107       1740       1.00       0.72     3091.79    16543.16     1553   
8281197.00    4166       9646      13812       334        854        1188       1188       1.02       0.75     1164.90    18470.06     1188   
8333280.00    3709       8368      12077       791        2132       2923       1620       1.00       0.72     2932.75    16702.20     1461   
8385363.00    3799       8521      12320       701        1979       2680       1371       1.00       0.73     2691.37    16943.59     1340   
8437446.00    3432       7640      11072       1068       2860       3928       3928       1.00       0.70     3911.87    15723.09     3928   
8489529.00    3787       8532      12319       713        1968       2681       1564       1.00       0.73     2667.67    16967.29     1340   
8541612.00    3781       8598      12379       719        1902       2621       1531       1.01       0.73     2604.54    17030.41     1310   
8593695.00    4500      10500      15000        0          0          0         922        0.00       0.76       0.00     19634.96      0     
8645778.00    3795       8606      12401       705        1894       2599       2599       1.01       0.73     2576.24    17058.71     2599   
8697861.00    3795       8513      12308       705        1987       2692       1685       1.00       0.73     2704.78    16930.17     1346   
8749944.00    3722       8476      12198       778        2024       2802       1716       1.00       0.72     2791.72    16843.24     1401   
8802027.00    3689       8421      12110       811        2079       2890       1785       1.00       0.72     2904.39    16730.56     1445   
8854110.00    3967       9160      13127       533        1340       1873       1873       1.01       0.74     1862.89    17772.06     1873   
8906193.00    3906       8981      12887       594        1519       2113       2113       1.00       0.74     2111.64    17523.31     2113   
8958276.00    3322       7484      10806       1178       3016       4194       2203       0.99       0.70     4256.02    15378.93     2097   
9010359.00    4152       9629      13781       348        871        1219       1219       0.97       0.75     1255.67    18379.28     1219   
9062442.00    4500      10500      15000        0          0          0         802        0.00       0.76       0.00     19634.96      0     
9114525.00    3759       8506      12265       741        1994       2735       1658       1.01       0.72     2703.14    16931.82     1367   
9166608.00    4050       9243      13293       450        1257       1707       1707       1.00       0.74     1703.05    17931.91     1707   
9218691.00    3871       8840      12711       629        1660       2289       1180       0.99       0.73     2309.22    17325.74     1144   
9270774.00    3967       8999      12966       533        1501       2034       1018       1.02       0.74     2002.84    17632.11     1017   
9322857.00    3322       7309      10631       1178       3191       4369       1928       1.00       0.70     4367.56    15267.39     1456   
9374940.00    3485       7846      11331       1015       2654       3669       3669       1.00       0.71     3675.01    15959.95     3669   
9427023.00    3858       8847      12705       642        1653       2295       1164       1.01       0.73     2267.03    17367.93     1147   
9479106.00    3551       7954      11505       949        2546       3495       1195       0.99       0.71     3536.86    16098.10     1165   
9531189.00    3704       8250      11954       796        2250       3046       1843       0.99       0.72     3067.47    16567.48     1523   
9583272.00    3175       6975      10150       1325       3525       4850       2138       0.98       0.69     4940.71    14694.25     1616   
9635355.00    4193       9684      13877       307        816        1123       1123       0.98       0.75     1148.07    18486.89     1123   
9687438.00    3598       7987      11585       902        2513       3415       1212       0.99       0.72     3466.65    16168.31     1138   
9739521.00    4195       9670      13865       305        830        1135       1135       0.97       0.75     1174.10    18460.85     1135   
9791604.00    3389       7352      10741       1111       3148       4259       1843       0.98       0.70     4349.11    15285.85     1419   
9843687.00    3881       8725      12606       619        1775       2394       2394       0.99       0.73     2411.65    17223.31     2394   
9895770.00    3762       8534      12296       738        1966       2704       1606       0.98       0.73     2749.55    16885.40     1352   
9947853.00    4500      10500      15000        0          0          0         977        0.00       0.76       0.00     19634.96      0     
9999936.00    3644       8251      11895       856        2249       3105       1052       0.98       0.72     3178.88    16456.08     1035   
10052019.00    4037       9255      13292       463        1245       1708       1708       0.98       0.74     1745.40    17889.55     1708   
10104102.00    4213       9648      13861       287        852        1139       1139       0.97       0.75     1169.56    18465.40     1139   
10156185.00    4500      10500      15000        0          0          0         898        0.00       0.76       0.00     19634.96      0     
10208268.00    4201       9752      13953       299        748        1047       1047       1.00       0.75     1047.56    18587.39     1047   
10260351.00    3660       8147      11807       840        2353       3193       1093       1.01       0.72     3172.22    16462.74     1064   
10312434.00    3704       8288      11992       796        2212       3008       1973       0.99       0.72     3041.53    16593.43     1504   
10364517.00    3814       8678      12492       686        1822       2508       1432       0.99       0.73     2543.41    17091.54     1254   
10416600.00    4147       9578      13725       353        922        1275       1275       0.98       0.75     1296.19    18338.77     1275   
10468683.00    4154       9543      13697       346        957        1303       1303       1.00       0.75     1308.10    18326.86     1303   
10520766.00    3660       8258      11918       840        2242       3082       2045       1.00       0.72     3071.75    16563.20     1541   
10572849.00    3833       8691      12524       667        1809       2476       2476       1.01       0.73     2462.20    17172.76     2476   
10624932.00    3931       9013      12944       569        1487       2056       2056       1.00       0.74     2053.24    17581.71     2056   
10677015.00    3802       8556      12358       698        1944       2642       1581       1.01       0.73     2609.80    17025.16     1321   
10729098.00    3642       8184      11826       858        2316       3174       1912       1.01       0.72     3148.05    16486.90     1587   
10781181.00    3191       6966      10157       1309       3534       4843       3058       1.01       0.68     4784.05    14850.91     2421   
10833264.00    3437       7577      11014       1063       2923       3986       2253       1.02       0.70     3917.40    15717.55     1993   
10885347.00    2957       6324       9281       1543       4176       5719       3146       1.02       0.66     5612.12    14022.84     2859   
10937430.00    3076       6702       9778       1424       3798       5222       2666       1.01       0.67     5147.05    14487.90     2611   
10989513.00    3104       6785       9889       1396       3715       5111       2558       1.02       0.68     5027.70    14607.25     2555   
11041596.00    2986       6420       9406       1514       4080       5594       2953       1.02       0.67     5495.45    14139.51     1864   
11093679.00    3605       7989      11594       895        2511       3406       1821       1.01       0.71     3387.38    16247.57     1703   
11145762.00    3267       7267      10534       1233       3233       4466       1823       1.02       0.69     4385.13    15249.82     1488   
11197845.00    3439       7781      11220       1061       2719       3780       1927       1.02       0.70     3691.98    15942.98     1890   
11249928.00    3202       7103      10305       1298       3397       4695       3046       1.02       0.69     4598.27    15036.68     2347   
11302011.00    3544       7846      11390       956        2654       3610       1834       1.03       0.71     3520.55    16114.40     1805   
11354094.00    3407       7530      10937       1093       2970       4063       2059       1.01       0.70     4025.55    15609.41     2031   
11406177.00    3326       7329      10655       1174       3171       4345       2562       1.01       0.69     4284.57    15350.38     2172   
11458260.00    2969       6394       9363       1531       4106       5637       3225       1.02       0.66     5543.38    14091.57     1879   
11510343.00    2838       6049       8887       1662       4451       6113       3462       1.01       0.65     6047.78    13587.17     2037   
11562426.00    3281       7175      10456       1219       3325       4544       2256       1.02       0.69     4453.79    15181.17     1514   
11614509.00    3633       8060      11693       867        2440       3307       2132       1.04       0.71     3194.63    16440.32     1653   
11666592.00    3214       7071      10285       1286       3429       4715       1992       1.02       0.69     4634.17    15000.79     1571   
11718675.00    3211       7045      10256       1289       3455       4744       2025       1.02       0.68     4655.21    14979.74     1581   
11770758.00    3215       7031      10246       1285       3469       4754       2009       1.02       0.68     4676.37    14958.59     1584   
11822841.00    3067       6681       9748       1433       3819       5252       2137       1.01       0.67     5188.18    14446.77     1750   
11874924.00    3463       7733      11196       1037       2767       3804       2080       1.02       0.70     3731.64    15903.31     1902   
11927007.00    3608       8183      11791       892        2317       3209       2180       1.01       0.72     3166.06    16468.89     1604   
11979090.00    3641       8149      11790       859        2351       3210       2108       1.02       0.72     3161.81    16473.14     1605   
12031173.00    3064       6730       9794       1436       3770       5206       2131       1.00       0.68     5189.06    14445.90     1735   
12083256.00    3170       7000      10170       1330       3500       4830       2047       1.00       0.69     4820.62    14814.34     1610   
12135339.00    3187       7038      10225       1313       3462       4775       2402       1.00       0.69     4785.02    14849.93     1591   
12187422.00    3380       7443      10823       1120       3057       4177       1641       1.01       0.70     4117.42    15517.53     1392   
12239505.00    3238       7054      10292       1262       3446       4708       2067       1.01       0.69     4665.94    14969.02     1569   
12291588.00    3551       7935      11486       949        2565       3514       1946       1.00       0.71     3512.24    16122.71     1757   
12343671.00    3298       7297      10595       1202       3203       4405       1622       1.02       0.69     4322.53    15312.42     1468   
12395754.00    3178       7024      10202       1322       3476       4798       1964       1.00       0.69     4779.00    14855.96     1599   
12447837.00    3486       7841      11327       1014       2659       3673       1850       1.01       0.71     3643.01    15991.95     1836   
12499920.00    3538       7888      11426       962        2612       3574       1810       1.01       0.71     3542.68    16092.28     1787   
12552003.00    4020       9211      13231       480        1289       1769       1769       1.00       0.74     1768.68    17866.28     1769   
12604086.00    3264       7110      10374       1236       3390       4626       1787       1.01       0.69     4567.43    15067.52     1542   
12656169.00    3741       8427      12168       759        2073       2832       1767       1.03       0.72     2758.67    16876.29     1416   
12708252.00    3591       8054      11645       909        2446       3355       2009       1.01       0.71     3328.14    16306.82     1677   
12760335.00    3314       7250      10564       1186       3250       4436       1734       1.00       0.70     4444.86    15190.10     1478   
12812418.00    3513       7870      11383       987        2630       3617       1364       1.02       0.71     3530.79    16104.17     1205   
12864501.00    3149       6758       9907       1351       3742       5093       2107       1.01       0.68     5056.46    14578.49     1697   
12916584.00    3429       7624      11053       1071       2876       3947       2644       1.01       0.70     3899.73    15735.22     1973   
12968667.00    3150       6953      10103       1350       3547       4897       3398       1.01       0.68     4850.41    14784.55     2448   
13020750.00    3343       7437      10780       1157       3063       4220       1441       1.01       0.70     4166.53    15468.43     1406   
13072833.00    3272       7099      10371       1228       3401       4629       2192       1.02       0.69     4558.61    15076.35     1543   
13124916.00    3254       7045      10299       1246       3455       4701       1884       1.02       0.69     4615.23    15019.72     1567   
13176999.00    3254       7023      10277       1246       3477       4723       1801       1.02       0.69     4632.10    15002.85     1574   
13229082.00    2961       6154       9115       1539       4346       5885       3274       1.01       0.66     5816.80    13818.16     1961   
13281165.00    3174       6751       9925       1326       3749       5075       1902       1.01       0.68     5021.96    14612.99     1691   
13333248.00    2924       6295       9219       1576       4205       5781       2445       1.01       0.66     5734.46    13900.50     1927   
13385331.00    2962       6418       9380       1538       4082       5620       1785       1.01       0.67     5541.51    14093.44     1405   
13437414.00    3037       6607       9644       1463       3893       5356       2373       1.02       0.67     5248.21    14386.74     1785   
13489497.00    2986       6449       9435       1514       4051       5565       2472       1.01       0.67     5514.93    14120.02     1855   
13541580.00    3357       7462      10819       1143       3038       4181       1692       1.03       0.69     4054.54    15580.41     1393   
13593663.00    3370       7490      10860       1130       3010       4140       1489       1.02       0.70     4065.49    15569.47     1380   
13645746.00    3225       7021      10246       1275       3479       4754       1735       1.01       0.69     4714.37    14920.58     1584   
13697829.00    2970       6344       9314       1530       4156       5686       4214       1.01       0.66     5613.89    14021.07     2843   
13749912.00    2864       6161       9025       1636       4339       5975       1866       1.01       0.66     5908.39    13726.56     1493   
13801995.00    2965       6439       9404       1535       4061       5596       2965       1.02       0.67     5495.52    14139.44     1865   
13854078.00    3325       7260      10585       1175       3240       4415       1620       1.03       0.69     4288.30    15346.65     1471   
13906161.00    2993       6357       9350       1507       4143       5650       1625       1.01       0.67     5600.60    14034.36     1412   
13958244.00    3046       6608       9654       1454       3892       5346       1488       1.02       0.67     5228.25    14406.70     1336   
14010327.00    2965       6335       9300       1535       4165       5700       2981       1.01       0.66     5630.15    14004.81     1900   
14062410.00    2888       6234       9122       1612       4266       5878       3162       1.01       0.66     5800.75    13834.21     1959   
14114493.00    2826       5956       8782       1674       4544       6218       3408       1.02       0.65     6117.22    13517.73     2072   
14166576.00    2900       6153       9053       1600       4347       5947       2311       1.02       0.66     5813.70    13821.26     1486   
14218659.00    2863       6080       8943       1637       4420       6057       4895       1.02       0.65     5940.14    13694.82     3028   
14270742.00    2878       6182       9060       1622       4318       5940       4861       1.02       0.66     5835.90    13799.06     2970   
14322825.00    3255       7013      10268       1245       3487       4732       2147       1.03       0.68     4583.15    15051.80     1577   
14374908.00    3253       7017      10270       1247       3483       4730       3693       1.04       0.68     4567.58    15067.38     2365   
14426991.00    3114       6615       9729       1386       3885       5271       3911       1.02       0.67     5143.94    14491.02     2635   
14479074.00    2915       6169       9084       1585       4331       5916       2674       1.03       0.66     5770.24    13864.71     1972   
14531157.00    3174       6812       9986       1326       3688       5014       3731       1.02       0.68     4897.95    14737.01     2507   
14583240.00    3208       7135      10343       1292       3365       4657       4657       1.02       0.69     4546.68    15088.28     4657   
14635323.00    3101       6848       9949       1399       3652       5051       5051       1.02       0.68     4954.87    14680.09     5051   
14687406.00    3235       7174      10409       1265       3326       4591       3532       1.03       0.69     4456.42    15178.53     2295   
14739489.00    3118       6782       9900       1382       3718       5100       5100       1.03       0.67     4946.56    14688.40     5100   
14791572.00    2800       5938       8738       1700       4562       6262       3596       1.01       0.65     6191.56    13443.39     2087   
14843655.00    3181       6906      10087       1319       3594       4913       3446       1.02       0.68     4837.77    14797.19     2456   
14895738.00    3600       8239      11839       900        2261       3161       3161       1.03       0.71     3072.89    16562.07     3161   
14947821.00    3187       7019      10206       1313       3481       4794       3677       1.02       0.68     4704.89    14930.07     2397   
14999904.00    3119       6872       9991       1381       3628       5009       2753       1.01       0.68     4966.09    14668.86     1669   
15051987.00    3098       6814       9912       1402       3686       5088       3037       1.01       0.68     5023.51    14611.45     2544   
15104070.00    3543       8016      11559       957        2484       3441       3441       1.01       0.71     3409.10    16225.86     3441   
15156153.00    3445       7805      11250       1055       2695       3750       3750       1.00       0.71     3741.06    15893.89     3750   
15208236.00    3466       7889      11355       1034       2611       3645       3645       1.01       0.71     3622.86    16012.10     3645   
15260319.00    3617       8094      11711       883        2406       3289       3289       1.02       0.71     3228.73    16406.23     3289   
15312402.00    3556       7980      11536       944        2520       3464       2328       1.00       0.71     3449.46    16185.49     1732   
15364485.00    3708       8285      11993       792        2215       3007       1887       1.01       0.72     2973.93    16661.03     1503   
15416568.00    3139       7000      10139       1361       3500       4861       1959       0.99       0.69     4889.41    14745.55     1620   
15468651.00    3277       7314      10591       1223       3186       4409       1815       1.01       0.69     4378.02    15256.94     1469   
15520734.00    3047       6727       9774       1453       3773       5226       2285       1.00       0.68     5200.45    14434.51     1742   
15572817.00    3202       7140      10342       1298       3360       4658       3586       1.01       0.69     4617.20    15017.75     2329   
15624900.00    3296       7288      10584       1204       3212       4416       1743       1.00       0.70     4414.88    15220.07     1472   
15676983.00    3005       6674       9679       1495       3826       5321       2701       1.00       0.68     5336.57    14298.39     1773   
15729066.00    3256       7353      10609       1244       3147       4391       4391       0.99       0.70     4414.61    15220.35     4391   
15781149.00    3805       8642      12447       695        1858       2553       1363       1.03       0.73     2469.99    17164.97     1276   
15833232.00    3549       7820      11369       951        2680       3631       2582       1.02       0.71     3572.29    16062.67     1815   
15885315.00    3236       7075      10311       1264       3425       4689       3458       1.02       0.69     4584.16    15050.80     2344   
15937398.00    3197       7020      10217       1303       3480       4783       3470       1.02       0.68     4671.54    14963.42     2391   
15989481.00    3360       7437      10797       1140       3063       4203       1678       1.02       0.70     4117.07    15517.88     1401   
16041564.00    3417       7542      10959       1083       2958       4041       1607       1.03       0.70     3927.67    15707.29     1347   
16093647.00    3105       6786       9891       1395       3714       5109       2451       1.02       0.68     4997.45    14637.51     1703   
16145730.00    3248       7026      10274       1252       3474       4726       2445       1.03       0.68     4604.75    15030.20     1575   
16197813.00    2922       6345       9267       1578       4155       5733       4626       1.02       0.66     5617.61    14017.34     2866   
16249896.00    3083       6799       9882       1417       3701       5118       3902       1.02       0.68     5006.68    14628.28     2559   
16301979.00    2873       6121       8994       1627       4379       6006       4726       1.01       0.66     5935.24    13699.71     3003   
16354062.00    3222       7105      10327       1278       3395       4673       3410       1.03       0.68     4552.13    15082.83     2336   
16406145.00    2880       6257       9137       1620       4243       5863       4391       1.02       0.66     5736.89    13898.06     2931   
16458228.00    2835       6074       8909       1665       4426       6091       4478       1.02       0.65     5998.35    13636.60     3045   
16510311.00    3139       7014      10153       1361       3486       4847       3435       1.02       0.68     4749.02    14885.93     2423   
16562394.00    2867       6076       8943       1633       4424       6057       4615       1.02       0.65     5940.10    13694.85     3028   
16614477.00    3069       6592       9661       1431       3908       5339       3932       1.02       0.67     5237.45    14397.51     2669   
16666560.00    3088       6672       9760       1412       3828       5240       3905       1.02       0.67     5119.06    14515.90     2620   
16718643.00    3520       7927      11447       980        2573       3553       3553       1.03       0.71     3445.10    16189.86     3553   
16770726.00    3519       8004      11523       981        2496       3477       3477       1.03       0.71     3369.85    16265.11     3477   
16822809.00    3534       7979      11513       966        2521       3487       3487       1.03       0.71     3385.41    16249.55     3487   
16874892.00    3096       6805       9901       1404       3695       5099       3576       1.02       0.68     5009.87    14625.09     2549   
16926975.00    3039       6661       9700       1461       3839       5300       4258       1.03       0.67     5169.76    14465.19     2650   
16979058.00    2945       6416       9361       1555       4084       5639       3583       1.02       0.66     5508.68    14126.27     1879   
17031141.00    2946       6221       9167       1554       4279       5833       2730       1.03       0.66     5675.00    13959.96     1944   
17083224.00    2918       6186       9104       1582       4314       5896       4551       1.02       0.66     5796.31    13838.64     2948   
17135307.00    2979       6377       9356       1521       4123       5644       4288       1.01       0.67     5570.96    14064.00     2822   
17187390.00    3222       6955      10177       1278       3545       4823       3432       1.01       0.68     4768.31    14866.65     2411   
17239473.00    3375       7562      10937       1125       2938       4063       3001       1.02       0.70     3985.16    15649.79     2031   
17291556.00    3283       7162      10445       1217       3338       4555       3521       1.02       0.69     4447.48    15187.48     2277   
17343639.00    3298       7322      10620       1202       3178       4380       3220       1.03       0.69     4261.57    15373.38     2190   
17395722.00    3290       7218      10508       1210       3282       4492       3115       1.02       0.69     4385.24    15249.72     2246   
17447805.00    3352       7431      10783       1148       3069       4217       2913       1.03       0.69     4087.54    15547.41     2108   
17499888.00    3255       7009      10264       1245       3491       4736       2991       1.02       0.68     4634.73    15000.22     2368   
17551971.00    2879       6155       9034       1621       4345       5966       4362       1.02       0.66     5869.35    13765.60     2983   
17604054.00    3016       6474       9490       1484       4026       5510       2409       1.02       0.67     5415.45    14219.50     1836   
17656137.00    3377       7390      10767       1123       3110       4233       2937       1.03       0.69     4113.40    15521.56     2116   
17708220.00    3437       7551      10988       1063       2949       4012       2807       1.02       0.70     3922.60    15712.36     2006   
17760303.00    3351       7291      10642       1149       3209       4358       3143       1.02       0.69     4287.79    15347.17     2179   
17812386.00    3192       6896      10088       1308       3604       4912       3762       1.02       0.68     4812.92    14822.04     2456   
17864469.00    2940       6258       9198       1560       4242       5802       4680       1.01       0.66     5747.63    13887.32     2901   
17916552.00    2929       6276       9205       1571       4224       5795       4490       1.01       0.66     5747.83    13887.13     2897   
17968635.00    3295       7281      10576       1205       3219       4424       3045       1.03       0.69     4310.01    15324.94     2212   
18020718.00    3059       6766       9825       1441       3734       5175       3852       1.02       0.68     5086.38    14548.57     2587   
18072801.00    3162       6893      10055       1338       3607       4945       2326       1.01       0.68     4874.15    14760.81     1648   
18124884.00    3071       6786       9857       1429       3714       5143       4100       1.01       0.68     5108.16    14526.80     2571   
18176967.00    3006       6556       9562       1494       3944       5438       4306       1.01       0.67     5395.61    14239.34     2719   
18229050.00    3093       6727       9820       1407       3773       5180       4066       1.02       0.67     5086.75    14548.21     2590   
18281133.00    3386       7628      11014       1114       2872       3986       3986       1.02       0.70     3918.29    15716.67     3986   
18333216.00    3457       7750      11207       1043       2750       3793       1919       1.02       0.70     3715.27    15919.69     1896   
18385299.00    3244       7146      10390       1256       3354       4610       2553       1.02       0.69     4512.66    15122.30     2305   
18437382.00    3351       7419      10770       1149       3081       4230       4230       1.03       0.69     4112.82    15522.14     4230   
18489465.00    3085       6613       9698       1415       3887       5302       2240       1.02       0.67     5196.54    14438.41     1767   
18541548.00    3478       7728      11206       1022       2772       3794       1958       1.03       0.70     3667.63    15967.32     1897   
18593631.00    3508       7761      11269       992        2739       3731       3731       1.03       0.70     3630.24    16004.72     3731   
18645714.00    3190       6998      10188       1310       3502       4812       1945       1.01       0.69     4767.26    14867.70     1604   
18697797.00    3501       7840      11341       999        2660       3659       3659       1.02       0.71     3578.68    16056.27     3659   
18749880.00    3428       7705      11133       1072       2795       3867       2090       1.02       0.70     3790.47    15844.49     1933   
18801963.00    3426       7747      11173       1074       2753       3827       2184       1.03       0.70     3724.61    15910.34     1913   
18854046.00    2994       6466       9460       1506       4034       5540       3852       1.02       0.67     5457.02    14177.93     2770   
18906129.00    3039       6560       9599       1461       3940       5401       3504       1.02       0.67     5307.80    14327.16     2700   
18958212.00    3118       6738       9856       1382       3762       5144       1890       1.02       0.67     5032.05    14602.90     1714   
19010295.00    3160       6857      10017       1340       3643       4983       2028       1.02       0.68     4865.25    14769.71     1661   
19062378.00    3459       7734      11193       1041       2766       3807       2076       1.02       0.70     3714.47    15920.49     1903   
19114461.00    3127       6695       9822       1373       3805       5178       1933       1.02       0.68     5092.40    14542.56     1726   
19166544.00    3187       6924      10111       1313       3576       4889       2071       1.00       0.68     4865.83    14769.12     1629   
19218627.00    3137       6840       9977       1363       3660       5023       1799       1.01       0.68     4973.45    14661.50     1674   
19270710.00    3550       7917      11467       950        2583       3533       2270       1.01       0.71     3482.73    16152.23     1766   
19322793.00    3960       9239      13199       540        1261       1801       1801       1.01       0.74     1791.33    17843.62     1801   
19374876.00    3342       7339      10681       1158       3161       4319       1646       1.02       0.69     4245.98    15388.98     1439   
19426959.00    3103       6724       9827       1397       3776       5173       1890       1.00       0.68     5161.82    14473.13     1724   
19479042.00    3432       7719      11151       1068       2781       3849       1969       1.01       0.70     3816.20    15818.75     1924   
19531125.00    3366       7649      11015       1134       2851       3985       1993       1.00       0.70     4000.54    15634.41     1992   
19583208.00    3527       7911      11438       973        2589       3562       1913       0.99       0.71     3604.99    16029.96     1781   
19635291.00    3068       6684       9752       1432       3816       5248       2242       0.99       0.68     5276.64    14358.32     1749   
19687374.00    3182       7042      10224       1318       3458       4776       1720       1.00       0.69     4777.64    14857.31     1592   
19739457.00    3739       8278      12017       761        2222       2983       1784       1.01       0.72     2962.58    16672.37     1491   
19791540.00    2887       6370       9257       1613       4130       5743       2241       1.00       0.67     5767.87    13867.09     1914   
19843623.00    2935       6364       9299       1565       4136       5701       2252       1.01       0.67     5656.43    13978.52     1900   
19895706.00    3169       7038      10207       1331       3462       4793       2060       1.01       0.69     4743.99    14890.97     1597   
19947789.00    3138       6984      10122       1362       3516       4878       1683       1.01       0.68     4840.02    14794.94     1626   
19999872.00    3015       6525       9540       1485       3975       5460       2009       1.01       0.67     5418.40    14216.56     1820   
20051955.00    3036       6679       9715       1464       3821       5285       3466       1.01       0.68     5242.66    14392.29     2642   
20104038.00    2986       6616       9602       1514       3884       5398       3633       1.02       0.67     5285.51    14349.44     2699   
20156121.00    2862       6245       9107       1638       4255       5893       4147       1.03       0.66     5740.07    13894.88     2946   
20208204.00    3164       7074      10238       1336       3426       4762       2973       1.03       0.68     4632.39    15002.57     2381   
20260287.00    2937       6388       9325       1563       4112       5675       3843       1.03       0.66     5528.52    14106.43     2837   
20312370.00    2753       5913       8666       1747       4587       6334       4483       1.01       0.65     6242.73    13392.22     3167   
20364453.00    3171       7014      10185       1329       3486       4815       2827       1.03       0.68     4677.94    14957.02     2407   
20416536.00    3066       6696       9762       1434       3804       5238       3018       1.02       0.67     5144.69    14490.26     2619   
20468619.00    3150       6959      10109       1350       3541       4891       2737       1.02       0.68     4791.39    14843.56     2445   
20520702.00    3122       6759       9881       1378       3741       5119       3154       1.00       0.68     5098.36    14536.59     2559   
20572785.00    3325       7430      10755       1175       3070       4245       2638       1.02       0.70     4180.59    15454.36     2122   
20624868.00    3550       8005      11555       950        2495       3445       1793       1.01       0.71     3406.08    16228.87     1722   
20676951.00    3065       6729       9794       1435       3771       5206       3611       1.01       0.68     5178.31    14456.65     2603   
20729034.00    3160       6968      10128       1340       3532       4872       3363       1.00       0.69     4851.45    14783.51     2436   
20781117.00    3242       7237      10479       1258       3263       4521       3215       1.01       0.69     4459.53    15175.43     2260   
20833200.00    3245       7212      10457       1255       3288       4543       3094       1.02       0.69     4458.52    15176.43     2271   
