 Timestep    Gas_A      Gas_B     Gas_tot    Dense_A    Dense_B   Dense_tot   Lg_clust  DP_density GP_density Clust_area  Gas_area     MCS    
   0.00      13500       1500      15000        0          0          0          6         0.00       0.76       0.00     19634.96      0     
 72916.00    13500       1500      15000        0          0          0         111        0.00       0.76       0.00     19634.96      0     
145832.00    13500       1500      15000        0          0          0         255        0.00       0.76       0.00     19634.96      0     
218748.00    13500       1500      15000        0          0          0         370        0.00       0.76       0.00     19634.96      0     
291664.00    13500       1500      15000        0          0          0         242        0.00       0.76       0.00     19634.96      0     
364580.00    13500       1500      15000        0          0          0         272        0.00       0.76       0.00     19634.96      0     
437496.00    13500       1500      15000        0          0          0         380        0.00       0.76       0.00     19634.96      0     
510412.00    13500       1500      15000        0          0          0         522        0.00       0.76       0.00     19634.96      0     
583328.00    13500       1500      15000        0          0          0         611        0.00       0.76       0.00     19634.96      0     
656244.00    13500       1500      15000        0          0          0         857        0.00       0.76       0.00     19634.96      0     
729160.00    13500       1500      15000        0          0          0         949        0.00       0.76       0.00     19634.96      0     
802076.00    12536       1372      13908       964        128        1092       1092       0.97       0.75     1122.30    18512.66     1092   
874992.00    13500       1500      15000        0          0          0         602        0.00       0.76       0.00     19634.96      0     
947908.00    12305       1375      13680       1195       125        1320       1320       0.97       0.75     1354.98    18279.97     1320   
1020824.00   12458       1377      13835       1042       123        1165       1165       0.98       0.75     1184.36    18450.60     1165   
1093740.00   13500       1500      15000        0          0          0         788        0.00       0.76       0.00     19634.96      0     
1166656.00   13500       1500      15000        0          0          0         619        0.00       0.76       0.00     19634.96      0     
1239572.00   13500       1500      15000        0          0          0         799        0.00       0.76       0.00     19634.96      0     
1312488.00   13500       1500      15000        0          0          0         949        0.00       0.76       0.00     19634.96      0     
1385404.00   13500       1500      15000        0          0          0         989        0.00       0.76       0.00     19634.96      0     
1458320.00   12600       1383      13983       900        117        1017       1017       1.00       0.75     1022.02    18612.93     1017   
1531236.00   13500       1500      15000        0          0          0         942        0.00       0.76       0.00     19634.96      0     
1604152.00   12558       1369      13927       942        131        1073       1073       1.03       0.75     1038.17    18596.79     1073   
1677068.00   13500       1500      15000        0          0          0         692        0.00       0.76       0.00     19634.96      0     
1749984.00   11786       1268      13054       1714       232        1946       1946       1.02       0.74     1907.07    17727.88     1946   
1822900.00   11442       1230      12672       2058       270        2328       1218       1.02       0.73     2282.28    17352.68     1164   
1895816.00   11273       1216      12489       2227       284        2511       1283       1.01       0.73     2493.33    17141.63     1255   
1968732.00   11200       1185      12385       2300       315        2615       1435       1.01       0.73     2598.23    17036.73     1307   
2041648.00   11345       1221      12566       2155       279        2434       1287       0.99       0.73     2446.99    17187.97     1217   
2114564.00   12243       1338      13581       1257       162        1419       1419       1.01       0.74     1399.24    18235.72     1419   
2187480.00   12326       1356      13682       1174       144        1318       1318       1.03       0.75     1280.46    18354.49     1318   
2260396.00   12202       1322      13524       1298       178        1476       1476       1.03       0.74     1438.92    18196.04     1476   
2333312.00   12331       1349      13680       1169       151        1320       1320       1.04       0.74     1264.40    18370.55     1320   
2406228.00   13500       1500      15000        0          0          0         969        0.00       0.76       0.00     19634.96      0     
2479144.00   12419       1353      13772       1081       147        1228       1228       1.04       0.75     1183.03    18451.93     1228   
2552060.00   12406       1348      13754       1094       152        1246       1246       1.05       0.75     1184.26    18450.70     1246   
2624976.00   10983       1178      12161       2517       322        2839       1757       1.03       0.72     2752.59    16882.36     1419   
2697892.00   11990       1284      13274       1510       216        1726       1726       1.04       0.74     1653.76    17981.20     1726   
2770808.00   10274       1021      11295       3226       479        3705       2594       1.04       0.70     3559.80    16075.15     1852   
2843724.00   10379       1057      11436       3121       443        3564       2257       1.02       0.71     3480.64    16154.32     1782   
2916640.00   10266       1047      11313       3234       453        3687       2467       1.02       0.71     3630.44    16004.51     1843   
2989556.00   12263       1349      13612       1237       151        1388       1388       1.03       0.74     1347.01    18287.95     1388   
3062472.00   10405       1087      11492       3095       413        3508       1349       1.02       0.71     3455.71    16179.24     1169   
3135388.00   11119       1175      12294       2381       325        2706       1658       1.02       0.72     2647.57    16987.39     1353   
3208304.00   12183       1319      13502       1317       181        1498       1498       1.04       0.74     1440.79    18194.16     1498   
3281220.00   11939       1301      13240       1561       199        1760       1760       1.03       0.74     1716.16    17918.80     1760   
3354136.00   11816       1287      13103       1684       213        1897       1897       1.03       0.74     1848.21    17786.75     1897   
3427052.00   11544       1259      12803       1956       241        2197       2197       1.03       0.73     2138.56    17496.40     2197   
3499968.00   12085       1335      13420       1415       165        1580       1580       1.03       0.74     1539.20    18095.75     1580   
3572884.00   12038       1323      13361       1462       177        1639       1639       1.04       0.74     1580.30    18054.65     1639   
3645800.00   11463       1227      12690       2037       273        2310       2310       1.03       0.73     2250.80    17384.16     2310   
3718716.00   12200       1347      13547       1300       153        1453       1453       1.04       0.74     1399.60    18235.36     1453   
3791632.00   12051       1330      13381       1449       170        1619       1619       1.02       0.74     1586.81    18048.14     1619   
3864548.00   12165       1338      13503       1335       162        1497       1497       1.02       0.74     1464.60    18170.36     1497   
3937464.00   12191       1335      13526       1309       165        1474       1474       1.02       0.74     1444.48    18190.47     1474   
4010380.00   12191       1338      13529       1309       162        1471       1471       1.04       0.74     1409.41    18225.54     1471   
4083296.00   12160       1325      13485       1340       175        1515       1515       1.04       0.74     1459.84    18175.11     1515   
4156212.00   11164       1201      12365       2336       299        2635       1445       1.04       0.72     2535.84    17099.12     1317   
4229128.00   10776       1153      11929       2724       347        3071       2015       1.03       0.72     2973.18    16661.78     1535   
4302044.00   10928       1153      12081       2572       347        2919       1839       1.03       0.72     2829.59    16805.37     1459   
4374960.00   11711       1271      12982       1789       229        2018       2018       1.04       0.73     1945.24    17689.71     2018   
4447876.00   11845       1287      13132       1655       213        1868       1868       1.04       0.74     1794.75    17840.21     1868   
4520792.00   12159       1321      13480       1341       179        1520       1520       1.04       0.74     1465.88    18169.08     1520   
4593708.00   10567       1105      11672       2933       395        3328       2197       1.03       0.71     3228.17    16406.79     1664   
4666624.00   10360       1087      11447       3140       413        3553       2013       1.02       0.71     3479.47    16155.48     1776   
4739540.00   10512       1105      11617       2988       395        3383       1884       1.03       0.71     3274.51    16360.44     1691   
4812456.00   11218       1207      12425       2282       293        2575       1532       1.03       0.72     2494.59    17140.36     1287   
4885372.00   10082       1054      11136       3418       446        3864       2350       1.03       0.70     3738.38    15896.57     1932   
4958288.00    9878       1063      10941       3622       437        4059       1769       1.03       0.70     3946.15    15688.81     1353   
5031204.00   10436       1097      11533       3064       403        3467       2292       1.04       0.71     3333.84    16301.12     1733   
5104120.00    9790       1012      10802       3710       488        4198       2343       1.02       0.70     4103.42    15531.54     2099   
5177036.00    9828       1046      10874       3672       454        4126       2505       1.03       0.70     4012.53    15622.43     2063   
5249952.00    9553       998       10551       3947       502        4449       1824       1.03       0.69     4328.59    15306.37     1483   
5322868.00   10153       1049      11202       3347       451        3798       1481       1.04       0.70     3663.94    15971.01     1266   
5395784.00    9411       986       10397       4089       514        4603       3062       1.03       0.68     4451.89    15183.07     2301   
5468700.00   10505       1112      11617       2995       388        3383       3383       1.03       0.71     3269.54    16365.42     3383   
5541616.00   10723       1131      11854       2777       369        3146       1761       1.04       0.71     3028.52    16606.44     1573   
5614532.00    8807       875        9682       4693       625        5318       3766       1.02       0.67     5229.96    14404.99     2659   
5687448.00   10319       1094      11413       3181       406        3587       3587       1.03       0.71     3487.25    16147.70     3587   
5760364.00   10240       1071      11311       3260       429        3689       3689       1.02       0.71     3612.35    16022.61     3689   
5833280.00   11666       1272      12938       1834       228        2062       2062       1.03       0.73     1997.78    17637.17     2062   
5906196.00   10322       1103      11425       3178       397        3575       2384       1.02       0.71     3491.21    16143.74     1787   
5979112.00   11338       1244      12582       2162       256        2418       2418       1.03       0.73     2339.18    17295.78     2418   
6052028.00   11251       1222      12473       2249       278        2527       2527       1.03       0.73     2442.15    17192.81     2527   
6124944.00   11248       1225      12473       2252       275        2527       2527       1.03       0.73     2448.37    17186.59     2527   
6197860.00   11455       1258      12713       2045       242        2287       2287       1.03       0.73     2220.81    17414.14     2287   
6270776.00   11408       1239      12647       2092       261        2353       2353       1.02       0.73     2297.12    17337.84     2353   
6343692.00   10619       1141      11760       2881       359        3240       3240       1.02       0.71     3186.92    16448.03     3240   
6416608.00   10646       1129      11775       2854       371        3225       2086       1.02       0.71     3146.40    16488.55     1612   
6489524.00   11707       1275      12982       1793       225        2018       2018       1.03       0.73     1955.44    17679.51     2018   
6562440.00   11480       1233      12713       2020       267        2287       2287       1.03       0.73     2227.96    17406.99     2287   
6635356.00   11492       1242      12734       2008       258        2266       2266       1.02       0.73     2221.34    17413.62     2266   
6708272.00   12289       1350      13639       1211       150        1361       1361       1.03       0.74     1324.98    18309.98     1361   
6781188.00   11782       1281      13063       1718       219        1937       1937       1.03       0.74     1877.82    17757.13     1937   
6854104.00   11601       1254      12855       1899       246        2145       2145       1.03       0.73     2082.85    17552.10     2145   
6927020.00   10842       1172      12014       2658       328        2986       2986       1.03       0.72     2910.44    16724.51     2986   
6999936.00   11255       1205      12460       2245       295        2540       2540       1.03       0.73     2454.83    17180.12     2540   
7072852.00   11137       1172      12309       2363       328        2691       2691       1.04       0.72     2595.96    17039.00     2691   
7145768.00   10627       1120      11747       2873       380        3253       3253       1.02       0.71     3179.92    16455.04     3253   
7218684.00   11493       1228      12721       2007       272        2279       2279       1.04       0.73     2191.98    17442.98     2279   
7291600.00   11289       1210      12499       2211       290        2501       2501       1.04       0.73     2409.33    17225.63     2501   
7364516.00   10923       1164      12087       2577       336        2913       2913       1.05       0.72     2783.39    16851.56     2913   
7437432.00   11007       1185      12192       2493       315        2808       2808       1.06       0.72     2645.47    16989.49     2808   
7510348.00   10693       1129      11822       2807       371        3178       3178       1.06       0.71     3003.18    16631.78     3178   
7583264.00   10586       1101      11687       2914       399        3313       3313       1.05       0.71     3152.89    16482.06     3313   
7656180.00    9932       1031      10963       3568       469        4037       4037       1.05       0.69     3848.62    15786.33     4037   
7729096.00    9874       1019      10893       3626       481        4107       3095       1.04       0.69     3934.08    15700.87     2053   
7802012.00    9700       979       10679       3800       521        4321       4321       1.04       0.69     4140.69    15494.26     4321   
7874928.00   10369       1069      11438       3131       431        3562       3562       1.05       0.70     3380.86    16254.09     3562   
7947844.00    9685       991       10676       3815       509        4324       4324       1.04       0.69     4139.32    15495.64     4324   
8020760.00    9685       1001      10686       3815       499        4314       4314       1.04       0.69     4165.08    15469.87     4314   
8093676.00    9833       1011      10844       3667       489        4156       4156       1.04       0.69     4002.23    15632.73     4156   
8166592.00   10468       1091      11559       3032       409        3441       3441       1.04       0.71     3294.00    16340.95     3441   
8239508.00   10211       1058      11269       3289       442        3731       3731       1.05       0.70     3550.42    16084.53     3731   
8312424.00    9803       990       10793       3697       510        4207       4207       1.04       0.69     4037.40    15597.55     4207   
8385340.00   10306       1066      11372       3194       434        3628       3628       1.05       0.70     3466.67    16168.29     3628   
8458256.00    9812       994       10806       3688       506        4194       4194       1.05       0.69     4005.80    15629.15     4194   
8531172.00    9848       1011      10859       3652       489        4141       4141       1.04       0.69     3990.96    15643.99     4141   
8604088.00   10524       1096      11620       2976       404        3380       3380       1.04       0.71     3254.74    16380.21     3380   
8677004.00    9889       984       10873       3611       516        4127       2390       1.03       0.69     3990.32    15644.63     2063   
8749920.00    9937       1020      10957       3563       480        4043       2425       1.04       0.70     3889.98    15744.98     2021   
8822836.00    9996       1021      11017       3504       479        3983       2592       1.03       0.70     3849.06    15785.89     1991   
8895752.00   10061       1041      11102       3439       459        3898       3898       1.03       0.70     3781.89    15853.07     3898   
8968668.00   10114       1034      11148       3386       466        3852       2656       1.03       0.70     3747.17    15887.78     1926   
9041584.00   10207       1048      11255       3293       452        3745       2721       1.03       0.70     3637.12    15997.84     1872   
9114500.00   10118       1029      11147       3382       471        3853       2754       1.03       0.70     3756.67    15878.28     1926   
9187416.00   10563       1096      11659       2937       404        3341       2239       1.04       0.71     3220.06    16414.89     1670   
9260332.00   10064       1043      11107       3436       457        3893       2815       1.04       0.70     3751.65    15883.31     1946   
9333248.00    9642       984       10626       3858       516        4374       4374       1.03       0.69     4251.79    15383.16     4374   
9406164.00    9989       1038      11027       3511       462        3973       2923       1.05       0.70     3799.63    15835.32     1986   
9479080.00    9835       996       10831       3665       504        4169       2677       1.04       0.69     4010.84    15624.12     2084   
9551996.00    9939       1000      10939       3561       500        4061       4061       1.04       0.70     3909.47    15725.48     4061   
9624912.00   11196       1190      12386       2304       310        2614       2614       1.05       0.72     2495.25    17139.70     2614   
9697828.00   11156       1182      12338       2344       318        2662       2662       1.03       0.72     2587.62    17047.34     2662   
9770744.00   10427       1095      11522       3073       405        3478       2146       1.04       0.71     3350.86    16284.09     1739   
9843660.00    9928       1034      10962       3572       466        4038       2355       1.02       0.70     3944.84    15690.12     2019   
9916576.00    9680       955       10635       3820       545        4365       2821       1.02       0.69     4272.25    15362.70     2182   
9989492.00   11947       1264      13211       1553       236        1789       1789       1.02       0.74     1750.72    17884.24     1789   
10062408.00   11086       1191      12277       2414       309        2723       1447       1.03       0.72     2643.02    16991.93     1361   
10135324.00   10450       1075      11525       3050       425        3475       1941       1.03       0.71     3362.90    16272.06     1737   
10208240.00    9998       995       10993       3502       505        4007       2247       1.03       0.70     3908.60    15726.36     2003   
10281156.00   11172       1156      12328       2328       344        2672       1632       1.02       0.72     2623.69    17011.27     1336   
10354072.00    9679       987       10666       3821       513        4334       2447       1.03       0.69     4205.04    15429.92     2167   
10426988.00    9663       985       10648       3837       515        4352       2462       1.02       0.69     4258.53    15376.42     2176   
10499904.00    9944       1038      10982       3556       462        4018       2337       1.03       0.70     3914.23    15720.72     2009   
10572820.00   10481       1097      11578       3019       403        3422       1784       1.03       0.71     3310.48    16324.48     1711   
10645736.00   10739       1135      11874       2761       365        3126       1897       1.02       0.72     3050.74    16584.22     1563   
10718652.00   10095       1055      11150       3405       445        3850       1950       1.02       0.70     3757.52    15877.44     1925   
10791568.00    9782       1014      10796       3718       486        4204       2321       1.02       0.70     4110.56    15524.39     2102   
10864484.00   10638       1141      11779       2862       359        3221       2094       1.05       0.71     3080.38    16554.58     1610   
10937400.00   10034       1061      11095       3466       439        3905       2026       1.03       0.70     3776.31    15858.65     1952   
11010316.00   10043       1042      11085       3457       458        3915       2639       1.04       0.70     3775.59    15859.37     1957   
11083232.00    9695       974       10669       3805       526        4331       2380       1.03       0.69     4198.35    15436.60     2165   
11156148.00    9340       916       10256       4160       584        4744       2556       1.03       0.68     4614.70    15020.25     2372   
11229064.00   10104       1046      11150       3396       454        3850       2296       1.02       0.70     3771.63    15863.33     1925   
11301980.00    9776       1013      10789       3724       487        4211       2206       1.03       0.69     4105.66    15529.29     2105   
11374896.00   10386       1086      11472       3114       414        3528       2169       1.01       0.71     3481.66    16153.30     1764   
11447812.00   10971       1159      12130       2529       341        2870       1620       1.02       0.72     2827.13    16807.83     1435   
11520728.00   12016       1290      13306       1484       210        1694       1694       1.03       0.74     1646.60    17988.35     1694   
11593644.00   11952       1275      13227       1548       225        1773       1773       1.03       0.74     1713.39    17921.56     1773   
11666560.00   10282       1040      11322       3218       460        3678       2576       1.02       0.71     3589.62    16045.34     1839   
11739476.00   11156       1163      12319       2344       337        2681       2681       1.03       0.72     2594.56    17040.40     2681   
11812392.00   11661       1255      12916       1839       245        2084       2084       1.05       0.73     1988.25    17646.70     2084   
11885308.00    9807       1003      10810       3693       497        4190       2979       1.04       0.69     4034.33    15600.63     2095   
11958224.00   10732       1111      11843       2768       389        3157       2072       1.03       0.71     3057.85    16577.10     1578   
12031140.00   10281       1057      11338       3219       443        3662       2383       1.03       0.70     3548.70    16086.26     1831   
12104056.00   10104       1030      11134       3396       470        3866       2690       1.03       0.70     3746.53    15888.43     1933   
12176972.00   10182       1059      11241       3318       441        3759       2625       1.04       0.70     3613.76    16021.20     1879   
12249888.00   10130       1067      11197       3370       433        3803       2500       1.03       0.70     3701.81    15933.15     1901   
12322804.00   10535       1097      11632       2965       403        3368       2097       1.03       0.71     3266.59    16368.37     1684   
12395720.00   10553       1092      11645       2947       408        3355       2245       1.05       0.71     3198.93    16436.02     1677   
12468636.00   10164       1021      11185       3336       479        3815       2552       1.04       0.70     3673.45    15961.50     1907   
12541552.00   10451       1075      11526       3049       425        3474       2160       1.04       0.71     3335.36    16299.59     1737   
12614468.00   10119       1052      11171       3381       448        3829       2446       1.04       0.70     3687.55    15947.41     1914   
12687384.00   10282       1071      11353       3218       429        3647       2326       1.03       0.70     3530.07    16104.88     1823   
12760300.00   10371       1113      11484       3129       387        3516       2180       1.03       0.71     3415.29    16219.67     1758   
12833216.00   10549       1077      11626       2951       423        3374       2096       1.02       0.71     3298.87    16336.08     1687   
12906132.00   10809       1142      11951       2691       358        3049       1861       1.03       0.72     2955.25    16679.70     1524   
12979048.00   11950       1292      13242       1550       208        1758       1758       1.05       0.74     1669.64    17965.32     1758   
13051964.00   11985       1302      13287       1515       198        1713       1713       1.05       0.74     1624.65    18010.31     1713   
13124880.00   11898       1282      13180       1602       218        1820       1820       1.05       0.74     1741.54    17893.42     1820   
13197796.00   12097       1309      13406       1403       191        1594       1594       1.06       0.74     1510.46    18124.49     1594   
13270712.00   11042       1169      12211       2458       331        2789       1747       1.04       0.72     2678.66    16956.29     1394   
13343628.00   10889       1135      12024       2611       365        2976       1823       1.05       0.72     2829.69    16805.27     1488   
13416544.00   10896       1157      12053       2604       343        2947       2947       1.03       0.72     2854.10    16780.85     2947   
13489460.00   11735       1259      12994       1765       241        2006       2006       1.03       0.73     1938.70    17696.26     2006   
13562376.00   10752       1161      11913       2748       339        3087       1911       1.02       0.72     3022.11    16612.84     1543   
13635292.00   11747       1272      13019       1753       228        1981       1981       1.01       0.74     1954.29    17680.67     1981   
13708208.00   10431       1117      11548       3069       383        3452       3452       1.01       0.71     3417.39    16217.56     3452   
13781124.00   10147       1053      11200       3353       447        3800       3800       1.01       0.71     3759.52    15875.44     3800   
13854040.00   11987       1301      13288       1513       199        1712       1712       1.01       0.74     1688.02    17946.93     1712   
13926956.00   10366       1095      11461       3134       405        3539       2307       1.01       0.71     3507.44    16127.51     1769   
13999872.00   10143       1052      11195       3357       448        3805       2698       1.00       0.71     3788.51    15846.44     1902   
14072788.00   12194       1326      13520       1306       174        1480       1480       1.04       0.74     1429.17    18205.79     1480   
14145704.00   11659       1256      12915       1841       244        2085       2085       1.03       0.73     2024.83    17610.13     2085   
14218620.00    9401       981       10382       4099       519        4618       4618       1.02       0.69     4537.24    15097.72     4618   
14291536.00   10258       1101      11359       3242       399        3641       3641       1.02       0.71     3568.78    16066.17     3641   
14364452.00   11400       1228      12628       2100       272        2372       2372       1.03       0.73     2312.76    17322.20     2372   
14437368.00   10276       1081      11357       3224       419        3643       1901       1.04       0.70     3512.23    16122.73     1821   
14510284.00    9799       1015      10814       3701       485        4186       2115       1.03       0.69     4047.35    15587.61     2093   
14583200.00   10053       1042      11095       3447       458        3905       3905       1.05       0.70     3732.89    15902.06     3905   
14656116.00    9913       1029      10942       3587       471        4058       2260       1.04       0.70     3919.87    15715.09     2029   
14729032.00    9841       1035      10876       3659       465        4124       4124       1.03       0.70     4017.81    15617.15     4124   
14801948.00   10118       1048      11166       3382       452        3834       2219       1.03       0.70     3724.69    15910.27     1917   
14874864.00    9726       1015      10741       3774       485        4259       2169       1.03       0.69     4119.97    15514.98     2129   
14947780.00   10594       1141      11735       2906       359        3265       2075       1.04       0.71     3146.76    16488.19     1632   
15020696.00   10730       1126      11856       2770       374        3144       1584       1.03       0.71     3044.94    16590.01     1572   
15093612.00    9888       989       10877       3612       511        4123       2098       1.02       0.70     4030.33    15604.62     2061   
15166528.00   10654       1127      11781       2846       373        3219       1813       1.02       0.71     3144.37    16490.58     1609   
15239444.00   10684       1129      11813       2816       371        3187       1673       1.04       0.71     3063.50    16571.46     1593   
15312360.00   10044       1026      11070       3456       474        3930       2331       1.04       0.70     3778.66    15856.29     1965   
15385276.00    9908       1022      10930       3592       478        4070       2461       1.05       0.69     3890.19    15744.76     2035   
15458192.00    9358       931       10289       4142       569        4711       4711       1.04       0.68     4518.70    15116.25     4711   
15531108.00    9696       994       10690       3804       506        4310       4310       1.04       0.69     4143.31    15491.65     4310   
15604024.00    9656       985       10641       3844       515        4359       2682       1.04       0.69     4203.70    15431.26     2179   
15676940.00    9319       943       10262       4181       557        4738       4738       1.03       0.68     4595.20    15039.76     4738   
15749856.00    9661       982       10643       3839       518        4357       4357       1.04       0.69     4174.43    15460.53     4357   
15822772.00    9400       954       10354       4100       546        4646       4646       1.04       0.68     4464.28    15170.68     4646   
15895688.00    9102       917       10019       4398       583        4981       4981       1.03       0.68     4816.83    14818.12     4981   
15968604.00    9313       934       10247       4187       566        4753       4753       1.05       0.68     4536.13    15098.83     4753   
16041520.00    9233       913       10146       4267       587        4854       4854       1.04       0.68     4667.83    14967.13     4854   
16114436.00    9193       891       10084       4307       609        4916       4916       1.04       0.68     4716.74    14918.22     4916   
16187352.00    9264       962       10226       4236       538        4774       4774       1.04       0.68     4582.96    15051.99     4774   
16260268.00    9472       944       10416       4028       556        4584       4584       1.04       0.68     4399.61    15235.35     4584   
16333184.00    8956       860        9816       4544       640        5184       5184       1.04       0.67     5007.13    14627.83     5184   
16406100.00    8994       869        9863       4506       631        5137       5137       1.04       0.67     4952.03    14682.93     5137   
16479016.00    8803       876        9679       4697       624        5321       5321       1.03       0.67     5147.94    14487.02     5321   
16551932.00    9638       966       10604       3862       534        4396       4396       1.04       0.69     4221.35    15413.61     4396   
16624848.00   10137       1034      11171       3363       466        3829       3829       1.05       0.70     3635.10    15999.85     3829   
16697764.00    8964       841        9805       4536       659        5195       3821       1.04       0.67     4974.57    14660.39     2597   
16770680.00    9155       876       10031       4345       624        4969       3628       1.05       0.67     4729.13    14905.83     2484   
16843596.00    9289       906       10195       4211       594        4805       3713       1.06       0.68     4550.33    15084.62     2402   
16916512.00    9134       912       10046       4366       588        4954       4954       1.05       0.67     4707.58    14927.38     4954   
16989428.00   10294       1049      11343       3206       451        3657       3657       1.06       0.70     3443.37    16191.58     3657   
17062344.00    9106       903       10009       4394       597        4991       4991       1.05       0.67     4771.31    14863.64     4991   
17135260.00    8923       886        9809       4577       614        5191       3854       1.05       0.67     4951.25    14683.71     2595   
17208176.00    8770       874        9644       4730       626        5356       5356       1.04       0.67     5137.24    14497.72     5356   
17281092.00    8958       895        9853       4542       605        5147       4122       1.04       0.67     4942.06    14692.90     2573   
17354008.00    9083       903        9986       4417       597        5014       5014       1.04       0.67     4812.04    14822.92     5014   
17426924.00    9521       959       10480       3979       541        4520       4520       1.04       0.69     4358.50    15276.45     4520   
17499840.00    8917       873        9790       4583       627        5210       5210       1.03       0.67     5040.20    14594.75     5210   
17572756.00    9072       911        9983       4428       589        5017       5017       1.04       0.67     4818.05    14816.90     5017   
17645672.00    9091       903        9994       4409       597        5006       5006       1.04       0.68     4834.15    14800.81     5006   
17718588.00    8836       883        9719       4664       617        5281       5281       1.04       0.67     5071.79    14563.17     5281   
17791504.00    9221       920       10141       4279       580        4859       4859       1.05       0.68     4629.79    15005.17     4859   
17864420.00    9366       958       10324       4134       542        4676       4676       1.05       0.68     4444.17    15190.78     4676   
17937336.00   10126       1055      11181       3374       445        3819       3819       1.06       0.70     3609.09    16025.87     3819   
18010252.00    9474       975       10449       4026       525        4551       4551       1.05       0.68     4343.77    15291.19     4551   
18083168.00    8899       874        9773       4601       626        5227       5227       1.05       0.67     4972.07    14662.88     5227   
18156084.00    9138       912       10050       4362       588        4950       4950       1.05       0.67     4713.90    14921.05     4950   
18229000.00    9173       920       10093       4327       580        4907       4907       1.05       0.67     4681.98    14952.98     4907   
18301916.00    8999       905        9904       4501       595        5096       5096       1.04       0.67     4881.43    14753.52     5096   
18374832.00    9506       972       10478       3994       528        4522       4522       1.05       0.68     4324.83    15310.13     4522   
18447748.00    9178       917       10095       4322       583        4905       4905       1.04       0.68     4727.13    14907.82     4905   
18520664.00    9291       921       10212       4209       579        4788       4788       1.04       0.68     4595.32    15039.64     4788   
18593580.00    9803       1008      10811       3697       492        4189       4189       1.04       0.69     4018.22    15616.74     4189   
18666496.00    9821       1003      10824       3679       497        4176       4176       1.04       0.69     4016.05    15618.90     4176   
18739412.00    9996       1045      11041       3504       455        3959       2257       1.05       0.70     3785.44    15849.52     1979   
18812328.00    9912       1025      10937       3588       475        4063       4063       1.04       0.69     3888.66    15746.30     4063   
18885244.00   10052       1045      11097       3448       455        3903       2224       1.04       0.70     3735.84    15899.12     1951   
18958160.00   10534       1114      11648       2966       386        3352       3352       1.04       0.71     3219.57    16415.39     3352   
19031076.00   10289       1060      11349       3211       440        3651       3651       1.04       0.70     3512.50    16122.45     3651   
19103992.00   10280       1046      11326       3220       454        3674       3674       1.03       0.70     3564.45    16070.51     3674   
19176908.00   10556       1120      11676       2944       380        3324       1892       1.04       0.71     3192.42    16442.53     1662   
19249824.00   10235       1079      11314       3265       421        3686       2037       1.03       0.70     3567.16    16067.80     1843   
19322740.00    9782       1015      10797       3718       485        4203       2256       1.03       0.69     4094.32    15540.63     2101   
19395656.00   10551       1115      11666       2949       385        3334       3334       1.04       0.71     3216.72    16418.24     3334   
19468572.00   10620       1121      11741       2880       379        3259       3259       1.04       0.71     3127.64    16507.32     3259   
19541488.00    9490       971       10461       4010       529        4539       4539       1.03       0.69     4423.61    15211.35     4539   
19614404.00    9945       1056      11001       3555       444        3999       3999       1.02       0.70     3922.53    15712.42     3999   
19687320.00    9102       945       10047       4398       555        4953       4953       1.03       0.68     4826.89    14808.06     4953   
19760236.00    9352       964       10316       4148       536        4684       1801       1.03       0.68     4532.17    15102.79     1561   
19833152.00    9371       953       10324       4129       547        4676       3468       1.03       0.68     4521.56    15113.40     2338   
19906068.00    9298       926       10224       4202       574        4776       1864       1.03       0.68     4615.28    15019.68     1592   
19978984.00    9522       936       10458       3978       564        4542       2882       1.02       0.69     4434.56    15200.39     2271   
20051900.00   10623       1110      11733       2877       390        3267       2024       1.02       0.71     3188.76    16446.20     1633   
20124816.00    9253       897       10150       4247       603        4850       2988       1.03       0.68     4726.58    14908.37     2425   
20197732.00    9113       898       10011       4387       602        4989       4989       1.02       0.68     4872.70    14762.26     4989   
20270648.00    9354       952       10306       4146       548        4694       4694       1.03       0.68     4552.78    15082.17     4694   
20343564.00    9655       990       10645       3845       510        4355       4355       1.03       0.69     4234.32    15400.64     4355   
20416480.00   10326       1089      11415       3174       411        3585       3585       1.04       0.71     3457.87    16177.08     3585   
20489396.00    9511       983       10494       3989       517        4506       1945       1.04       0.69     4351.75    15283.21     1502   
20562312.00    9948       1039      10987       3552       461        4013       2414       1.03       0.70     3880.60    15754.36     2006   
20635228.00    9172       928       10100       4328       572        4900       2669       1.03       0.68     4743.86    14891.10     2450   
20708144.00    8889       898        9787       4611       602        5213       5213       1.03       0.67     5057.28    14577.68     5213   
20781060.00    9093       911       10004       4407       589        4996       4996       1.03       0.68     4838.53    14796.43     4996   
20853976.00    9256       935       10191       4244       565        4809       2523       1.05       0.68     4578.38    15056.58     2404   
20926892.00    8790       871        9661       4710       629        5339       2744       1.05       0.66     5090.78    14544.17     2669   
20999808.00    8622       841        9463       4878       659        5537       2844       1.05       0.66     5269.50    14365.46     2768   
21072724.00    8723       871        9594       4777       629        5406       3168       1.05       0.66     5167.56    14467.39     2703   
21145640.00    8959       900        9859       4541       600        5141       2840       1.05       0.67     4918.98    14715.97     2570   
21218556.00    9161       927       10088       4339       573        4912       2891       1.05       0.67     4669.77    14965.19     2456   
21291472.00    8606       849        9455       4894       651        5545       2919       1.05       0.66     5305.97    14328.99     2772   
21364388.00    8413       854        9267       5087       646        5733       5733       1.05       0.65     5468.26    14166.70     5733   
21437304.00    8816       897        9713       4684       603        5287       2840       1.05       0.66     5020.90    14614.05     2643   
21510220.00    9241       959       10200       4259       541        4800       2479       1.05       0.68     4572.44    15062.51     2400   
21583136.00    8578       842        9420       4922       658        5580       3299       1.04       0.66     5348.43    14286.53     2790   
21656052.00    9270       959       10229       4230       541        4771       2704       1.05       0.68     4555.26    15079.70     2385   
21728968.00    8698       853        9551       4802       647        5449       3498       1.04       0.66     5219.53    14415.43     2724   
21801884.00    8850       902        9752       4650       598        5248       3342       1.05       0.67     5010.42    14624.53     2624   
21874800.00    8544       865        9409       4956       635        5591       3631       1.04       0.66     5374.89    14260.07     2795   
21947716.00    9512       1004      10516       3988       496        4484       2564       1.04       0.69     4293.82    15341.13     2242   
22020632.00    8453       851        9304       5047       649        5696       2743       1.03       0.66     5523.47    14111.49     1898   
22093548.00    8958       898        9856       4542       602        5144       3364       1.03       0.67     4984.62    14650.34     2572   
22166464.00    8848       903        9751       4652       597        5249       2342       1.03       0.67     5075.68    14559.28     1749   
22239380.00    9106       909       10015       4394       591        4985       3400       1.04       0.67     4775.07    14859.89     2492   
22312296.00    8911       903        9814       4589       597        5186       2309       1.04       0.67     4971.24    14663.72     1728   
22385212.00    9154       925       10079       4346       575        4921       3824       1.05       0.67     4678.78    14956.18     2460   
22458128.00    9214       909       10123       4286       591        4877       2913       1.04       0.68     4670.67    14964.28     2438   
22531044.00    9493       966       10459       4007       534        4541       2934       1.05       0.68     4344.74    15290.21     2270   
22603960.00    9399       934       10333       4101       566        4667       4667       1.05       0.68     4452.53    15182.42     4667   
22676876.00    9282       933       10215       4218       567        4785       2862       1.04       0.68     4590.19    15044.77     2392   
22749792.00    8783       847        9630       4717       653        5370       3155       1.04       0.67     5168.64    14466.31     2685   
22822708.00    8582       828        9410       4918       672        5590       3242       1.04       0.66     5366.84    14268.12     2795   
22895624.00    8724       876        9600       4776       624        5400       3154       1.04       0.66     5192.42    14442.54     2700   
22968540.00    8850       880        9730       4650       620        5270       3262       1.04       0.67     5075.35    14559.61     2635   
23041456.00    9052       918        9970       4448       582        5030       2681       1.04       0.67     4855.70    14779.26     2515   
23114372.00    9385       940       10325       4115       560        4675       2517       1.04       0.68     4478.43    15156.53     2337   
23187288.00    9349       941       10290       4151       559        4710       2566       1.04       0.68     4514.62    15120.34     2355   
23260204.00    9339       924       10263       4161       576        4737       2395       1.05       0.68     4522.35    15112.61     2368   
23333120.00    9017       877        9894       4483       623        5106       2698       1.04       0.67     4905.48    14729.48     2553   
23406036.00    8642       820        9462       4858       680        5538       5538       1.03       0.66     5357.37    14277.58     5538   
23478952.00    8772       842        9614       4728       658        5386       5386       1.04       0.67     5185.88    14449.07     5386   
23551868.00    8607       849        9456       4893       651        5544       3460       1.04       0.66     5337.17    14297.78     2772   
23624784.00    8568       851        9419       4932       649        5581       5581       1.04       0.66     5371.86    14263.09     5581   
23697700.00    8610       839        9449       4890       661        5551       3622       1.03       0.66     5385.07    14249.88     2775   
23770616.00    8628       818        9446       4872       682        5554       5554       1.04       0.66     5330.31    14304.65     5554   
23843532.00    9521       947       10468       3979       553        4532       2667       1.05       0.68     4303.02    15331.93     2266   
23916448.00    8918       868        9786       4582       632        5214       3537       1.05       0.67     4960.08    14674.88     2607   
23989364.00    8957       883        9840       4543       617        5160       3630       1.04       0.67     4963.46    14671.49     2580   
24062280.00    9443       950       10393       4057       550        4607       3082       1.05       0.68     4400.35    15234.61     2303   
24135196.00    8976       864        9840       4524       636        5160       3649       1.05       0.67     4925.85    14709.10     2580   
24208112.00    8481       804        9285       5019       696        5715       4123       1.05       0.65     5452.77    14182.18     2857   
24281028.00    8644       846        9490       4856       654        5510       4141       1.04       0.66     5275.69    14359.27     2755   
24353944.00    8386       805        9191       5114       695        5809       4015       1.03       0.66     5620.15    14014.81     2904   
24426860.00    9250       923       10173       4250       577        4827       3431       1.04       0.68     4621.86    15013.09     2413   
24499776.00    8492       802        9294       5008       698        5706       4042       1.03       0.66     5525.01    14109.95     2853   
24572692.00    8760       844        9604       4740       656        5396       3890       1.03       0.67     5223.12    14411.83     2698   
24645608.00    8641       848        9489       4859       652        5511       3815       1.04       0.66     5303.81    14331.14     2755   
24718524.00    8873       874        9747       4627       626        5253       3908       1.05       0.67     5014.58    14620.38     2626   
24791440.00    9013       894        9907       4487       606        5093       3688       1.05       0.67     4861.94    14773.01     2546   
24864356.00    8166       795        8961       5334       705        6039       4251       1.03       0.65     5836.21    13798.75     3019   
24937272.00    8522       812        9334       4978       688        5666       4042       1.04       0.66     5469.09    14165.87     2833   
25010188.00    9116       885       10001       4384       615        4999       3671       1.03       0.68     4835.83    14799.13     2499   
25083104.00    8430       841        9271       5070       659        5729       4160       1.04       0.66     5507.40    14127.56     2864   
25156020.00    8404       837        9241       5096       663        5759       4163       1.04       0.66     5548.58    14086.38     2879   
25228936.00    8439       821        9260       5061       679        5740       4160       1.04       0.66     5514.80    14120.16     2870   
25301852.00    8066       770        8836       5434       730        6164       4623       1.04       0.65     5950.09    13684.86     3082   
25374768.00    8391       817        9208       5109       683        5792       4341       1.04       0.65     5546.43    14088.52     2896   
25447684.00    8464       837        9301       5036       663        5699       4141       1.03       0.66     5513.97    14120.99     2849   
25520600.00    8559       835        9394       4941       665        5606       5606       1.04       0.66     5383.48    14251.48     5606   
25593516.00    8783       862        9645       4717       638        5355       3936       1.04       0.67     5136.20    14498.75     2677   
25666432.00    8757       869        9626       4743       631        5374       3822       1.05       0.66     5112.82    14522.13     2687   
25739348.00    9171       934       10105       4329       566        4895       3465       1.06       0.67     4624.89    15010.06     2447   
25812264.00    9186       921       10107       4314       579        4893       3345       1.06       0.67     4633.31    15001.64     2446   
25885180.00    9075       939       10014       4425       561        4986       3309       1.05       0.67     4753.86    14881.10     2493   
25958096.00    9101       931       10032       4399       569        4968       3455       1.06       0.67     4705.38    14929.58     2484   
26031012.00    9329       936       10265       4171       564        4735       3193       1.05       0.68     4492.20    15142.75     2367   
26103928.00    9285       932       10217       4215       568        4783       3299       1.06       0.68     4521.91    15113.04     2391   
26176844.00    8951       891        9842       4549       609        5158       3443       1.04       0.67     4942.33    14692.62     2579   
26249760.00    9545       990       10535       3955       510        4465       3349       1.06       0.68     4214.21    15420.75     2232   
26322676.00    8911       946        9857       4589       554        5143       3631       1.05       0.67     4919.51    14715.44     2571   
26395592.00    9205       938       10143       4295       562        4857       3316       1.05       0.68     4633.14    15001.82     2428   
26468508.00    8974       897        9871       4526       603        5129       3573       1.04       0.67     4918.60    14716.35     2564   
26541424.00    8936       898        9834       4564       602        5166       3773       1.05       0.67     4926.88    14708.07     2583   
26614340.00    9865       1020      10885       3635       480        4115       2723       1.05       0.69     3904.00    15730.95     2057   
26687256.00    9036       901        9937       4464       599        5063       3621       1.04       0.67     4849.33    14785.62     2531   
26760172.00    8036       776        8812       5464       724        6188       4341       1.04       0.64     5967.47    13667.49     3094   
26833088.00    8522       846        9368       4978       654        5632       3995       1.04       0.66     5427.58    14207.38     2816   
26906004.00    9463       962       10425       4037       538        4575       3059       1.04       0.68     4378.46    15256.49     2287   
26978920.00    9182       933       10115       4318       567        4885       3457       1.05       0.68     4665.05    14969.90     2442   
27051836.00    8889       891        9780       4611       609        5220       4194       1.04       0.67     5010.26    14624.69     2610   
27124752.00    8854       877        9731       4646       623        5269       5269       1.03       0.67     5099.36    14535.59     5269   
27197668.00    8951       904        9855       4549       596        5145       5145       1.04       0.67     4961.17    14673.78     5145   
27270584.00    8904       893        9797       4596       607        5203       3151       1.05       0.67     4956.90    14678.06     2601   
27343500.00    9139       937       10076       4361       563        4924       3080       1.05       0.67     4679.46    14955.50     2462   
27416416.00    9334       944       10278       4166       556        4722       2818       1.05       0.68     4491.73    15143.23     2361   
27489332.00    8902       893        9795       4598       607        5205       5205       1.05       0.67     4952.66    14682.30     5205   
27562248.00    9100       907       10007       4400       593        4993       4993       1.05       0.67     4769.55    14865.41     4993   
27635164.00    9363       954       10317       4137       546        4683       2374       1.05       0.68     4470.65    15164.31     2341   
27708080.00    9615       972       10587       3885       528        4413       2385       1.06       0.68     4178.81    15456.15     2206   
27780996.00    8766       884        9650       4734       616        5350       5350       1.05       0.66     5100.05    14534.91     5350   
27853912.00   10019       1038      11057       3481       462        3943       2117       1.05       0.70     3738.18    15896.77     1971   
27926828.00    9100       935       10035       4400       565        4965       2857       1.05       0.67     4751.07    14883.88     2482   
27999744.00    9374       973       10347       4126       527        4653       4653       1.03       0.68     4496.23    15138.73     4653   
28072660.00    9518       987       10505       3982       513        4495       4495       1.04       0.69     4314.07    15320.89     4495   
28145576.00    9146       926       10072       4354       574        4928       4928       1.04       0.68     4737.06    14897.90     4928   
28218492.00    8736       875        9611       4764       625        5389       5389       1.03       0.67     5210.63    14424.33     5389   
28291408.00    8944       918        9862       4556       582        5138       3442       1.03       0.67     4973.03    14661.92     2569   
28364324.00    8809       882        9691       4691       618        5309       3588       1.03       0.67     5130.19    14504.76     2654   
28437240.00    8957       905        9862       4543       595        5138       5138       1.03       0.67     4967.94    14667.01     5138   
28510156.00    9175       945       10120       4325       555        4880       2685       1.04       0.68     4704.06    14930.89     2440   
28583072.00    9151       929       10080       4349       571        4920       4920       1.04       0.68     4740.66    14894.29     4920   
28655988.00    9123       925       10048       4377       575        4952       4952       1.03       0.68     4798.70    14836.26     4952   
28728904.00    9135       965       10100       4365       535        4900       3360       1.03       0.68     4752.61    14882.34     2450   
28801820.00    8599       853        9452       4901       647        5548       3443       1.03       0.66     5397.55    14237.40     1849   
28874736.00    9740       1015      10755       3760       485        4245       4245       1.05       0.69     4062.08    15572.88     4245   
28947652.00    9502       966       10468       3998       534        4532       4532       1.04       0.68     4352.82    15282.14     4532   
29020568.00    8623       847        9470       4877       653        5530       5530       1.04       0.66     5332.18    14302.78     5530   
29093484.00    9380       964       10344       4120       536        4656       3499       1.04       0.68     4472.53    15162.43     2328   
29166400.00    9384       954       10338       4116       546        4662       4662       1.04       0.68     4489.14    15145.82     4662   
