 Timestep    Gas_A      Gas_B     Gas_tot    Dense_A    Dense_B   Dense_tot   Lg_clust  DP_density GP_density Clust_area  Gas_area     MCS    
   0.00       7500       7500      15000        0          0          0          6         0.00       0.76       0.00     19634.96      0     
114583.00     7500       7500      15000        0          0          0         654        0.00       0.76       0.00     19634.96      0     
229166.00     6253       6242      12495       1247       1258       2505       1317       0.96       0.73     2607.08    17027.88     1252   
343749.00     4290       4119       8409       3210       3381       6591       1901       1.00       0.65     6598.01    13036.95     1647   
458332.00     3911       3670       7581       3589       3830       7419       2143       1.03       0.61     7187.42    12447.53     1854   
572915.00     3259       2916       6175       4241       4584       8825       4796       1.05       0.55     8395.57    11239.39     2941   
687498.00     2938       2560       5498       4562       4940       9502       4910       1.07       0.51     8853.81    10781.14     3167   
802081.00     2421       2002       4423       5079       5498      10577       5529       1.08       0.45     9762.34    9872.61      3525   
916664.00     2206       1754       3960       5294       5746      11040       5746       1.09       0.42     10115.86   9519.09      3680   
1031247.00    1997       1630       3627       5503       5870      11373       5792       1.09       0.39     10403.54   9231.42      3791   
1145830.00    2016       1586       3602       5484       5914      11398       5722       1.10       0.39     10396.88   9238.08      5699   
1260413.00    1737       1342       3079       5763       6158      11921       6182       1.09       0.35     10887.94   8747.02      5960   
1374996.00    1831       1370       3201       5669       6130      11799       5916       1.10       0.36     10743.83   8891.13      5899   
1489579.00    1768       1339       3107       5732       6161      11893       6035       1.09       0.36     10888.44   8746.52      5946   
1604162.00    1872       1442       3314       5628       6058      11686       6104       1.09       0.37     10748.93   8886.02      5843   
1718745.00    1782       1464       3246       5718       6036      11754       5540       1.10       0.36     10705.62   8929.33      3918   
1833328.00    1650       1344       2994       5850       6156      12006       6359       1.10       0.34     10896.23   8738.73      6003   
1947911.00    1523       1166       2689       5977       6334      12311       6470       1.09       0.32     11266.58   8368.38      6155   
2062494.00    1795       1373       3168       5705       6127      11832       6582       1.09       0.36     10843.41   8791.55      5916   
2177077.00    1963       1536       3499       5537       5964      11501       6504       1.10       0.38     10491.20   9143.76      5750   
2291660.00    1989       1597       3586       5511       5903      11414       6501       1.10       0.39     10394.81   9240.15      5707   
2406243.00    1826       1443       3269       5674       6057      11731       6766       1.11       0.36     10572.60   9062.35      5865   
2520826.00    1752       1302       3054       5748       6198      11946       6917       1.10       0.35     10864.40   8770.56      5973   
2635409.00    1802       1419       3221       5698       6081      11779       6821       1.10       0.36     10724.09   8910.87      5889   
2749992.00    1846       1444       3290       5654       6056      11710       6823       1.10       0.37     10689.50   8945.45      5855   
2864575.00    1951       1522       3473       5549       5978      11527       4927       1.09       0.38     10562.01   9072.95      3842   
2979158.00    1829       1464       3293       5671       6036      11707       6635       1.08       0.37     10808.25   8826.70      5853   
3093741.00    1887       1546       3433       5613       5954      11567       5113       1.08       0.38     10660.86   8974.10      3855   
3208324.00    1899       1522       3421       5601       5978      11579       5118       1.09       0.38     10648.85   8986.11      3859   
3322907.00    1883       1542       3425       5617       5958      11575       5058       1.09       0.38     10639.19   8995.76      3858   
3437490.00    1887       1579       3466       5613       5921      11534       5265       1.09       0.38     10598.39   9036.56      3844   
3552073.00    1766       1482       3248       5734       6018      11752       7396       1.09       0.37     10767.90   8867.06      5876   
3666656.00    1715       1449       3164       5785       6051      11836      11836       1.10       0.36     10798.75   8836.20     11836   
3781239.00    1605       1396       3001       5895       6104      11999      11999       1.09       0.35     11003.17   8631.79     11999   
3895822.00    1583       1291       2874       5917       6209      12126      12126       1.10       0.33     10999.19   8635.76     12126   
4010405.00    1641       1356       2997       5859       6144      12003      12003       1.10       0.34     10895.99   8738.97     12003   
4124988.00    1548       1203       2751       5952       6297      12249      12249       1.10       0.32     11130.48   8504.47     12249   
4239571.00    1561       1196       2757       5939       6304      12243      12243       1.10       0.32     11112.06   8522.89     12243   
4354154.00    1643       1202       2845       5857       6298      12155      12155       1.11       0.33     10935.25   8699.70     12155   
4468737.00    1650       1242       2892       5850       6258      12108      12108       1.11       0.33     10932.67   8702.28     12108   
4583320.00    1651       1276       2927       5849       6224      12073      12073       1.11       0.34     10902.93   8732.03     12073   
4697903.00    1646       1298       2944       5854       6202      12056      12056       1.11       0.34     10870.65   8764.30     12056   
4812486.00    1452       1147       2599       6048       6353      12401      12401       1.10       0.31     11230.41   8404.54     12401   
4927069.00    1571       1237       2808       5929       6263      12192      12192       1.10       0.33     11039.48   8595.47     12192   
5041652.00    1549       1134       2683       5951       6366      12317      12317       1.10       0.32     11150.90   8484.05     12317   
5156235.00    1692       1244       2936       5808       6256      12064      12064       1.11       0.34     10906.06   8728.89     12064   
5270818.00    1749       1342       3091       5751       6158      11909      11909       1.10       0.35     10828.56   8806.39     11909   
5385401.00    1706       1305       3011       5794       6195      11989      11989       1.11       0.34     10838.68   8796.27     11989   
5499984.00    1708       1393       3101       5792       6107      11899      11899       1.11       0.35     10736.70   8898.25     11899   
5614567.00    1650       1365       3015       5850       6135      11985      11985       1.12       0.34     10735.31   8899.64     11985   
5729150.00    1640       1366       3006       5860       6134      11994      11994       1.13       0.33     10655.94   8979.02     11994   
5843733.00    1570       1255       2825       5930       6245      12175      12175       1.12       0.32     10836.27   8798.69     12175   
5958316.00    1453       1159       2612       6047       6341      12388      12388       1.12       0.30     11027.46   8607.50     12388   
6072899.00    1441       1099       2540       6059       6401      12460      12460       1.12       0.30     11109.84   8525.11     12460   
6187482.00    1387       1061       2448       6113       6439      12552      12552       1.12       0.29     11225.09   8409.86     12552   
6302065.00    1420       1082       2502       6080       6418      12498      12498       1.11       0.30     11219.75   8415.21     12498   
6416648.00    1522       1186       2708       5978       6314      12292      12292       1.12       0.31     10967.13   8667.83     12292   
6531231.00    1410       1053       2463       6090       6447      12537      12537       1.11       0.29     11276.66   8358.29     12537   
6645814.00    1549       1173       2722       5951       6327      12278      12278       1.12       0.32     11003.15   8631.81     12278   
6760397.00    1577       1239       2816       5923       6261      12184      12184       1.11       0.32     10962.67   8672.29     12184   
6874980.00    1591       1292       2883       5909       6208      12117      12117       1.12       0.33     10777.68   8857.28     12117   
6989563.00    1516       1222       2738       5984       6278      12262      12262       1.13       0.31     10894.02   8740.94     12262   
7104146.00    1442       1160       2602       6058       6340      12398      12398       1.13       0.30     10999.96   8634.99     12398   
7218729.00    1530       1186       2716       5970       6314      12284      12284       1.13       0.31     10892.52   8742.44     12284   
7333312.00    1475       1159       2634       6025       6341      12366      12366       1.13       0.30     10983.47   8651.49     12366   
7447895.00    1386       1072       2458       6114       6428      12542      12542       1.13       0.29     11126.73   8508.22     12542   
7562478.00    1393       1045       2438       6107       6455      12562      12562       1.13       0.29     11155.12   8479.84     12562   
7677061.00    1350       1096       2446       6150       6404      12554      12554       1.12       0.29     11208.61   8426.35     12554   
7791644.00    1404       1136       2540       6096       6364      12460      12460       1.11       0.30     11214.10   8420.85     12460   
7906227.00    1525       1234       2759       5975       6266      12241      12241       1.11       0.32     11065.81   8569.15     12241   
8020810.00    1553       1264       2817       5947       6236      12183      12183       1.11       0.33     11005.80   8629.16     12183   
8135393.00    1548       1213       2761       5952       6287      12239      12239       1.11       0.32     10980.71   8654.25     12239   
8249976.00    1558       1282       2840       5942       6218      12160      12160       1.12       0.32     10854.91   8780.04     12160   
8364559.00    1492       1163       2655       6008       6337      12345      12345       1.12       0.31     10991.10   8643.86     12345   
8479142.00    1505       1215       2720       5995       6285      12280      12280       1.13       0.31     10830.98   8803.98     12280   
8593725.00    1311       1013       2324       6189       6487      12676      12676       1.14       0.27     11157.84   8477.11     12676   
8708308.00    1291       987        2278       6209       6513      12722      12722       1.13       0.27     11297.15   8337.81     12722   
8822891.00    1261       958        2219       6239       6542      12781      12781       1.13       0.27     11324.52   8310.43     12781   
8937474.00    1307       980        2287       6193       6520      12713      12713       1.12       0.28     11391.09   8243.87     12713   
9052057.00    1358       1063       2421       6142       6437      12579      12579       1.12       0.29     11251.92   8383.04     12579   
9166640.00    1386       1080       2466       6114       6420      12534      12534       1.12       0.29     11171.81   8463.14     12534   
9281223.00    1328       1034       2362       6172       6466      12638      12638       1.12       0.28     11266.48   8368.47     12638   
9395806.00    1365       1087       2452       6135       6413      12548      12548       1.12       0.29     11220.37   8414.59     12548   
9510389.00    1436       1154       2590       6064       6346      12410      12410       1.12       0.30     11113.07   8521.88     12410   
9624972.00    1362       1093       2455       6138       6407      12545      12545       1.12       0.29     11249.35   8385.61     12545   
9739555.00    1411       1112       2523       6089       6388      12477      12477       1.11       0.30     11223.93   8411.02     12477   
9854138.00    1519       1230       2749       5981       6270      12251      12251       1.11       0.32     11016.43   8618.52     12251   
9968721.00    1448       1222       2670       6052       6278      12330      12330       1.12       0.31     11049.48   8585.48     12330   
10083304.00    1451       1182       2633       6049       6318      12367      12367       1.12       0.31     11067.66   8567.29     12367   
10197887.00    1413       1182       2595       6087       6318      12405      12405       1.12       0.30     11099.09   8535.86     12405   
10312470.00    1372       1210       2582       6128       6290      12418      12418       1.12       0.30     11056.15   8578.81     12418   
10427053.00    1312       1082       2394       6188       6418      12606      12606       1.13       0.28     11169.66   8465.29     12606   
10541636.00    1294       1076       2370       6206       6424      12630      12630       1.13       0.28     11208.74   8426.22     12630   
10656219.00    1267       1091       2358       6233       6409      12642      12642       1.12       0.28     11242.84   8392.11     12642   
10770802.00    1243       1129       2372       6257       6371      12628      12628       1.12       0.28     11241.74   8393.21     12628   
10885385.00    1312       1183       2495       6188       6317      12505      12505       1.13       0.29     11098.55   8536.40     12505   
10999968.00    1380       1163       2543       6120       6337      12457      12457       1.13       0.30     11020.46   8614.50     12457   
11114551.00    1359       1067       2426       6141       6433      12574      12574       1.13       0.29     11175.11   8459.84     12574   
11229134.00    1286       1074       2360       6214       6426      12640      12640       1.13       0.28     11198.92   8436.04     12640   
11343717.00    1248       1040       2288       6252       6460      12712      12712       1.13       0.27     11272.35   8362.61     12712   
11458300.00    1319       1075       2394       6181       6425      12606      12606       1.12       0.29     11240.17   8394.79     12606   
11572883.00    1385       1113       2498       6115       6387      12502      12502       1.12       0.29     11133.78   8501.18     12502   
11687466.00    1392       1156       2548       6108       6344      12452      12452       1.12       0.30     11088.76   8546.20     12452   
11802049.00    1415       1173       2588       6085       6327      12412      12412       1.13       0.30     11018.10   8616.85     12412   
11916632.00    1538       1276       2814       5962       6224      12186      12186       1.13       0.32     10813.08   8821.88     12186   
12031215.00    1504       1262       2766       5996       6238      12234      12234       1.13       0.31     10799.44   8835.51     12234   
12145798.00    1386       1139       2525       6114       6361      12475      12475       1.13       0.29     11032.27   8602.68     12475   
12260381.00    1368       1073       2441       6132       6427      12559      12559       1.13       0.29     11076.28   8558.67     12559   
12374964.00    1266       1012       2278       6234       6488      12722      12722       1.13       0.27     11210.23   8424.72     12722   
12489547.00    1329       1026       2355       6171       6474      12645      12645       1.13       0.28     11193.00   8441.96     12645   
12604130.00    1452       1126       2578       6048       6374      12422      12422       1.13       0.30     11008.53   8626.43     12422   
12718713.00    1454       1152       2606       6046       6348      12394      12394       1.13       0.30     10947.36   8687.59     12394   
12833296.00    1340       1054       2394       6160       6446      12606      12606       1.13       0.28     11180.95   8454.01     12606   
12947879.00    1409       1121       2530       6091       6379      12470      12470       1.12       0.30     11085.89   8549.06     12470   
13062462.00    1354       1082       2436       6146       6418      12564      12564       1.13       0.29     11116.67   8518.28     12564   
13177045.00    1332       1033       2365       6168       6467      12635      12635       1.13       0.28     11194.39   8440.56     12635   
13291628.00    1363       1093       2456       6137       6407      12544      12544       1.13       0.29     11059.59   8575.36     12544   
13406211.00    1357       1054       2411       6143       6446      12589      12589       1.13       0.28     11107.86   8527.10     12589   
13520794.00    1372       1011       2383       6128       6489      12617      12617       1.12       0.28     11217.87   8417.09     12617   
13635377.00    1427       1090       2517       6073       6410      12483      12483       1.12       0.30     11148.85   8486.10     12483   
13749960.00    1485       1154       2639       6015       6346      12361      12361       1.12       0.31     10992.78   8642.18     12361   
13864543.00    1426       1143       2569       6074       6357      12431      12431       1.13       0.30     11018.32   8616.63     12431   
13979126.00    1391       1129       2520       6109       6371      12480      12480       1.13       0.29     11057.39   8577.57     12480   
14093709.00    1361       1108       2469       6139       6392      12531      12531       1.13       0.29     11118.68   8516.28     12531   
14208292.00    1391       1112       2503       6109       6388      12497      12497       1.13       0.29     11043.57   8591.39     12497   
14322875.00    1313       1008       2321       6187       6492      12679      12679       1.13       0.27     11173.37   8461.59     12679   
14437458.00    1248       998        2246       6252       6502      12754      12754       1.13       0.27     11261.52   8373.44     12754   
14552041.00    1312       1028       2340       6188       6472      12660      12660       1.13       0.28     11177.26   8457.70     12660   
14666624.00    1221       1004       2225       6279       6496      12775      12775       1.13       0.27     11295.51   8339.45     12775   
14781207.00    1277       1046       2323       6223       6454      12677      12677       1.13       0.28     11253.57   8381.39     12677   
14895790.00    1342       1071       2413       6158       6429      12587      12587       1.13       0.28     11131.98   8502.97     12587   
15010373.00    1351       1084       2435       6149       6416      12565      12565       1.13       0.29     11092.20   8542.76     12565   
15124956.00    1293       1012       2305       6207       6488      12695      12695       1.13       0.27     11193.12   8441.83     12695   
15239539.00    1238       962        2200       6262       6538      12800      12800       1.14       0.26     11272.82   8362.14     12800   
15354122.00    1327       1072       2399       6173       6428      12601      12601       1.13       0.28     11193.88   8441.07     12601   
15468705.00    1443       1205       2648       6057       6295      12352      12352       1.13       0.31     10955.02   8679.93     12352   
15583288.00    1331       1092       2423       6169       6408      12577      12577       1.12       0.29     11181.42   8453.53     12577   
15697871.00    1423       1198       2621       6077       6302      12379      12379       1.12       0.31     11055.23   8579.72     12379   
15812454.00    1389       1132       2521       6111       6368      12479      12479       1.12       0.30     11112.07   8522.88     12479   
15927037.00    1387       1106       2493       6113       6394      12507      12507       1.13       0.29     11072.99   8561.96     12507   
16041620.00    1430       1176       2606       6070       6324      12394      12394       1.13       0.30     10943.43   8691.52     12394   
16156203.00    1328       1052       2380       6172       6448      12620      12620       1.13       0.28     11185.37   8449.59     12620   
16270786.00    1306       1040       2346       6194       6460      12654      12654       1.12       0.28     11282.64   8352.31     12654   
16385369.00    1371       1070       2441       6129       6430      12559      12559       1.12       0.29     11172.57   8462.39     12559   
16499952.00    1464       1174       2638       6036       6326      12362      12362       1.13       0.30     10945.51   8689.44     12362   
16614535.00    1441       1167       2608       6059       6333      12392      12392       1.13       0.30     10929.00   8705.95     12392   
16729118.00    1332       1054       2386       6168       6446      12614      12614       1.13       0.28     11175.08   8459.88     12614   
16843701.00    1374       1050       2424       6126       6450      12576      12576       1.13       0.28     11123.13   8511.83     12576   
16958284.00    1415       1131       2546       6085       6369      12454      12454       1.13       0.30     11018.31   8616.64     12454   
17072867.00    1377       1080       2457       6123       6420      12543      12543       1.12       0.29     11156.86   8478.10     12543   
17187450.00    1423       1043       2466       6077       6457      12534      12534       1.12       0.29     11175.88   8459.07     12534   
17302033.00    1414       1084       2498       6086       6416      12502      12502       1.12       0.30     11175.75   8459.21     12502   
17416616.00    1373       1088       2461       6127       6412      12539      12539       1.12       0.29     11203.86   8431.09     12539   
17531199.00    1462       1143       2605       6038       6357      12395      12395       1.12       0.30     11035.29   8599.66     12395   
17645782.00    1411       1059       2470       6089       6441      12530      12530       1.12       0.29     11157.83   8477.13     12530   
17760365.00    1396       1072       2468       6104       6428      12532      12532       1.12       0.29     11173.75   8461.21     12532   
17874948.00    1397       1126       2523       6103       6374      12477      12477       1.13       0.30     11084.18   8550.78     12477   
17989531.00    1440       1153       2593       6060       6347      12407      12407       1.12       0.30     11032.93   8602.02     12407   
18104114.00    1433       1173       2606       6067       6327      12394      12394       1.13       0.30     10995.89   8639.07     12394   
18218697.00    1443       1200       2643       6057       6300      12357      12357       1.13       0.30     10953.39   8681.57     12357   
18333280.00    1422       1196       2618       6078       6304      12382      12382       1.13       0.30     10942.96   8692.00     12382   
18447863.00    1426       1133       2559       6074       6367      12441      12441       1.14       0.29     10927.38   8707.57     12441   
18562446.00    1471       1174       2645       6029       6326      12355      12355       1.13       0.30     10892.27   8742.68     12355   
18677029.00    1430       1170       2600       6070       6330      12400      12400       1.13       0.30     10948.23   8686.73     12400   
18791612.00    1400       1135       2535       6100       6365      12465      12465       1.13       0.29     11002.80   8632.16     12465   
18906195.00    1326       1091       2417       6174       6409      12583      12583       1.13       0.28     11122.25   8512.71     12583   
19020778.00    1388       1110       2498       6112       6390      12502      12502       1.13       0.29     11086.05   8548.90     12502   
19135361.00    1399       1075       2474       6101       6425      12526      12526       1.13       0.29     11094.66   8540.30     12526   
19249944.00    1291       1035       2326       6209       6465      12674      12674       1.13       0.28     11238.70   8396.25     12674   
19364527.00    1373       1109       2482       6127       6391      12518      12518       1.13       0.29     11035.92   8599.04     12518   
19479110.00    1329       1051       2380       6171       6449      12620      12620       1.13       0.28     11170.68   8464.28     12620   
19593693.00    1331       1068       2399       6169       6432      12601      12601       1.13       0.28     11169.38   8465.58     12601   
19708276.00    1257       976        2233       6243       6524      12767      12767       1.13       0.27     11325.57   8309.38     12767   
19822859.00    1307       1008       2315       6193       6492      12685      12685       1.13       0.28     11247.52   8387.44     12685   
19937442.00    1260       987        2247       6240       6513      12753      12753       1.12       0.27     11344.35   8290.60     12753   
20052025.00    1251       946        2197       6249       6554      12803      12803       1.12       0.27     11396.72   8238.23     12803   
20166608.00    1331       1034       2365       6169       6466      12635      12635       1.12       0.28     11301.50   8333.45     12635   
20281191.00    1437       1067       2504       6063       6433      12496      12496       1.12       0.30     11206.82   8428.13     12496   
20395774.00    1450       1139       2589       6050       6361      12411      12411       1.11       0.30     11137.56   8497.39     12411   
20510357.00    1461       1097       2558       6039       6403      12442      12442       1.11       0.30     11176.91   8458.04     12442   
20624940.00    1466       1135       2601       6034       6365      12399      12399       1.12       0.30     11061.74   8573.21     12399   
20739523.00    1451       1165       2616       6049       6335      12384      12384       1.12       0.30     11036.90   8598.06     12384   
20854106.00    1500       1179       2679       6000       6321      12321      12321       1.13       0.31     10930.84   8704.12     12321   
20968689.00    1478       1170       2648       6022       6330      12352      12352       1.12       0.31     10988.51   8646.45     12352   
21083272.00    1438       1137       2575       6062       6363      12425      12425       1.12       0.30     11056.41   8578.55     12425   
21197855.00    1347       1046       2393       6153       6454      12607      12607       1.12       0.29     11262.34   8372.61     12607   
21312438.00    1377       1106       2483       6123       6394      12517      12517       1.12       0.29     11150.25   8484.70     12517   
21427021.00    1389       1121       2510       6111       6379      12490      12490       1.12       0.30     11169.13   8465.83     12490   
21541604.00    1397       1103       2500       6103       6397      12500      12500       1.12       0.29     11135.55   8499.41     12500   
21656187.00    1390       1098       2488       6110       6402      12512      12512       1.12       0.29     11130.98   8503.97     12512   
21770770.00    1435       1119       2554       6065       6381      12446      12446       1.13       0.30     11024.18   8610.78     12446   
21885353.00    1389       1107       2496       6111       6393      12504      12504       1.12       0.29     11138.74   8496.22     12504   
21999936.00    1419       1101       2520       6081       6399      12480      12480       1.13       0.29     11037.39   8597.56     12480   
22114519.00    1362       1063       2425       6138       6437      12575      12575       1.13       0.28     11123.55   8511.40     12575   
22229102.00    1334       1066       2400       6166       6434      12600      12600       1.13       0.28     11138.21   8496.75     12600   
22343685.00    1331       1089       2420       6169       6411      12580      12580       1.13       0.28     11099.39   8535.57     12580   
22458268.00    1388       1124       2512       6112       6376      12488      12488       1.14       0.29     10979.03   8655.92     12488   
22572851.00    1375       1091       2466       6125       6409      12534      12534       1.14       0.29     11018.27   8616.68     12534   
22687434.00    1310       1053       2363       6190       6447      12637      12637       1.14       0.28     11060.96   8573.99     12637   
22802017.00    1303       1041       2344       6197       6459      12656      12656       1.13       0.28     11195.55   8439.40     12656   
22916600.00    1265       1041       2306       6235       6459      12694      12694       1.13       0.27     11249.39   8385.56     12694   
23031183.00    1330       1052       2382       6170       6448      12618      12618       1.13       0.28     11208.43   8426.53     12618   
23145766.00    1383       1109       2492       6117       6391      12508      12508       1.13       0.29     11049.48   8585.47     12508   
23260349.00    1350       1078       2428       6150       6422      12572      12572       1.13       0.28     11098.85   8536.10     12572   
23374932.00    1249       1008       2257       6251       6492      12743      12743       1.13       0.27     11253.94   8381.01     12743   
23489515.00    1215       983        2198       6285       6517      12802      12802       1.13       0.26     11327.40   8307.55     12802   
23604098.00    1229       1018       2247       6271       6482      12753      12753       1.13       0.27     11315.88   8319.08     12753   
23718681.00    1379       1147       2526       6121       6353      12474      12474       1.13       0.29     11037.29   8597.66     12474   
23833264.00    1476       1240       2716       6024       6260      12284      12284       1.13       0.31     10888.52   8746.43     12284   
23947847.00    1531       1243       2774       5969       6257      12226      12226       1.13       0.32     10849.64   8785.31     12226   
24062430.00    1431       1107       2538       6069       6393      12462      12462       1.13       0.29     11010.35   8624.60     12462   
24177013.00    1360       999        2359       6140       6501      12641      12641       1.13       0.28     11183.79   8451.17     12641   
24291596.00    1331       1005       2336       6169       6495      12664      12664       1.13       0.28     11254.11   8380.85     12664   
24406179.00    1372       989        2361       6128       6511      12639      12639       1.12       0.28     11259.08   8375.87     12639   
24520762.00    1366       1009       2375       6134       6491      12625      12625       1.12       0.29     11314.38   8320.58     12625   
24635345.00    1385       1070       2455       6115       6430      12545      12545       1.11       0.29     11310.47   8324.49     12545   
24749928.00    1459       1104       2563       6041       6396      12437      12437       1.11       0.30     11175.77   8459.18     12437   
24864511.00    1560       1204       2764       5940       6296      12236      12236       1.10       0.32     11089.89   8545.07     12236   
24979094.00    1775       1404       3179       5725       6096      11821      11821       1.11       0.35     10660.43   8974.53     11821   
25093677.00    1642       1332       2974       5858       6168      12026      12026       1.12       0.34     10785.48   8849.47     12026   
25208260.00    1623       1279       2902       5877       6221      12098      12098       1.12       0.33     10758.31   8876.65     12098   
25322843.00    1484       1112       2596       6016       6388      12404      12404       1.12       0.30     11079.59   8555.36     12404   
25437426.00    1488       1108       2596       6012       6392      12404      12404       1.12       0.30     11102.97   8531.98     12404   
25552009.00    1450       1159       2609       6050       6341      12391      12391       1.12       0.31     11086.21   8548.75     12391   
25666592.00    1451       1162       2613       6049       6338      12387      12387       1.12       0.30     11033.20   8601.76     12387   
25781175.00    1476       1209       2685       6024       6291      12315      12315       1.12       0.31     10956.26   8678.69     12315   
25895758.00    1500       1147       2647       6000       6353      12353      12353       1.12       0.31     11027.55   8607.40     12353   
26010341.00    1544       1189       2733       5956       6311      12267      12267       1.12       0.32     10989.60   8645.35     12267   
26124924.00    1605       1241       2846       5895       6259      12154      12154       1.12       0.32     10855.36   8779.60     12154   
26239507.00    1527       1151       2678       5973       6349      12322      12322       1.12       0.31     10995.51   8639.45     12322   
26354090.00    1528       1244       2772       5972       6256      12228      12228       1.12       0.32     10871.53   8763.42     12228   
26468673.00    1600       1243       2843       5900       6257      12157      12157       1.12       0.32     10824.00   8810.95     12157   
26583256.00    1661       1308       2969       5839       6192      12031      12031       1.12       0.33     10715.78   8919.17     12031   
26697839.00    1610       1269       2879       5890       6231      12121      12121       1.13       0.32     10709.04   8925.91     12121   
26812422.00    1465       1170       2635       6035       6330      12365      12365       1.14       0.30     10873.44   8761.51     12365   
26927005.00    1450       1140       2590       6050       6360      12410      12410       1.14       0.30     10863.30   8771.66     12410   
27041588.00    1353       1055       2408       6147       6445      12592      12592       1.14       0.28     11057.57   8577.39     12592   
27156171.00    1243       953        2196       6257       6547      12804      12804       1.14       0.26     11275.98   8358.97     12804   
27270754.00    1269       987        2256       6231       6513      12744      12744       1.13       0.27     11285.21   8349.74     12744   
27385337.00    1346       1088       2434       6154       6412      12566      12566       1.13       0.29     11160.52   8474.44     12566   
27499920.00    1389       1094       2483       6111       6406      12517      12517       1.13       0.29     11049.75   8585.21     12517   
27614503.00    1367       1056       2423       6133       6444      12577      12577       1.14       0.28     11070.80   8564.15     12577   
27729086.00    1323       1047       2370       6177       6453      12630      12630       1.13       0.28     11164.71   8470.25     12630   
27843669.00    1307       1057       2364       6193       6443      12636      12636       1.12       0.28     11250.98   8383.98     12636   
27958252.00    1331       1097       2428       6169       6403      12572      12572       1.12       0.29     11214.04   8420.91     12572   
28072835.00    1485       1230       2715       6015       6270      12285      12285       1.13       0.31     10890.05   8744.91     12285   
28187418.00    1486       1214       2700       6014       6286      12300      12300       1.12       0.31     10995.94   8639.02     12300   
28302001.00    1573       1304       2877       5927       6196      12123      12123       1.13       0.32     10698.29   8936.66     12123   
28416584.00    1478       1160       2638       6022       6340      12362      12362       1.13       0.30     10905.08   8729.87     12362   
28531167.00    1442       1126       2568       6058       6374      12432      12432       1.13       0.30     11003.46   8631.49     12432   
28645750.00    1495       1193       2688       6005       6307      12312      12312       1.13       0.31     10888.00   8746.96     12312   
28760333.00    1456       1195       2651       6044       6305      12349      12349       1.13       0.30     10916.87   8718.08     12349   
28874916.00    1434       1162       2596       6066       6338      12404      12404       1.13       0.30     10940.28   8694.68     12404   
28989499.00    1351       1057       2408       6149       6443      12592      12592       1.13       0.28     11131.10   8503.86     12592   
29104082.00    1354       1057       2411       6146       6443      12589      12589       1.13       0.29     11188.12   8446.83     12589   
29218665.00    1465       1124       2589       6035       6376      12411      12411       1.12       0.30     11036.85   8598.11     12411   
29333248.00    1519       1231       2750       5981       6269      12250      12250       1.12       0.32     10967.14   8667.82     12250   
29447831.00    1665       1348       3013       5835       6152      11987      11987       1.12       0.34     10728.31   8906.64     11987   
29562414.00    1647       1315       2962       5853       6185      12038      12038       1.12       0.33     10711.35   8923.60     12038   
29676997.00    1583       1252       2835       5917       6248      12165      12165       1.12       0.32     10863.81   8771.15     12165   
29791580.00    1538       1156       2694       5962       6344      12306      12306       1.12       0.31     10959.99   8674.97     12306   
29906163.00    1599       1226       2825       5901       6274      12175      12175       1.13       0.32     10801.46   8833.49     12175   
30020746.00    1510       1196       2706       5990       6304      12294      12294       1.12       0.31     10962.17   8672.79     12294   
30135329.00    1471       1113       2584       6029       6387      12416      12416       1.12       0.30     11043.34   8591.62     12416   
30249912.00    1441       1086       2527       6059       6414      12473      12473       1.12       0.30     11144.94   8490.02     12473   
30364495.00    1382       1074       2456       6118       6426      12544      12544       1.12       0.29     11226.11   8408.84     12544   
30479078.00    1439       1103       2542       6061       6397      12458      12458       1.12       0.30     11131.67   8503.28     12458   
30593661.00    1421       1106       2527       6079       6394      12473      12473       1.12       0.30     11127.40   8507.56     12473   
30708244.00    1395       1072       2467       6105       6428      12533      12533       1.12       0.29     11165.62   8469.34     12533   
30822827.00    1481       1164       2645       6019       6336      12355      12355       1.13       0.30     10921.35   8713.60     12355   
30937410.00    1380       1013       2393       6120       6487      12607      12607       1.13       0.28     11107.91   8527.04     12607   
31051993.00    1383       990        2373       6117       6510      12627      12627       1.13       0.28     11139.91   8495.04     12627   
31166576.00    1336       929        2265       6164       6571      12735      12735       1.14       0.27     11184.13   8450.82     12735   
31281159.00    1341       982        2323       6159       6518      12677      12677       1.14       0.27     11165.81   8469.15     12677   
31395742.00    1349       970        2319       6151       6530      12681      12681       1.13       0.28     11212.62   8422.34     12681   
31510325.00    1285       976        2261       6215       6524      12739      12739       1.12       0.27     11361.65   8273.30     12739   
31624908.00    1405       1076       2481       6095       6424      12519      12519       1.11       0.30     11243.24   8391.72     12519   
31739491.00    1416       1023       2439       6084       6477      12561      12561       1.12       0.29     11235.40   8399.56     12561   
31854074.00    1417       1070       2487       6083       6430      12513      12513       1.12       0.29     11201.00   8433.96     12513   
31968657.00    1378       1089       2467       6122       6411      12533      12533       1.12       0.29     11180.68   8454.27     12533   
32083240.00    1473       1130       2603       6027       6370      12397      12397       1.13       0.30     10990.26   8644.69     12397   
32197823.00    1548       1245       2793       5952       6255      12207      12207       1.13       0.32     10792.48   8842.48     12207   
32312406.00    1551       1182       2733       5949       6318      12267      12267       1.13       0.31     10895.80   8739.15     12267   
32426989.00    1469       1134       2603       6031       6366      12397      12397       1.13       0.30     11001.31   8633.65     12397   
32541572.00    1494       1174       2668       6006       6326      12332      12332       1.13       0.31     10888.21   8746.75     12332   
32656155.00    1447       1093       2540       6053       6407      12460      12460       1.13       0.30     11049.72   8585.24     12460   
32770738.00    1402       1071       2473       6098       6429      12527      12527       1.12       0.29     11177.91   8457.05     12527   
32885321.00    1490       1187       2677       6010       6313      12323      12323       1.12       0.31     11050.94   8584.01     12323   
32999904.00    1621       1222       2843       5879       6278      12157      12157       1.12       0.32     10860.69   8774.27     12157   
33114487.00    1676       1288       2964       5824       6212      12036      12036       1.13       0.33     10630.29   9004.67     12036   
33229070.00    1560       1258       2818       5940       6242      12182      12182       1.13       0.32     10806.80   8828.16     12182   
33343653.00    1527       1132       2659       5973       6368      12341      12341       1.12       0.31     11015.79   8619.17     12341   
33458236.00    1528       1100       2628       5972       6400      12372      12372       1.12       0.31     11032.80   8602.16     12372   
33572819.00    1568       1175       2743       5932       6325      12257      12257       1.11       0.32     11012.87   8622.09     12257   
33687402.00    1598       1187       2785       5902       6313      12215      12215       1.11       0.32     10978.08   8656.87     12215   
33801985.00    1521       1132       2653       5979       6368      12347      12347       1.12       0.31     11024.65   8610.31     12347   
33916568.00    1649       1273       2922       5851       6227      12078      12078       1.13       0.33     10730.50   8904.46     12078   
34031151.00    1526       1198       2724       5974       6302      12276      12276       1.13       0.31     10902.89   8732.07     12276   
34145734.00    1621       1317       2938       5879       6183      12062      12062       1.14       0.33     10613.92   9021.03     12062   
34260317.00    1508       1229       2737       5992       6271      12263      12263       1.14       0.31     10742.40   8892.55     12263   
34374900.00    1464       1199       2663       6036       6301      12337      12337       1.14       0.30     10835.91   8799.05     12337   
34489483.00    1450       1142       2592       6050       6358      12408      12408       1.13       0.30     10934.46   8700.50     12408   
34604066.00    1497       1213       2710       6003       6287      12290      12290       1.13       0.31     10849.40   8785.55     12290   
34718649.00    1541       1269       2810       5959       6231      12190      12190       1.14       0.32     10717.63   8917.32     12190   
34833232.00    1423       1095       2518       6077       6405      12482      12482       1.14       0.29     10983.15   8651.81     12482   
34947815.00    1471       1168       2639       6029       6332      12361      12361       1.14       0.30     10820.48   8814.47     12361   
35062398.00    1339       1026       2365       6161       6474      12635      12635       1.14       0.28     11113.19   8521.76     12635   
35176981.00    1343       1023       2366       6157       6477      12634      12634       1.14       0.28     11119.45   8515.50     12634   
35291564.00    1395       1056       2451       6105       6444      12549      12549       1.13       0.29     11123.36   8511.60     12549   
35406147.00    1423       1069       2492       6077       6431      12508      12508       1.12       0.29     11130.96   8504.00     12508   
35520730.00    1335       1007       2342       6165       6493      12658      12658       1.13       0.28     11231.18   8403.77     12658   
35635313.00    1298       959        2257       6202       6541      12743      12743       1.12       0.27     11328.06   8306.90     12743   
35749896.00    1309       1022       2331       6191       6478      12669      12669       1.12       0.28     11293.05   8341.91     12669   
35864479.00    1345       1035       2380       6155       6465      12620      12620       1.12       0.28     11229.21   8405.74     12620   
35979062.00    1306       979        2285       6194       6521      12715      12715       1.13       0.27     11285.48   8349.48     12715   
36093645.00    1377       1094       2471       6123       6406      12529      12529       1.13       0.29     11110.38   8524.58     12529   
36208228.00    1353       1102       2455       6147       6398      12545      12545       1.13       0.29     11112.56   8522.39     12545   
36322811.00    1378       1087       2465       6122       6413      12535      12535       1.13       0.29     11083.40   8551.56     12535   
36437394.00    1401       1109       2510       6099       6391      12490      12490       1.12       0.29     11103.37   8531.59     12490   
36551977.00    1431       1159       2590       6069       6341      12410      12410       1.13       0.30     11025.43   8609.52     12410   
36666560.00    1477       1172       2649       6023       6328      12351      12351       1.13       0.30     10907.01   8727.94     12351   
36781143.00    1353       1041       2394       6147       6459      12606      12606       1.13       0.28     11154.92   8480.03     12606   
36895726.00    1461       1063       2524       6039       6437      12476      12476       1.13       0.29     11038.77   8596.19     12476   
37010309.00    1457       1051       2508       6043       6449      12492      12492       1.13       0.29     11037.91   8597.04     12492   
37124892.00    1456       1029       2485       6044       6471      12515      12515       1.13       0.29     11059.20   8575.76     12515   
37239475.00    1411       1036       2447       6089       6464      12553      12553       1.13       0.29     11096.03   8538.93     12553   
37354058.00    1441       1090       2531       6059       6410      12469      12469       1.12       0.30     11083.80   8551.16     12469   
37468641.00    1461       1132       2593       6039       6368      12407      12407       1.13       0.30     10997.11   8637.84     12407   
37583224.00    1384       1125       2509       6116       6375      12491      12491       1.13       0.29     11053.38   8581.58     12491   
37697807.00    1502       1211       2713       5998       6289      12287      12287       1.13       0.31     10840.49   8794.46     12287   
37812390.00    1524       1170       2694       5976       6330      12306      12306       1.14       0.31     10817.07   8817.89     12306   
37926973.00    1436       1097       2533       6064       6403      12467      12467       1.13       0.29     10994.06   8640.90     12467   
38041556.00    1441       1082       2523       6059       6418      12477      12477       1.13       0.29     11027.18   8607.78     12477   
38156139.00    1385       1053       2438       6115       6447      12562      12562       1.13       0.29     11123.66   8511.29     12562   
38270722.00    1392       1058       2450       6108       6442      12550      12550       1.13       0.29     11110.10   8524.86     12550   
38385305.00    1339       995        2334       6161       6505      12666      12666       1.13       0.28     11256.87   8378.08     12666   
38499888.00    1319       981        2300       6181       6519      12700      12700       1.12       0.28     11289.09   8345.86     12700   
38614471.00    1345       1038       2383       6155       6462      12617      12617       1.12       0.28     11246.62   8388.34     12617   
38729054.00    1365       1053       2418       6135       6447      12582      12582       1.11       0.29     11305.78   8329.17     12582   
38843637.00    1495       1146       2641       6005       6354      12359      12359       1.11       0.31     11132.33   8502.63     12359   
38958220.00    1456       1139       2595       6044       6361      12405      12405       1.10       0.31     11264.08   8370.87     12405   
39072803.00    1560       1224       2784       5940       6276      12216      12216       1.11       0.32     11054.68   8580.28     12216   
39187386.00    1576       1338       2914       5924       6162      12086      12086       1.11       0.33     10850.81   8784.15     12086   
39301969.00    1590       1240       2830       5910       6260      12170      12170       1.12       0.32     10896.45   8738.51     12170   
39416552.00    1661       1284       2945       5839       6216      12055      12055       1.13       0.33     10698.26   8936.70     12055   
39531135.00    1539       1199       2738       5961       6301      12262      12262       1.12       0.31     10930.55   8704.41     12262   
39645718.00    1440       1122       2562       6060       6378      12438      12438       1.12       0.30     11112.47   8522.48     12438   
39760301.00    1478       1115       2593       6022       6385      12407      12407       1.13       0.30     11000.60   8634.35     12407   
39874884.00    1373       1079       2452       6127       6421      12548      12548       1.12       0.29     11198.44   8436.52     12548   
39989467.00    1362       1083       2445       6138       6417      12555      12555       1.12       0.29     11258.82   8376.13     12555   
40104050.00    1434       1139       2573       6066       6361      12427      12427       1.11       0.30     11167.46   8467.50     12427   
40218633.00    1447       1122       2569       6053       6378      12431      12431       1.11       0.30     11178.21   8456.75     12431   
40333216.00    1547       1223       2770       5953       6277      12230      12230       1.11       0.32     11001.86   8633.10     12230   
40447799.00    1591       1247       2838       5909       6253      12162      12162       1.11       0.33     10917.37   8717.58     12162   
40562382.00    1550       1259       2809       5950       6241      12191      12191       1.11       0.32     10968.53   8666.43     12191   
40676965.00    1555       1278       2833       5945       6222      12167      12167       1.11       0.33     10941.34   8693.62     12167   
40791548.00    2004       1786       3790       5496       5714      11210      11210       1.13       0.39     9955.20    9679.75     11210   
40906131.00    1935       1732       3667       5565       5768      11333      11333       1.13       0.38     10024.48   9610.47     11333   
41020714.00    1890       1656       3546       5610       5844      11454      11454       1.13       0.37     10159.31   9475.64     11454   
41135297.00    1919       1660       3579       5581       5840      11421      11421       1.13       0.38     10123.15   9511.80     11421   
41249880.00    1843       1597       3440       5657       5903      11560      11560       1.13       0.36     10204.93   9430.02     11560   
41364463.00    1772       1479       3251       5728       6021      11749      11749       1.13       0.35     10404.12   9230.83     11749   
41479046.00    1728       1494       3222       5772       6006      11778      11778       1.13       0.35     10438.52   9196.43     11778   
41593629.00    1684       1448       3132       5816       6052      11868      11868       1.13       0.34     10546.63   9088.32     11868   
41708212.00    1716       1447       3163       5784       6053      11837      11837       1.12       0.35     10532.08   9102.88     11837   
41822795.00    1781       1466       3247       5719       6034      11753      11753       1.12       0.36     10528.59   9106.36     11753   
41937378.00    1774       1449       3223       5726       6051      11777      11777       1.12       0.35     10552.52   9082.43     11777   
42051961.00    1553       1265       2818       5947       6235      12182      12182       1.12       0.32     10915.03   8719.93     12182   
42166544.00    1814       1517       3331       5686       5983      11669      11669       1.12       0.36     10432.13   9202.83     11669   
42281127.00    1856       1497       3353       5644       6003      11647      11647       1.13       0.36     10272.23   9362.72     11647   
42395710.00    1746       1376       3122       5754       6124      11878      11878       1.14       0.34     10459.00   9175.96     11878   
42510293.00    1589       1154       2743       5911       6346      12257      12257       1.13       0.31     10885.36   8749.60     12257   
42624876.00    1518       1089       2607       5982       6411      12393      12393       1.13       0.30     11010.92   8624.04     12393   
42739459.00    1516       1149       2665       5984       6351      12335      12335       1.13       0.31     10946.61   8688.34     12335   
42854042.00    1445       1134       2579       6055       6366      12421      12421       1.13       0.30     11008.95   8626.00     12421   
42968625.00    1466       1176       2642       6034       6324      12358      12358       1.13       0.30     10939.37   8695.59     12358   
43083208.00    1445       1159       2604       6055       6341      12396      12396       1.13       0.30     10955.96   8679.00     12396   
43197791.00    1426       1133       2559       6074       6367      12441      12441       1.13       0.30     11009.37   8625.59     12441   
43312374.00    1378       1098       2476       6122       6402      12524      12524       1.13       0.29     11101.54   8533.41     12524   
43426957.00    1404       1110       2514       6096       6390      12486      12486       1.13       0.29     11047.82   8587.14     12486   
43541540.00    1447       1096       2543       6053       6404      12457      12457       1.13       0.29     10989.30   8645.65     12457   
43656123.00    1393       1096       2489       6107       6404      12511      12511       1.14       0.29     11001.82   8633.13     12511   
43770706.00    1337       1025       2362       6163       6475      12638      12638       1.14       0.28     11110.43   8524.53     12638   
43885289.00    1274       968        2242       6226       6532      12758      12758       1.13       0.27     11276.64   8358.32     12758   
43999872.00    1281       1016       2297       6219       6484      12703      12703       1.13       0.28     11287.32   8347.64     12703   
44114455.00    1346       1035       2381       6154       6465      12619      12619       1.12       0.28     11231.49   8403.47     12619   
44229038.00    1340       1029       2369       6160       6471      12631      12631       1.12       0.28     11250.23   8384.73     12631   
44343621.00    1351       982        2333       6149       6518      12667      12667       1.12       0.28     11311.26   8323.70     12667   
44458204.00    1491       1168       2659       6009       6332      12341      12341       1.12       0.31     10991.81   8643.15     12341   
44572787.00    1426       1140       2566       6074       6360      12434      12434       1.12       0.30     11128.09   8506.86     12434   
44687370.00    1462       1122       2584       6038       6378      12416      12416       1.12       0.30     11081.73   8553.23     12416   
44801953.00    1427       1119       2546       6073       6381      12454      12454       1.12       0.30     11073.34   8561.61     12454   
44916536.00    1337       1049       2386       6163       6451      12614      12614       1.13       0.28     11207.60   8427.35     12614   
45031119.00    1404       1087       2491       6096       6413      12509      12509       1.13       0.29     11089.53   8545.42     12509   
45145702.00    1561       1236       2797       5939       6264      12203      12203       1.13       0.32     10812.69   8822.27     12203   
45260285.00    1509       1157       2666       5991       6343      12334      12334       1.13       0.31     10938.38   8696.57     12334   
45374868.00    1414       1034       2448       6086       6466      12552      12552       1.13       0.29     11097.73   8537.22     12552   
45489451.00    1428       1071       2499       6072       6429      12501      12501       1.13       0.29     11065.69   8569.26     12501   
45604034.00    1371       1038       2409       6129       6462      12591      12591       1.13       0.28     11115.66   8519.30     12591   
45718617.00    1369       1068       2437       6131       6432      12563      12563       1.13       0.29     11130.02   8504.94     12563   
45833200.00    1451       1160       2611       6049       6340      12389      12389       1.13       0.30     10938.97   8695.98     12389   
