 Timestep    Gas_A      Gas_B     Gas_tot    Dense_A    Dense_B   Dense_tot   Lg_clust  DP_density GP_density Clust_area  Gas_area     MCS    
   0.00       7500       7500      15000        0          0          0          6         0.00       0.76       0.00     19634.96      0     
 83333.00     7500       7500      15000        0          0          0         286        0.00       0.76       0.00     19634.96      0     
166666.00     7500       7500      15000        0          0          0         625        0.00       0.76       0.00     19634.96      0     
249999.00     7500       7500      15000        0          0          0         578        0.00       0.76       0.00     19634.96      0     
333332.00     7500       7500      15000        0          0          0         847        0.00       0.76       0.00     19634.96      0     
416665.00     6699       6532      13231       801        968        1769       1769       0.97       0.74     1814.50    17820.45     1769   
499998.00     6247       6062      12309       1253       1438       2691       1620       1.01       0.73     2666.31    16968.65     1345   
583331.00     6636       6519      13155       864        981        1845       1845       1.03       0.74     1795.33    17839.62     1845   
666664.00     5761       5607      11368       1739       1893       3632       2547       1.02       0.71     3544.98    16089.98     1816   
749997.00     5845       5651      11496       1655       1849       3504       2110       1.02       0.71     3433.10    16201.85     1752   
833330.00     5274       4962      10236       2226       2538       4764       1807       1.04       0.68     4591.26    15043.70     1588   
916663.00     5155       4795       9950       2345       2705       5050       3263       1.03       0.67     4882.73    14752.22     2525   
999996.00     4897       4400       9297       2603       3100       5703       2357       1.04       0.66     5508.17    14126.78     1901   
1083329.00    5143       4730       9873       2357       2770       5127       3587       1.03       0.67     4954.26    14680.69     2563   
1166662.00    4954       4507       9461       2546       2993       5539       1955       1.04       0.66     5326.37    14308.59     1846   
1249995.00    4297       3654       7951       3203       3846       7049       3894       1.04       0.62     6789.00    12845.96     2349   
1333328.00    4494       3935       8429       3006       3565       6571       1899       1.04       0.63     6338.45    13296.50     1642   
1416661.00    4602       4077       8679       2898       3423       6321       4341       1.03       0.64     6119.33    13515.63     3160   
1499994.00    4406       3857       8263       3094       3643       6737       3649       1.05       0.63     6428.34    13206.61     2245   
1583327.00    3952       3215       7167       3548       4285       7833       4119       1.05       0.59     7489.51    12145.44     2611   
1666660.00    4306       3729       8035       3194       3771       6965       4302       1.06       0.62     6598.48    13036.48     3482   
1749993.00    4443       3839       8282       3057       3661       6718       3922       1.05       0.62     6369.40    13265.56     3359   
1833326.00    3915       3177       7092       3585       4323       7908       5075       1.05       0.58     7497.05    12137.91     3954   
1916659.00    3983       3274       7257       3517       4226       7743       3897       1.06       0.59     7288.18    12346.77     2581   
1999992.00    4158       3390       7548       3342       4110       7452       3863       1.07       0.60     6973.27    12661.69     2484   
2083325.00    4272       3660       7932       3228       3840       7068       4100       1.07       0.61     6596.50    13038.45     3534   
2166658.00    3727       2919       6646       3773       4581       8354       4218       1.06       0.56     7849.89    11785.06     2784   
2249991.00    4223       3590       7813       3277       3910       7187       4295       1.08       0.60     6667.79    12967.17     3593   
2333324.00    4177       3544       7721       3323       3956       7279       4295       1.08       0.60     6756.87    12878.09     3639   
2416657.00    4303       3690       7993       3197       3810       7007       4422       1.08       0.61     6464.62    13170.33     3503   
2499990.00    4268       3657       7925       3232       3843       7075       4469       1.08       0.60     6528.47    13106.48     3537   
2583323.00    3613       2806       6419       3887       4694       8581       5766       1.07       0.55     7987.67    11647.28     4290   
2666656.00    3699       2904       6603       3801       4596       8397       5847       1.08       0.56     7808.44    11826.51     4198   
2749989.00    3672       2804       6476       3828       4696       8524       4620       1.07       0.56     7969.22    11665.73     2841   
2833322.00    3569       2754       6323       3931       4746       8677       5853       1.07       0.55     8074.69    11560.27     4338   
2916655.00    3570       2686       6256       3930       4814       8744       5867       1.07       0.55     8186.63    11448.33     4372   
2999988.00    3570       2751       6321       3930       4749       8679       5801       1.07       0.55     8128.27    11506.68     4339   
3083321.00    3399       2591       5990       4101       4909       9010       9010       1.07       0.53     8432.51    11202.45     9010   
3166654.00    3438       2547       5985       4062       4953       9015       7803       1.07       0.53     8421.99    11212.96     4507   
3249987.00    3603       2747       6350       3897       4753       8650       8650       1.08       0.55     8016.09    11618.87     8650   
3333320.00    3319       2403       5722       4181       5097       9278       9278       1.07       0.52     8634.13    11000.82     9278   
3416653.00    3192       2327       5519       4308       5173       9481       9481       1.07       0.51     8839.37    10795.58     9481   
3499986.00    3401       2526       5927       4099       4974       9073       6048       1.07       0.53     8477.16    11157.79     4536   
3583319.00    3321       2389       5710       4179       5111       9290       9290       1.06       0.52     8733.39    10901.56     9290   
3666652.00    3296       2426       5722       4204       5074       9278       6124       1.05       0.53     8807.96    10826.99     4639   
3749985.00    3374       2503       5877       4126       4997       9123       9123       1.05       0.54     8670.10    10964.86     9123   
3833318.00    3336       2462       5798       4164       5038       9202       6085       1.05       0.53     8738.97    10895.98     4601   
3916651.00    3433       2559       5992       4067       4941       9008       9008       1.06       0.54     8513.06    11121.90     9008   
3999984.00    3436       2593       6029       4064       4907       8971       5804       1.06       0.54     8449.36    11185.59     4485   
4083317.00    3414       2518       5932       4086       4982       9068       9068       1.06       0.53     8536.28    11098.67     9068   
4166650.00    3617       2713       6330       3883       4787       8670       5182       1.06       0.55     8154.05    11480.91     4335   
4249983.00    3484       2611       6095       4016       4889       8905       7827       1.07       0.54     8357.79    11277.17     4452   
4333316.00    3781       2872       6653       3719       4628       8347       7098       1.06       0.57     7867.50    11767.45     4173   
4416649.00    3569       2601       6170       3931       4899       8830       8830       1.05       0.55     8424.19    11210.77     8830   
4499982.00    3568       2740       6308       3932       4760       8692       5245       1.05       0.56     8298.39    11336.57     4346   
4583315.00    3994       3175       7169       3506       4325       7831       4329       1.05       0.59     7477.47    12157.48     3915   
4666648.00    4036       3278       7314       3464       4222       7686       7686       1.05       0.59     7341.49    12293.47     7686   
4749981.00    4017       3353       7370       3483       4147       7630       3979       1.05       0.60     7276.93    12358.02     3815   
4833314.00    3611       2806       6417       3889       4694       8583       8583       1.05       0.56     8204.21    11430.75     8583   
4916647.00    3477       2662       6139       4023       4838       8861       8861       1.05       0.55     8452.47    11182.49     8861   
4999980.00    3697       2923       6620       3803       4577       8380       8380       1.04       0.57     8026.27    11608.69     8380   
5083313.00    4053       3330       7383       3447       4170       7617       6599       1.05       0.60     7242.23    12392.72     3808   
5166646.00    4402       3813       8215       3098       3687       6785       6785       1.05       0.62     6486.35    13148.60     6785   
5249979.00    4190       3450       7640       3310       4050       7360       6332       1.05       0.61     7017.22    12617.73     3680   
5333312.00    4348       3573       7921       3152       3927       7079       6036       1.05       0.62     6766.07    12868.88     3539   
5416645.00    3669       2881       6550       3831       4619       8450       5658       1.04       0.57     8117.39    11517.57     2816   
5499978.00    3717       2960       6677       3783       4540       8323       7255       1.06       0.57     7874.83    11760.13     4161   
5583311.00    3618       2808       6426       3882       4692       8574       5805       1.07       0.55     8017.12    11617.83     2858   
5666644.00    3520       2701       6221       3980       4799       8779       7774       1.07       0.55     8242.31    11392.65     4389   
5749977.00    3390       2521       5911       4110       4979       9089       8058       1.06       0.53     8549.20    11085.75     4544   
5833310.00    3401       2473       5874       4099       5027       9126       8102       1.06       0.53     8595.61    11039.35     4563   
5916643.00    3375       2508       5883       4125       4992       9117       9117       1.06       0.53     8586.25    11048.71     9117   
5999976.00    3313       2495       5808       4187       5005       9192       9192       1.06       0.53     8707.01    10927.94     9192   
6083309.00    3472       2576       6048       4028       4924       8952       8952       1.07       0.54     8393.31    11241.65     8952   
6166642.00    3570       2692       6262       3930       4808       8738       7716       1.07       0.55     8177.01    11457.95     4369   
6249975.00    4290       3637       7927       3210       3863       7073       7073       1.07       0.61     6628.56    13006.40     7073   
6333308.00    4314       3619       7933       3186       3881       7067       7067       1.07       0.61     6598.61    13036.35     7067   
6416641.00    3846       2984       6830       3654       4516       8170       8170       1.06       0.57     7682.85    11952.11     8170   
6499974.00    3891       3092       6983       3609       4408       8017       5440       1.07       0.57     7484.59    12150.36     2672   
6583307.00    3637       2805       6442       3863       4695       8558       8558       1.06       0.56     8058.27    11576.68     8558   
6666640.00    3708       2869       6577       3792       4631       8423       6933       1.06       0.56     7958.22    11676.73     4211   
6749973.00    4490       3848       8338       3010       3652       6662       5641       1.07       0.62     6213.46    13421.50     3331   
6833306.00    4465       3684       8149       3035       3816       6851       5849       1.09       0.61     6287.81    13347.15     3425   
6916639.00    4360       3645       8005       3140       3855       6995       6995       1.07       0.61     6516.18    13118.77     6995   
6999972.00    4367       3648       8015       3133       3852       6985       6985       1.08       0.61     6473.53    13161.42     6985   
7083305.00    4357       3664       8021       3143       3836       6979       6979       1.08       0.61     6439.48    13195.47     6979   
7166638.00    4098       3359       7457       3402       4141       7543       7543       1.08       0.59     7011.53    12623.43     7543   
7249971.00    4115       3481       7596       3385       4019       7404       7404       1.08       0.59     6851.82    12783.14     7404   
7333304.00    4230       3547       7777       3270       3953       7223       7223       1.07       0.60     6725.10    12909.85     7223   
7416637.00    4023       3341       7364       3477       4159       7636       7636       1.07       0.59     7125.95    12509.01     7636   
7499970.00    4124       3505       7629       3376       3995       7371       7371       1.07       0.60     6868.76    12766.19     7371   
7583303.00    4142       3508       7650       3358       3992       7350       7350       1.08       0.60     6833.72    12801.23     7350   
7666636.00    4163       3549       7712       3337       3951       7288       7288       1.08       0.60     6759.59    12875.37     7288   
7749969.00    4222       3522       7744       3278       3978       7256       5417       1.08       0.60     6696.61    12938.35     3628   
7833302.00    4197       3538       7735       3303       3962       7265       7265       1.08       0.60     6713.95    12921.01     7265   
7916635.00    4076       3362       7438       3424       4138       7562       5737       1.08       0.59     7013.36    12621.60     3781   
7999968.00    4021       3316       7337       3479       4184       7663       7663       1.08       0.58     7091.67    12543.29     7663   
8083301.00    4062       3378       7440       3438       4122       7560       7560       1.08       0.59     7004.08    12630.87     7560   
8166634.00    3953       3356       7309       3547       4144       7691       7691       1.08       0.58     7136.18    12498.78     7691   
8249967.00    3935       3240       7175       3565       4260       7825       7825       1.08       0.58     7261.11    12373.84     7825   
8333300.00    3709       2937       6646       3791       4563       8354       7248       1.08       0.56     7755.51    11879.45     4177   
8416633.00    4273       3595       7868       3227       3905       7132       7132       1.09       0.60     6553.40    13081.55     7132   
8499966.00    3585       2740       6325       3915       4760       8675       7629       1.08       0.55     8067.44    11567.52     4337   
8583299.00    3982       3241       7223       3518       4259       7777       7777       1.08       0.58     7206.49    12428.47     7777   
8666632.00    3432       2570       6002       4068       4930       8998       8998       1.08       0.53     8335.46    11299.49     8998   
8749965.00    3299       2412       5711       4201       5088       9289       9289       1.09       0.52     8555.69    11079.26     9289   
8833298.00    3126       2315       5441       4374       5185       9559       9559       1.08       0.50     8840.72    10794.24     9559   
8916631.00    3131       2343       5474       4369       5157       9526       9526       1.08       0.51     8811.84    10823.12     9526   
8999964.00    3150       2350       5500       4350       5150       9500       9500       1.08       0.51     8823.44    10811.52     9500   
9083297.00    3502       2771       6273       3998       4729       8727       8727       1.08       0.54     8074.08    11560.88     8727   
9166630.00    3394       2560       5954       4106       4940       9046       9046       1.08       0.53     8379.67    11255.29     9046   
9249963.00    3260       2476       5736       4240       5024       9264       9264       1.07       0.52     8619.47    11015.48     9264   
9333296.00    3310       2488       5798       4190       5012       9202       9202       1.08       0.52     8558.88    11076.07     9202   
9416629.00    3456       2692       6148       4044       4808       8852       8852       1.08       0.54     8221.99    11412.96     8852   
9499962.00    3374       2656       6030       4126       4844       8970       8970       1.08       0.53     8318.06    11316.90     8970   
9583295.00    3202       2440       5642       4298       5060       9358       9358       1.08       0.51     8644.63    10990.33     9358   
9666628.00    3430       2574       6004       4070       4926       8996       8996       1.09       0.53     8276.10    11358.85     8996   
9749961.00    3468       2607       6075       4032       4893       8925       8925       1.09       0.53     8167.46    11467.49     8925   
9833294.00    3385       2518       5903       4115       4982       9097       7368       1.09       0.52     8352.72    11282.24     4548   
9916627.00    3311       2409       5720       4189       5091       9280       9280       1.10       0.51     8443.18    11191.78     9280   
9999960.00    3195       2343       5538       4305       5157       9462       9462       1.09       0.51     8683.14    10951.81     9462   
10083293.00    3211       2335       5546       4289       5165       9454       9454       1.09       0.51     8662.82    10972.14     9454   
10166626.00    3213       2238       5451       4287       5262       9549       9549       1.09       0.50     8797.75    10837.20     9549   
10249959.00    3157       2214       5371       4343       5286       9629       9629       1.08       0.50     8892.79    10742.17     9629   
10333292.00    3224       2240       5464       4276       5260       9536       9536       1.09       0.50     8785.00    10849.95     9536   
10416625.00    3201       2343       5544       4299       5157       9456       9456       1.09       0.51     8700.69    10934.27     9456   
10499958.00    3162       2289       5451       4338       5211       9549       9549       1.09       0.50     8792.42    10842.53     9549   
10583291.00    3120       2318       5438       4380       5182       9562       9562       1.08       0.50     8844.90    10790.06     9562   
10666624.00    3160       2308       5468       4340       5192       9532       7111       1.08       0.51     8835.30    10799.66     4766   
10749957.00    3327       2485       5812       4173       5015       9188       9188       1.09       0.52     8425.56    11209.40     9188   
10833290.00    3192       2392       5584       4308       5108       9416       9416       1.09       0.51     8677.70    10957.26     9416   
10916623.00    3304       2519       5823       4196       4981       9177       9177       1.09       0.52     8406.47    11228.49     9177   
10999956.00    3406       2583       5989       4094       4917       9011       9011       1.08       0.53     8321.97    11312.99     9011   
11083289.00    3562       2707       6269       3938       4793       8731       8731       1.08       0.54     8081.86    11553.10     8731   
11166622.00    3619       2724       6343       3881       4776       8657       8657       1.08       0.54     7987.65    11647.30     8657   
11249955.00    3382       2542       5924       4118       4958       9076       9076       1.08       0.53     8423.74    11211.21     9076   
11333288.00    3286       2475       5761       4214       5025       9239       9239       1.08       0.52     8535.06    11099.90     9239   
11416621.00    3374       2577       5951       4126       4923       9049       9049       1.09       0.52     8295.28    11339.67     9049   
11499954.00    3240       2392       5632       4260       5108       9368       9368       1.09       0.51     8603.06    11031.90     9368   
11583287.00    3160       2333       5493       4340       5167       9507       9507       1.09       0.50     8725.14    10909.81     9507   
11666620.00    3163       2210       5373       4337       5290       9627       9627       1.09       0.50     8832.81    10802.15     9627   
11749953.00    3106       2224       5330       4394       5276       9670       9670       1.08       0.50     8950.55    10684.41     9670   
11833286.00    3176       2250       5426       4324       5250       9574       9574       1.08       0.50     8847.84    10787.12     9574   
11916619.00    3539       2587       6126       3961       4913       8874       8874       1.08       0.54     8227.07    11407.88     8874   
11999952.00    3630       2718       6348       3870       4782       8652       8652       1.09       0.54     7944.52    11690.43     8652   
12083285.00    3667       2775       6442       3833       4725       8558       8558       1.09       0.55     7817.17    11817.79     8558   
12166618.00    3785       2875       6660       3715       4625       8340       6703       1.10       0.55     7581.79    12053.17     4170   
12249951.00    3816       2889       6705       3684       4611       8295       6809       1.10       0.55     7516.05    12118.91     4147   
12333284.00    3911       3047       6958       3589       4453       8042       6671       1.10       0.56     7302.98    12331.97     4021   
12416617.00    3757       2831       6588       3743       4669       8412       6906       1.09       0.55     7710.54    11924.42     4206   
12499950.00    3639       2746       6385       3861       4754       8615       7204       1.09       0.55     7930.31    11704.64     4307   
12583283.00    3630       2792       6422       3870       4708       8578       7279       1.09       0.55     7870.99    11763.97     4289   
12666616.00    3651       2779       6430       3849       4721       8570       7302       1.09       0.55     7870.46    11764.50     4285   
12749949.00    3585       2685       6270       3915       4815       8730       7367       1.08       0.54     8075.39    11559.57     4365   
12833282.00    3718       2882       6600       3782       4618       8400       7199       1.09       0.55     7713.46    11921.49     4200   
12916615.00    3756       2885       6641       3744       4615       8359       7113       1.09       0.56     7684.99    11949.96     4179   
12999948.00    3732       2855       6587       3768       4645       8413       7133       1.10       0.55     7676.40    11958.55     4206   
13083281.00    3485       2578       6063       4015       4922       8937       7627       1.09       0.53     8218.97    11415.99     4468   
13166614.00    3491       2544       6035       4009       4956       8965       7582       1.09       0.53     8203.02    11431.93     4482   
13249947.00    3595       2671       6266       3905       4829       8734       7442       1.10       0.53     7917.85    11717.11     4367   
13333280.00    3464       2615       6079       4036       4885       8921       7598       1.10       0.53     8077.29    11557.67     4460   
13416613.00    3375       2463       5838       4125       5037       9162       7874       1.10       0.52     8362.88    11272.07     4581   
13499946.00    3321       2412       5733       4179       5088       9267       7969       1.10       0.51     8460.82    11174.14     4633   
13583279.00    3346       2419       5765       4154       5081       9235       7847       1.10       0.51     8388.57    11246.39     4617   
13666612.00    3298       2355       5653       4202       5145       9347       7907       1.10       0.51     8513.58    11121.37     4673   
13749945.00    3331       2393       5724       4169       5107       9276       6650       1.10       0.51     8413.56    11221.39     3092   
13833278.00    3282       2327       5609       4218       5173       9391       7952       1.10       0.51     8552.69    11082.27     4695   
13916611.00    3369       2397       5766       4131       5103       9234       7831       1.11       0.51     8348.22    11286.73     4617   
13999944.00    3262       2282       5544       4238       5218       9456       7969       1.10       0.50     8562.51    11072.44     4728   
14083277.00    3225       2233       5458       4275       5267       9542       8135       1.10       0.50     8666.06    10968.90     4771   
14166610.00    3250       2240       5490       4250       5260       9510       8013       1.09       0.50     8686.64    10948.31     4755   
14249943.00    3268       2248       5516       4232       5252       9484       8041       1.09       0.51     8735.67    10899.29     4742   
14333276.00    3432       2378       5810       4068       5122       9190       7837       1.09       0.52     8406.50    11228.45     4595   
14416609.00    3506       2527       6033       3994       4973       8967       7758       1.09       0.53     8191.26    11443.69     4483   
14499942.00    3509       2575       6084       3991       4925       8916       7640       1.10       0.53     8107.01    11527.95     4458   
14583275.00    3521       2603       6124       3979       4897       8876       7468       1.10       0.53     8077.93    11557.03     4438   
14666608.00    3954       3057       7011       3546       4443       7989       7989       1.11       0.56     7219.50    12415.46     7989   
14749941.00    3949       3067       7016       3551       4433       7984       7984       1.11       0.57     7221.93    12413.02     7984   
14833274.00    3896       3043       6939       3604       4457       8061       8061       1.10       0.56     7333.23    12301.73     8061   
14916607.00    3639       2687       6326       3861       4813       8674       8674       1.10       0.54     7912.46    11722.50     8674   
14999940.00    3322       2315       5637       4178       5185       9363       8191       1.09       0.51     8611.97    11022.98     4681   
15083273.00    3821       2933       6754       3679       4567       8246       8246       1.10       0.56     7497.42    12137.53     8246   
15166606.00    3883       2920       6803       3617       4580       8197       8197       1.10       0.56     7447.61    12187.35     8197   
15249939.00    3950       3066       7016       3550       4434       7984       7984       1.10       0.57     7273.69    12361.27     7984   
15333272.00    3902       3044       6946       3598       4456       8054       8054       1.09       0.57     7379.90    12255.06     8054   
15416605.00    3958       3127       7085       3542       4373       7915       7915       1.09       0.57     7252.99    12381.97     7915   
15499938.00    4029       3128       7157       3471       4372       7843       7843       1.10       0.57     7146.92    12488.04     7843   
15583271.00    3954       3036       6990       3546       4464       8010       8010       1.09       0.57     7318.77    12316.19     8010   
15666604.00    4099       3207       7306       3401       4293       7694       7694       1.10       0.58     6979.34    12655.62     7694   
15749937.00    3748       2893       6641       3752       4607       8359       8359       1.09       0.56     7672.10    11962.86     8359   
15833270.00    3805       2864       6669       3695       4636       8331       8331       1.09       0.56     7671.22    11963.73     8331   
15916603.00    3820       2881       6701       3680       4619       8299       8299       1.09       0.56     7641.02    11993.94     8299   
15999936.00    4022       3103       7125       3478       4397       7875       7875       1.09       0.57     7238.25    12396.70     7875   
16083269.00    4058       3122       7180       3442       4378       7820       7820       1.09       0.58     7159.86    12475.09     7820   
16166602.00    3986       3017       7003       3514       4483       7997       7997       1.09       0.57     7322.56    12312.40     7997   
16249935.00    3911       2988       6899       3589       4512       8101       8101       1.08       0.57     7482.45    12152.50     8101   
16333268.00    3659       2792       6451       3841       4708       8549       8549       1.08       0.55     7947.80    11687.16     8549   
16416601.00    3579       2668       6247       3921       4832       8753       8753       1.08       0.54     8130.57    11504.39     8753   
16499934.00    3613       2700       6313       3887       4800       8687       8687       1.07       0.55     8091.61    11543.35     8687   
16583267.00    3514       2501       6015       3986       4999       8985       8985       1.07       0.54     8421.79    11213.17     8985   
16666600.00    3548       2490       6038       3952       5010       8962       8962       1.07       0.54     8377.64    11257.31     8962   
16749933.00    3542       2531       6073       3958       4969       8927       8927       1.07       0.54     8371.64    11263.31     8927   
16833266.00    3564       2511       6075       3936       4989       8925       8925       1.08       0.53     8275.46    11359.49     8925   
16916599.00    3383       2364       5747       4117       5136       9253       9253       1.08       0.52     8565.43    11069.52     9253   
16999932.00    3261       2348       5609       4239       5152       9391       9391       1.08       0.51     8677.98    10956.97     9391   
17083265.00    3288       2323       5611       4212       5177       9389       9389       1.08       0.51     8717.11    10917.85     9389   
17166598.00    3198       2223       5421       4302       5277       9579       9579       1.07       0.51     8911.62    10723.34     9579   
17249931.00    3298       2367       5665       4202       5133       9335       9335       1.08       0.51     8626.03    11008.93     9335   
17333264.00    3257       2327       5584       4243       5173       9416       9416       1.08       0.51     8692.02    10942.93     9416   
17416597.00    3426       2458       5884       4074       5042       9116       9116       1.08       0.52     8413.84    11221.12     9116   
17499930.00    3553       2608       6161       3947       4892       8839       8839       1.08       0.54     8169.40    11465.55     8839   
17583263.00    3676       2854       6530       3824       4646       8470       8470       1.08       0.55     7832.80    11802.16     8470   
17666596.00    3720       2914       6634       3780       4586       8366       8366       1.08       0.56     7718.45    11916.51     8366   
17749929.00    3750       2916       6666       3750       4584       8334       8334       1.08       0.56     7684.67    11950.29     8334   
17833262.00    3699       2897       6596       3801       4603       8404       6038       1.08       0.56     7752.17    11882.79     4202   
17916595.00    3732       2885       6617       3768       4615       8383       8383       1.08       0.56     7745.58    11889.38     8383   
17999928.00    3765       2977       6742       3735       4523       8258       5982       1.08       0.56     7630.59    12004.37     4129   
18083261.00    3691       2891       6582       3809       4609       8418       6056       1.09       0.55     7731.38    11903.58     4209   
18166594.00    3720       2839       6559       3780       4661       8441       6093       1.09       0.55     7771.62    11863.34     4220   
18249927.00    3773       2843       6616       3727       4657       8384       5983       1.08       0.56     7764.95    11870.00     4192   
18333260.00    3721       2853       6574       3779       4647       8426       8426       1.08       0.56     7802.19    11832.76     8426   
18416593.00    3608       2704       6312       3892       4796       8688       8688       1.08       0.55     8065.07    11569.88     8688   
18499926.00    3516       2601       6117       3984       4899       8883       8883       1.08       0.54     8246.49    11388.47     8883   
18583259.00    3725       2818       6543       3775       4682       8457       8457       1.08       0.56     7850.88    11784.08     8457   
18666592.00    3550       2719       6269       3950       4781       8731       8731       1.07       0.55     8141.52    11493.43     8731   
18749925.00    3772       3004       6776       3728       4496       8224       8224       1.08       0.56     7624.22    12010.73     8224   
18833258.00    3855       3035       6890       3645       4465       8110       8110       1.08       0.57     7479.41    12155.55     8110   
18916591.00    3781       2975       6756       3719       4525       8244       8244       1.09       0.56     7544.03    12090.93     8244   
18999924.00    3634       2797       6431       3866       4703       8569       8569       1.10       0.54     7793.65    11841.30     8569   
19083257.00    3523       2685       6208       3977       4815       8792       8792       1.10       0.53     8002.03    11632.93     8792   
19166590.00    3540       2713       6253       3960       4787       8747       8747       1.10       0.53     7943.55    11691.41     8747   
19249923.00    3534       2670       6204       3966       4830       8796       8796       1.10       0.53     8016.58    11618.38     8796   
19333256.00    3565       2723       6288       3935       4777       8712       8712       1.10       0.54     7950.03    11684.92     8712   
19416589.00    3549       2742       6291       3951       4758       8709       8709       1.10       0.54     7936.74    11698.21     8709   
19499922.00    3550       2730       6280       3950       4770       8720       8720       1.10       0.54     7957.64    11677.32     8720   
19583255.00    3579       2769       6348       3921       4731       8652       8652       1.10       0.54     7868.03    11766.92     8652   
19666588.00    3645       2757       6402       3855       4743       8598       8598       1.10       0.54     7783.94    11851.02     8598   
19749921.00    3579       2701       6280       3921       4799       8720       8720       1.10       0.53     7894.71    11740.24     8720   
19833254.00    3541       2722       6263       3959       4778       8737       8737       1.10       0.53     7923.19    11711.77     8737   
19916587.00    3578       2684       6262       3922       4816       8738       8738       1.10       0.53     7922.37    11712.58     8738   
19999920.00    3578       2735       6313       3922       4765       8687       8687       1.11       0.54     7837.03    11797.93     8687   
20083253.00    3590       2743       6333       3910       4757       8667       8667       1.11       0.54     7829.90    11805.06     8667   
20166586.00    3623       2776       6399       3877       4724       8601       8601       1.10       0.54     7783.89    11851.06     8601   
20249919.00    3381       2510       5891       4119       4990       9109       9109       1.10       0.52     8311.65    11323.30     9109   
20333252.00    3428       2595       6023       4072       4905       8977       8977       1.10       0.53     8172.11    11462.84     8977   
20416585.00    3352       2490       5842       4148       5010       9158       9158       1.10       0.52     8324.03    11310.92     9158   
20499918.00    3211       2316       5527       4289       5184       9473       9473       1.10       0.50     8624.58    11010.37     9473   
20583251.00    3337       2387       5724       4163       5113       9276       9276       1.11       0.51     8381.34    11253.62     9276   
20666584.00    3279       2319       5598       4221       5181       9402       9402       1.10       0.50     8529.62    11105.33     9402   
20749917.00    3229       2301       5530       4271       5199       9470       9470       1.09       0.50     8656.39    10978.56     9470   
20833250.00    3220       2272       5492       4280       5228       9508       9508       1.10       0.50     8667.90    10967.05     9508   
20916583.00    3228       2252       5480       4272       5248       9520       9520       1.09       0.50     8726.58    10908.38     9520   
20999916.00    3172       2258       5430       4328       5242       9570       9570       1.09       0.50     8744.06    10890.90     9570   
21083249.00    3181       2238       5419       4319       5262       9581       9581       1.10       0.50     8743.50    10891.45     9581   
21166582.00    3154       2204       5358       4346       5296       9642       9642       1.09       0.50     8859.95    10775.01     9642   
21249915.00    3322       2371       5693       4178       5129       9307       9307       1.09       0.51     8537.55    11097.41     9307   
21333248.00    3272       2330       5602       4228       5170       9398       9398       1.09       0.51     8640.59    10994.36     9398   
21416581.00    3317       2339       5656       4183       5161       9344       9344       1.08       0.51     8629.55    11005.40     9344   
21499914.00    3255       2328       5583       4245       5172       9417       9417       1.08       0.51     8716.26    10918.70     9417   
21583247.00    3411       2413       5824       4089       5087       9176       9176       1.09       0.52     8444.89    11190.06     9176   
21666580.00    3385       2443       5828       4115       5057       9172       9172       1.09       0.52     8441.94    11193.02     9172   
21749913.00    3395       2495       5890       4105       5005       9110       9110       1.08       0.53     8434.50    11200.46     9110   
21833246.00    3456       2573       6029       4044       4927       8971       8971       1.08       0.53     8342.44    11292.52     8971   
21916579.00    3664       2798       6462       3836       4702       8538       8538       1.08       0.55     7914.24    11720.71     8538   
21999912.00    3857       3049       6906       3643       4451       8094       8094       1.09       0.57     7417.50    12217.46     8094   
22083245.00    3504       2621       6125       3996       4879       8875       8875       1.09       0.53     8158.69    11476.27     8875   
22166578.00    3475       2530       6005       4025       4970       8995       8995       1.09       0.53     8269.25    11365.70     8995   
22249911.00    3524       2631       6155       3976       4869       8845       8845       1.09       0.53     8121.09    11513.87     8845   
22333244.00    3457       2564       6021       4043       4936       8979       8979       1.09       0.53     8259.51    11375.44     8979   
22416577.00    3478       2688       6166       4022       4812       8834       8834       1.08       0.54     8182.07    11452.89     8834   
22499910.00    3604       2752       6356       3896       4748       8644       8644       1.09       0.54     7964.39    11670.56     8644   
22583243.00    3719       2868       6587       3781       4632       8413       8413       1.09       0.55     7729.48    11905.47     8413   
22666576.00    3600       2684       6284       3900       4816       8716       8716       1.08       0.54     8045.96    11589.00     8716   
22749909.00    3493       2605       6098       4007       4895       8902       8902       1.08       0.54     8247.74    11387.22     8902   
22833242.00    3535       2722       6257       3965       4778       8743       8743       1.08       0.54     8090.64    11544.31     8743   
22916575.00    3477       2620       6097       4023       4880       8903       8903       1.07       0.54     8297.26    11337.69     8903   
22999908.00    3556       2725       6281       3944       4775       8719       8719       1.08       0.54     8098.54    11536.42     8719   
23083241.00    3385       2504       5889       4115       4996       9111       9111       1.08       0.53     8449.89    11185.07     9111   
23166574.00    3511       2645       6156       3989       4855       8844       8844       1.08       0.54     8175.30    11459.66     8844   
23249907.00    3425       2540       5965       4075       4960       9035       9035       1.08       0.53     8346.65    11288.31     9035   
23333240.00    3236       2327       5563       4264       5173       9437       9437       1.08       0.51     8720.41    10914.55     9437   
23416573.00    3238       2325       5563       4262       5175       9437       9437       1.08       0.51     8726.39    10908.57     9437   
23499906.00    3368       2459       5827       4132       5041       9173       9173       1.08       0.52     8503.03    11131.93     9173   
23583239.00    3384       2455       5839       4116       5045       9161       9161       1.09       0.52     8420.79    11214.17     9161   
23666572.00    3359       2476       5835       4141       5024       9165       9165       1.08       0.52     8461.15    11173.80     9165   
23749905.00    3364       2498       5862       4136       5002       9138       9138       1.09       0.52     8370.96    11263.99     9138   
23833238.00    3452       2526       5978       4048       4974       9022       9022       1.09       0.53     8270.52    11364.43     9022   
23916571.00    3790       2963       6753       3710       4537       8247       8247       1.09       0.56     7551.50    12083.46     8247   
23999904.00    3480       2526       6006       4020       4974       8994       8994       1.08       0.53     8294.07    11340.89     8994   
24083237.00    3765       2824       6589       3735       4676       8411       8411       1.09       0.55     7687.06    11947.90     8411   
24166570.00    3729       2779       6508       3771       4721       8492       8492       1.09       0.55     7782.69    11852.27     8492   
24249903.00    3450       2531       5981       4050       4969       9019       9019       1.08       0.53     8314.05    11320.90     9019   
24333236.00    3593       2636       6229       3907       4864       8771       8771       1.09       0.54     8031.89    11603.06     8771   
24416569.00    3656       2683       6339       3844       4817       8661       8661       1.10       0.54     7897.99    11736.96     8661   
24499902.00    3589       2662       6251       3911       4838       8749       8749       1.10       0.54     7950.88    11684.08     8749   
24583235.00    3549       2674       6223       3951       4826       8777       8777       1.10       0.53     7987.78    11647.18     8777   
24666568.00    3570       2702       6272       3930       4798       8728       8728       1.10       0.54     7934.15    11700.81     8728   
24749901.00    3565       2655       6220       3935       4845       8780       8780       1.10       0.53     8005.19    11629.76     8780   
24833234.00    3502       2597       6099       3998       4903       8901       8901       1.09       0.53     8132.17    11502.79     8901   
24916567.00    3548       2645       6193       3952       4855       8807       8807       1.09       0.53     8052.90    11582.06     8807   
24999900.00    3425       2502       5927       4075       4998       9073       9073       1.10       0.52     8276.63    11358.33     9073   
25083233.00    3444       2516       5960       4056       4984       9040       9040       1.10       0.52     8188.11    11446.84     9040   
25166566.00    3451       2499       5950       4049       5001       9050       9050       1.10       0.52     8207.91    11427.04     9050   
25249899.00    3468       2541       6009       4032       4959       8991       8991       1.10       0.52     8160.39    11474.57     8991   
25333232.00    3437       2485       5922       4063       5015       9078       9078       1.10       0.52     8256.43    11378.52     9078   
25416565.00    3441       2484       5925       4059       5016       9075       9075       1.10       0.52     8271.73    11363.23     9075   
25499898.00    3483       2422       5905       4017       5078       9095       9095       1.09       0.52     8318.32    11316.64     9095   
25583231.00    3452       2505       5957       4048       4995       9043       9043       1.09       0.53     8304.04    11330.92     9043   
25666564.00    3467       2473       5940       4033       5027       9060       9060       1.09       0.53     8330.96    11304.00     9060   
25749897.00    3490       2491       5981       4010       5009       9019       9019       1.08       0.53     8338.32    11296.63     9019   
25833230.00    3539       2581       6120       3961       4919       8880       8880       1.09       0.53     8169.48    11465.48     8880   
25916563.00    3421       2483       5904       4079       5017       9096       9096       1.08       0.53     8391.47    11243.48     9096   
25999896.00    3379       2447       5826       4121       5053       9174       9174       1.08       0.52     8519.62    11115.33     9174   
26083229.00    3398       2513       5911       4102       4987       9089       9089       1.08       0.53     8440.47    11194.48     9089   
26166562.00    3420       2481       5901       4080       5019       9099       9099       1.08       0.53     8422.12    11212.83     9099   
26249895.00    3381       2435       5816       4119       5065       9184       9184       1.08       0.52     8533.82    11101.14     9184   
26333228.00    3286       2386       5672       4214       5114       9328       9328       1.07       0.52     8707.67    10927.28     9328   
26416561.00    3343       2374       5717       4157       5126       9283       9283       1.07       0.52     8696.93    10938.02     9283   
26499894.00    3315       2375       5690       4185       5125       9310       9310       1.07       0.52     8728.64    10906.31     9310   
26583227.00    3211       2256       5467       4289       5244       9533       9533       1.07       0.51     8927.54    10707.41     9533   
26666560.00    3244       2255       5499       4256       5245       9501       9501       1.07       0.51     8865.62    10769.34     9501   
26749893.00    3298       2312       5610       4202       5188       9390       9390       1.06       0.52     8844.42    10790.54     9390   
26833226.00    3345       2440       5785       4155       5060       9215       9215       1.06       0.53     8700.22    10934.74     9215   
26916559.00    3481       2527       6008       4019       4973       8992       8992       1.07       0.54     8425.77    11209.18     8992   
26999892.00    3548       2586       6134       3952       4914       8866       8866       1.07       0.54     8304.45    11330.50     8866   
27083225.00    3484       2513       5997       4016       4987       9003       9003       1.07       0.53     8425.05    11209.91     9003   
27166558.00    3612       2588       6200       3888       4912       8800       8800       1.08       0.54     8183.31    11451.64     8800   
27249891.00    3547       2591       6138       3953       4909       8862       8862       1.06       0.54     8334.68    11300.27     8862   
27333224.00    3552       2586       6138       3948       4914       8862       8862       1.07       0.54     8318.02    11316.94     8862   
27416557.00    3570       2622       6192       3930       4878       8808       8808       1.06       0.55     8309.47    11325.49     8808   
27499890.00    3627       2671       6298       3873       4829       8702       8702       1.06       0.55     8238.37    11396.58     8702   
27583223.00    3442       2555       5997       4058       4945       9003       4912       1.05       0.54     8554.04    11080.91     4501   
27666556.00    3640       2714       6354       3860       4786       8646       8646       1.07       0.55     8075.12    11559.84     8646   
27749889.00    3578       2688       6266       3922       4812       8734       4899       1.07       0.55     8155.16    11479.79     4367   
27833222.00    3493       2590       6083       4007       4910       8917       8917       1.07       0.54     8297.18    11337.77     8917   
27916555.00    3547       2669       6216       3953       4831       8784       8784       1.06       0.55     8258.48    11376.47     8784   
27999888.00    3518       2608       6126       3982       4892       8874       8874       1.06       0.54     8343.92    11291.04     8874   
28083221.00    3566       2618       6184       3934       4882       8816       8816       1.06       0.55     8289.73    11345.23     8816   
28166554.00    3743       2888       6631       3757       4612       8369       8369       1.07       0.56     7836.82    11798.14     8369   
28249887.00    3754       2870       6624       3746       4630       8376       8376       1.07       0.56     7824.20    11810.76     8376   
28333220.00    3892       2953       6845       3608       4547       8155       8155       1.07       0.57     7586.55    12048.40     8155   
28416553.00    3852       2956       6808       3648       4544       8192       8192       1.08       0.57     7611.20    12023.76     8192   
28499886.00    3813       2855       6668       3687       4645       8332       8332       1.08       0.56     7734.72    11900.23     8332   
28583219.00    3651       2742       6393       3849       4758       8607       8607       1.07       0.55     8043.65    11591.30     8607   
28666552.00    3734       2755       6489       3766       4745       8511       8511       1.07       0.56     7956.31    11678.64     8511   
28749885.00    3696       2777       6473       3804       4723       8527       8527       1.08       0.55     7926.81    11708.15     8527   
28833218.00    3730       2742       6472       3770       4758       8528       8528       1.07       0.56     7986.90    11648.06     8528   
28916551.00    3842       2869       6711       3658       4631       8289       4483       1.08       0.56     7703.02    11931.94     4144   
28999884.00    3718       2682       6400       3782       4818       8600       4652       1.07       0.55     8065.50    11569.45     4300   
29083217.00    3706       2703       6409       3794       4797       8591       8591       1.07       0.55     8037.72    11597.23     8591   
29166550.00    3815       2811       6626       3685       4689       8374       4478       1.08       0.56     7786.14    11848.81     4187   
29249883.00    3863       2845       6708       3637       4655       8292       4439       1.07       0.56     7740.98    11893.97     4146   
29333216.00    3720       2650       6370       3780       4850       8630       8630       1.07       0.55     8073.83    11561.12     8630   
29416549.00    3749       2657       6406       3751       4843       8594       8594       1.07       0.55     8007.52    11627.44     8594   
29499882.00    3817       2750       6567       3683       4750       8433       8433       1.07       0.56     7876.80    11758.16     8433   
29583215.00    4003       2972       6975       3497       4528       8025       8025       1.08       0.57     7426.44    12208.51     8025   
29666548.00    3735       2774       6509       3765       4726       8491       8491       1.07       0.56     7909.02    11725.93     8491   
29749881.00    3608       2648       6256       3892       4852       8744       8744       1.07       0.54     8153.52    11481.43     8744   
29833214.00    3743       2783       6526       3757       4717       8474       8474       1.07       0.56     7912.45    11722.50     8474   
29916547.00    3524       2560       6084       3976       4940       8916       8916       1.07       0.54     8316.01    11318.95     8916   
29999880.00    3424       2450       5874       4076       5050       9126       9126       1.07       0.53     8498.88    11136.08     9126   
30083213.00    3599       2606       6205       3901       4894       8795       8795       1.08       0.54     8152.72    11482.24     8795   
30166546.00    3479       2485       5964       4021       5015       9036       9036       1.08       0.53     8373.74    11261.22     9036   
30249879.00    3463       2500       5963       4037       5000       9037       9037       1.08       0.53     8348.88    11286.08     9037   
30333212.00    3310       2322       5632       4190       5178       9368       9368       1.08       0.52     8703.84    10931.12     9368   
30416545.00    3248       2303       5551       4252       5197       9449       9449       1.07       0.51     8829.09    10805.87     9449   
30499878.00    3505       2569       6074       3995       4931       8926       8926       1.08       0.53     8280.24    11354.71     8926   
30583211.00    3474       2538       6012       4026       4962       8988       8988       1.08       0.53     8340.13    11294.83     8988   
30666544.00    3534       2625       6159       3966       4875       8841       8841       1.09       0.54     8135.43    11499.52     8841   
30749877.00    3501       2552       6053       3999       4948       8947       8947       1.09       0.53     8194.03    11440.92     8947   
30833210.00    3416       2493       5909       4084       5007       9091       9091       1.09       0.52     8320.51    11314.45     9091   
30916543.00    3364       2406       5770       4136       5094       9230       9230       1.10       0.51     8424.16    11210.79     9230   
30999876.00    3347       2409       5756       4153       5091       9244       9244       1.10       0.51     8410.45    11224.50     9244   
31083209.00    3315       2360       5675       4185       5140       9325       9325       1.10       0.51     8487.28    11147.67     9325   
31166542.00    3223       2352       5575       4277       5148       9425       9425       1.09       0.51     8649.15    10985.80     9425   
31249875.00    3357       2432       5789       4143       5068       9211       9211       1.09       0.52     8422.80    11212.16     9211   
31333208.00    3421       2476       5897       4079       5024       9103       9103       1.09       0.52     8323.25    11311.71     9103   
31416541.00    3475       2482       5957       4025       5018       9043       9043       1.09       0.53     8327.17    11307.78     9043   
31499874.00    3477       2532       6009       4023       4968       8991       8991       1.08       0.53     8337.67    11297.28     8991   
31583207.00    3429       2490       5919       4071       5010       9081       9081       1.08       0.53     8408.44    11226.52     9081   
31666540.00    3515       2596       6111       3985       4904       8889       6788       1.09       0.53     8170.23    11464.72     4444   
31749873.00    3539       2599       6138       3961       4901       8862       6681       1.09       0.53     8161.18    11473.77     4431   
31833206.00    3598       2691       6289       3902       4809       8711       6677       1.09       0.54     8023.03    11611.92     4355   
31916539.00    3801       2877       6678       3699       4623       8322       8322       1.09       0.56     7627.04    12007.91     8322   
31999872.00    3800       2852       6652       3700       4648       8348       8348       1.09       0.56     7673.93    11961.03     8348   
32083205.00    3886       2985       6871       3614       4515       8129       8129       1.09       0.56     7447.65    12187.30     8129   
32166538.00    3704       2836       6540       3796       4664       8460       8460       1.09       0.55     7775.87    11859.08     8460   
32249871.00    3766       2936       6702       3734       4564       8298       8298       1.09       0.56     7585.05    12049.90     8298   
32333204.00    3765       2942       6707       3735       4558       8293       8293       1.09       0.56     7607.39    12027.57     8293   
32416537.00    3706       2860       6566       3794       4640       8434       8434       1.08       0.55     7790.55    11844.41     8434   
32499870.00    3819       2974       6793       3681       4526       8207       8207       1.08       0.56     7569.80    12065.16     8207   
32583203.00    3869       3079       6948       3631       4421       8052       8052       1.10       0.57     7349.77    12285.18     8052   
32666536.00    3848       2965       6813       3652       4535       8187       8187       1.10       0.56     7463.20    12171.76     8187   
32749869.00    3428       2583       6011       4072       4917       8989       8989       1.08       0.53     8287.09    11347.86     8989   
32833202.00    3349       2417       5766       4151       5083       9234       9234       1.08       0.52     8519.25    11115.71     9234   
32916535.00    3315       2430       5745       4185       5070       9255       9255       1.08       0.52     8558.04    11076.92     9255   
32999868.00    3533       2574       6107       3967       4926       8893       8893       1.09       0.53     8173.63    11461.32     8893   
33083201.00    3474       2489       5963       4026       5011       9037       9037       1.09       0.53     8318.33    11316.62     9037   
33166534.00    3356       2420       5776       4144       5080       9224       9224       1.09       0.52     8450.11    11184.84     9224   
33249867.00    3421       2433       5854       4079       5067       9146       9146       1.09       0.52     8400.48    11234.47     9146   
33333200.00    3376       2429       5805       4124       5071       9195       9195       1.09       0.52     8468.39    11166.57     9195   
