 Timestep    Gas_A      Gas_B     Gas_tot    Dense_A    Dense_B   Dense_tot   Lg_clust  DP_density GP_density Clust_area  Gas_area     MCS    
   0.00       4500      10500      15000        0          0          0          10        0.00       0.76       0.00     19634.96      0     
 25000.00     4500      10500      15000        0          0          0          36        0.00       0.76       0.00     19634.96      0     
 50000.00     4500      10500      15000        0          0          0          76        0.00       0.76       0.00     19634.96      0     
 75000.00     4500      10500      15000        0          0          0          73        0.00       0.76       0.00     19634.96      0     
100000.00     4500      10500      15000        0          0          0          71        0.00       0.76       0.00     19634.96      0     
125000.00     4500      10500      15000        0          0          0          78        0.00       0.76       0.00     19634.96      0     
150000.00     4500      10500      15000        0          0          0          79        0.00       0.76       0.00     19634.96      0     
175000.00     4500      10500      15000        0          0          0          95        0.00       0.76       0.00     19634.96      0     
200000.00     4500      10500      15000        0          0          0          92        0.00       0.76       0.00     19634.96      0     
225000.00     4500      10500      15000        0          0          0          89        0.00       0.76       0.00     19634.96      0     
250000.00     4500      10500      15000        0          0          0          70        0.00       0.76       0.00     19634.96      0     
275000.00     4500      10500      15000        0          0          0         101        0.00       0.76       0.00     19634.96      0     
300000.00     4500      10500      15000        0          0          0         118        0.00       0.76       0.00     19634.96      0     
325000.00     4500      10500      15000        0          0          0          47        0.00       0.76       0.00     19634.96      0     
350000.00     4500      10500      15000        0          0          0          78        0.00       0.76       0.00     19634.96      0     
375000.00     4500      10500      15000        0          0          0          85        0.00       0.76       0.00     19634.96      0     
400000.00     4500      10500      15000        0          0          0          79        0.00       0.76       0.00     19634.96      0     
425000.00     4500      10500      15000        0          0          0         104        0.00       0.76       0.00     19634.96      0     
450000.00     4500      10500      15000        0          0          0          95        0.00       0.76       0.00     19634.96      0     
475000.00     4500      10500      15000        0          0          0         101        0.00       0.76       0.00     19634.96      0     
500000.00     4500      10500      15000        0          0          0         117        0.00       0.76       0.00     19634.96      0     
525000.00     4500      10500      15000        0          0          0         109        0.00       0.76       0.00     19634.96      0     
550000.00     4500      10500      15000        0          0          0          69        0.00       0.76       0.00     19634.96      0     
575000.00     4500      10500      15000        0          0          0         119        0.00       0.76       0.00     19634.96      0     
600000.00     4500      10500      15000        0          0          0         138        0.00       0.76       0.00     19634.96      0     
625000.00     4500      10500      15000        0          0          0         189        0.00       0.76       0.00     19634.96      0     
650000.00     4500      10500      15000        0          0          0          70        0.00       0.76       0.00     19634.96      0     
675000.00     4500      10500      15000        0          0          0          97        0.00       0.76       0.00     19634.96      0     
700000.00     4500      10500      15000        0          0          0         124        0.00       0.76       0.00     19634.96      0     
725000.00     4500      10500      15000        0          0          0          87        0.00       0.76       0.00     19634.96      0     
750000.00     4500      10500      15000        0          0          0          85        0.00       0.76       0.00     19634.96      0     
775000.00     4500      10500      15000        0          0          0          62        0.00       0.76       0.00     19634.96      0     
800000.00     4500      10500      15000        0          0          0         129        0.00       0.76       0.00     19634.96      0     
825000.00     4500      10500      15000        0          0          0         180        0.00       0.76       0.00     19634.96      0     
850000.00     4500      10500      15000        0          0          0          92        0.00       0.76       0.00     19634.96      0     
875000.00     4500      10500      15000        0          0          0          73        0.00       0.76       0.00     19634.96      0     
900000.00     4500      10500      15000        0          0          0         101        0.00       0.76       0.00     19634.96      0     
925000.00     4500      10500      15000        0          0          0          88        0.00       0.76       0.00     19634.96      0     
950000.00     4500      10500      15000        0          0          0         128        0.00       0.76       0.00     19634.96      0     
975000.00     4500      10500      15000        0          0          0          93        0.00       0.76       0.00     19634.96      0     
1000000.00    4500      10500      15000        0          0          0         124        0.00       0.76       0.00     19634.96      0     
1025000.00    4500      10500      15000        0          0          0          65        0.00       0.76       0.00     19634.96      0     
1050000.00    4500      10500      15000        0          0          0          89        0.00       0.76       0.00     19634.96      0     
1075000.00    4500      10500      15000        0          0          0          79        0.00       0.76       0.00     19634.96      0     
1100000.00    4500      10500      15000        0          0          0         167        0.00       0.76       0.00     19634.96      0     
1125000.00    4500      10500      15000        0          0          0         107        0.00       0.76       0.00     19634.96      0     
1150000.00    4500      10500      15000        0          0          0          90        0.00       0.76       0.00     19634.96      0     
1175000.00    4500      10500      15000        0          0          0          91        0.00       0.76       0.00     19634.96      0     
1200000.00    4500      10500      15000        0          0          0          78        0.00       0.76       0.00     19634.96      0     
1225000.00    4500      10500      15000        0          0          0          61        0.00       0.76       0.00     19634.96      0     
1250000.00    4500      10500      15000        0          0          0         109        0.00       0.76       0.00     19634.96      0     
1275000.00    4500      10500      15000        0          0          0          59        0.00       0.76       0.00     19634.96      0     
1300000.00    4500      10500      15000        0          0          0          81        0.00       0.76       0.00     19634.96      0     
1325000.00    4500      10500      15000        0          0          0          73        0.00       0.76       0.00     19634.96      0     
1350000.00    4500      10500      15000        0          0          0         108        0.00       0.76       0.00     19634.96      0     
1375000.00    4500      10500      15000        0          0          0         128        0.00       0.76       0.00     19634.96      0     
1400000.00    4500      10500      15000        0          0          0         106        0.00       0.76       0.00     19634.96      0     
1425000.00    4500      10500      15000        0          0          0         126        0.00       0.76       0.00     19634.96      0     
1450000.00    4500      10500      15000        0          0          0          64        0.00       0.76       0.00     19634.96      0     
1475000.00    4500      10500      15000        0          0          0          92        0.00       0.76       0.00     19634.96      0     
1500000.00    4500      10500      15000        0          0          0          90        0.00       0.76       0.00     19634.96      0     
1525000.00    4500      10500      15000        0          0          0          63        0.00       0.76       0.00     19634.96      0     
1550000.00    4500      10500      15000        0          0          0          91        0.00       0.76       0.00     19634.96      0     
1575000.00    4500      10500      15000        0          0          0         101        0.00       0.76       0.00     19634.96      0     
1600000.00    4500      10500      15000        0          0          0          63        0.00       0.76       0.00     19634.96      0     
1625000.00    4500      10500      15000        0          0          0          58        0.00       0.76       0.00     19634.96      0     
1650000.00    4500      10500      15000        0          0          0          93        0.00       0.76       0.00     19634.96      0     
1675000.00    4500      10500      15000        0          0          0         100        0.00       0.76       0.00     19634.96      0     
1700000.00    4500      10500      15000        0          0          0          88        0.00       0.76       0.00     19634.96      0     
1725000.00    4500      10500      15000        0          0          0          92        0.00       0.76       0.00     19634.96      0     
1750000.00    4500      10500      15000        0          0          0         150        0.00       0.76       0.00     19634.96      0     
1775000.00    4500      10500      15000        0          0          0         216        0.00       0.76       0.00     19634.96      0     
1800000.00    4500      10500      15000        0          0          0          88        0.00       0.76       0.00     19634.96      0     
1825000.00    4500      10500      15000        0          0          0         146        0.00       0.76       0.00     19634.96      0     
1850000.00    4500      10500      15000        0          0          0          95        0.00       0.76       0.00     19634.96      0     
1875000.00    4500      10500      15000        0          0          0          72        0.00       0.76       0.00     19634.96      0     
1900000.00    4500      10500      15000        0          0          0          78        0.00       0.76       0.00     19634.96      0     
1925000.00    4500      10500      15000        0          0          0          80        0.00       0.76       0.00     19634.96      0     
1950000.00    4500      10500      15000        0          0          0         153        0.00       0.76       0.00     19634.96      0     
1975000.00    4500      10500      15000        0          0          0         103        0.00       0.76       0.00     19634.96      0     
2000000.00    4500      10500      15000        0          0          0          97        0.00       0.76       0.00     19634.96      0     
2025000.00    4500      10500      15000        0          0          0         101        0.00       0.76       0.00     19634.96      0     
2050000.00    4500      10500      15000        0          0          0          85        0.00       0.76       0.00     19634.96      0     
2075000.00    4500      10500      15000        0          0          0         113        0.00       0.76       0.00     19634.96      0     
2100000.00    4500      10500      15000        0          0          0         125        0.00       0.76       0.00     19634.96      0     
2125000.00    4500      10500      15000        0          0          0          85        0.00       0.76       0.00     19634.96      0     
2150000.00    4500      10500      15000        0          0          0          75        0.00       0.76       0.00     19634.96      0     
2175000.00    4500      10500      15000        0          0          0          87        0.00       0.76       0.00     19634.96      0     
2200000.00    4500      10500      15000        0          0          0          89        0.00       0.76       0.00     19634.96      0     
2225000.00    4500      10500      15000        0          0          0          80        0.00       0.76       0.00     19634.96      0     
2250000.00    4500      10500      15000        0          0          0          88        0.00       0.76       0.00     19634.96      0     
2275000.00    4500      10500      15000        0          0          0          63        0.00       0.76       0.00     19634.96      0     
2300000.00    4500      10500      15000        0          0          0         125        0.00       0.76       0.00     19634.96      0     
2325000.00    4500      10500      15000        0          0          0          79        0.00       0.76       0.00     19634.96      0     
2350000.00    4500      10500      15000        0          0          0          94        0.00       0.76       0.00     19634.96      0     
2375000.00    4500      10500      15000        0          0          0         162        0.00       0.76       0.00     19634.96      0     
2400000.00    4500      10500      15000        0          0          0         114        0.00       0.76       0.00     19634.96      0     
2425000.00    4500      10500      15000        0          0          0         219        0.00       0.76       0.00     19634.96      0     
2450000.00    4500      10500      15000        0          0          0         136        0.00       0.76       0.00     19634.96      0     
2475000.00    4500      10500      15000        0          0          0         170        0.00       0.76       0.00     19634.96      0     
2500000.00    4500      10500      15000        0          0          0         182        0.00       0.76       0.00     19634.96      0     
2525000.00    4500      10500      15000        0          0          0         136        0.00       0.76       0.00     19634.96      0     
2550000.00    4500      10500      15000        0          0          0          86        0.00       0.76       0.00     19634.96      0     
2575000.00    4500      10500      15000        0          0          0          84        0.00       0.76       0.00     19634.96      0     
2600000.00    4500      10500      15000        0          0          0         100        0.00       0.76       0.00     19634.96      0     
2625000.00    4500      10500      15000        0          0          0          88        0.00       0.76       0.00     19634.96      0     
2650000.00    4500      10500      15000        0          0          0         121        0.00       0.76       0.00     19634.96      0     
2675000.00    4500      10500      15000        0          0          0          81        0.00       0.76       0.00     19634.96      0     
2700000.00    4500      10500      15000        0          0          0          78        0.00       0.76       0.00     19634.96      0     
2725000.00    4500      10500      15000        0          0          0          90        0.00       0.76       0.00     19634.96      0     
2750000.00    4500      10500      15000        0          0          0         134        0.00       0.76       0.00     19634.96      0     
2775000.00    4500      10500      15000        0          0          0         186        0.00       0.76       0.00     19634.96      0     
2800000.00    4500      10500      15000        0          0          0         175        0.00       0.76       0.00     19634.96      0     
2825000.00    4500      10500      15000        0          0          0          65        0.00       0.76       0.00     19634.96      0     
2850000.00    4500      10500      15000        0          0          0          80        0.00       0.76       0.00     19634.96      0     
2875000.00    4500      10500      15000        0          0          0         119        0.00       0.76       0.00     19634.96      0     
2900000.00    4500      10500      15000        0          0          0          93        0.00       0.76       0.00     19634.96      0     
2925000.00    4500      10500      15000        0          0          0          74        0.00       0.76       0.00     19634.96      0     
2950000.00    4500      10500      15000        0          0          0          95        0.00       0.76       0.00     19634.96      0     
2975000.00    4500      10500      15000        0          0          0         114        0.00       0.76       0.00     19634.96      0     
3000000.00    4500      10500      15000        0          0          0         117        0.00       0.76       0.00     19634.96      0     
3025000.00    4500      10500      15000        0          0          0         122        0.00       0.76       0.00     19634.96      0     
3050000.00    4500      10500      15000        0          0          0          93        0.00       0.76       0.00     19634.96      0     
3075000.00    4500      10500      15000        0          0          0         224        0.00       0.76       0.00     19634.96      0     
3100000.00    4500      10500      15000        0          0          0          99        0.00       0.76       0.00     19634.96      0     
3125000.00    4500      10500      15000        0          0          0          80        0.00       0.76       0.00     19634.96      0     
3150000.00    4500      10500      15000        0          0          0          60        0.00       0.76       0.00     19634.96      0     
3175000.00    4500      10500      15000        0          0          0         105        0.00       0.76       0.00     19634.96      0     
3200000.00    4500      10500      15000        0          0          0          62        0.00       0.76       0.00     19634.96      0     
3225000.00    4500      10500      15000        0          0          0          75        0.00       0.76       0.00     19634.96      0     
3250000.00    4500      10500      15000        0          0          0          57        0.00       0.76       0.00     19634.96      0     
3275000.00    4500      10500      15000        0          0          0          79        0.00       0.76       0.00     19634.96      0     
3300000.00    4500      10500      15000        0          0          0          81        0.00       0.76       0.00     19634.96      0     
3325000.00    4500      10500      15000        0          0          0          72        0.00       0.76       0.00     19634.96      0     
3350000.00    4500      10500      15000        0          0          0          59        0.00       0.76       0.00     19634.96      0     
3375000.00    4500      10500      15000        0          0          0          77        0.00       0.76       0.00     19634.96      0     
3400000.00    4500      10500      15000        0          0          0          82        0.00       0.76       0.00     19634.96      0     
3425000.00    4500      10500      15000        0          0          0          71        0.00       0.76       0.00     19634.96      0     
3450000.00    4500      10500      15000        0          0          0         101        0.00       0.76       0.00     19634.96      0     
3475000.00    4500      10500      15000        0          0          0          81        0.00       0.76       0.00     19634.96      0     
3500000.00    4500      10500      15000        0          0          0          84        0.00       0.76       0.00     19634.96      0     
3525000.00    4500      10500      15000        0          0          0          90        0.00       0.76       0.00     19634.96      0     
3550000.00    4500      10500      15000        0          0          0          80        0.00       0.76       0.00     19634.96      0     
3575000.00    4500      10500      15000        0          0          0          93        0.00       0.76       0.00     19634.96      0     
3600000.00    4500      10500      15000        0          0          0         106        0.00       0.76       0.00     19634.96      0     
3625000.00    4500      10500      15000        0          0          0         123        0.00       0.76       0.00     19634.96      0     
3650000.00    4500      10500      15000        0          0          0         160        0.00       0.76       0.00     19634.96      0     
3675000.00    4500      10500      15000        0          0          0         107        0.00       0.76       0.00     19634.96      0     
3700000.00    4500      10500      15000        0          0          0          52        0.00       0.76       0.00     19634.96      0     
3725000.00    4500      10500      15000        0          0          0         102        0.00       0.76       0.00     19634.96      0     
3750000.00    4500      10500      15000        0          0          0          77        0.00       0.76       0.00     19634.96      0     
3775000.00    4500      10500      15000        0          0          0          58        0.00       0.76       0.00     19634.96      0     
3800000.00    4500      10500      15000        0          0          0          89        0.00       0.76       0.00     19634.96      0     
3825000.00    4500      10500      15000        0          0          0          73        0.00       0.76       0.00     19634.96      0     
3850000.00    4500      10500      15000        0          0          0          93        0.00       0.76       0.00     19634.96      0     
3875000.00    4500      10500      15000        0          0          0          93        0.00       0.76       0.00     19634.96      0     
3900000.00    4500      10500      15000        0          0          0          88        0.00       0.76       0.00     19634.96      0     
3925000.00    4500      10500      15000        0          0          0         104        0.00       0.76       0.00     19634.96      0     
3950000.00    4500      10500      15000        0          0          0         182        0.00       0.76       0.00     19634.96      0     
3975000.00    4500      10500      15000        0          0          0          77        0.00       0.76       0.00     19634.96      0     
4000000.00    4500      10500      15000        0          0          0          99        0.00       0.76       0.00     19634.96      0     
4025000.00    4500      10500      15000        0          0          0         127        0.00       0.76       0.00     19634.96      0     
4050000.00    4500      10500      15000        0          0          0         131        0.00       0.76       0.00     19634.96      0     
4075000.00    4500      10500      15000        0          0          0          66        0.00       0.76       0.00     19634.96      0     
4100000.00    4500      10500      15000        0          0          0          54        0.00       0.76       0.00     19634.96      0     
4125000.00    4500      10500      15000        0          0          0          82        0.00       0.76       0.00     19634.96      0     
4150000.00    4500      10500      15000        0          0          0          66        0.00       0.76       0.00     19634.96      0     
4175000.00    4500      10500      15000        0          0          0          84        0.00       0.76       0.00     19634.96      0     
4200000.00    4500      10500      15000        0          0          0         169        0.00       0.76       0.00     19634.96      0     
4225000.00    4500      10500      15000        0          0          0          84        0.00       0.76       0.00     19634.96      0     
4250000.00    4500      10500      15000        0          0          0         112        0.00       0.76       0.00     19634.96      0     
4275000.00    4500      10500      15000        0          0          0         142        0.00       0.76       0.00     19634.96      0     
4300000.00    4500      10500      15000        0          0          0          48        0.00       0.76       0.00     19634.96      0     
4325000.00    4500      10500      15000        0          0          0          65        0.00       0.76       0.00     19634.96      0     
4350000.00    4500      10500      15000        0          0          0          94        0.00       0.76       0.00     19634.96      0     
4375000.00    4500      10500      15000        0          0          0          78        0.00       0.76       0.00     19634.96      0     
4400000.00    4500      10500      15000        0          0          0          90        0.00       0.76       0.00     19634.96      0     
4425000.00    4500      10500      15000        0          0          0         108        0.00       0.76       0.00     19634.96      0     
4450000.00    4500      10500      15000        0          0          0         162        0.00       0.76       0.00     19634.96      0     
4475000.00    4500      10500      15000        0          0          0         121        0.00       0.76       0.00     19634.96      0     
4500000.00    4500      10500      15000        0          0          0         152        0.00       0.76       0.00     19634.96      0     
4525000.00    4500      10500      15000        0          0          0         126        0.00       0.76       0.00     19634.96      0     
4550000.00    4500      10500      15000        0          0          0         129        0.00       0.76       0.00     19634.96      0     
4575000.00    4500      10500      15000        0          0          0         204        0.00       0.76       0.00     19634.96      0     
4600000.00    4500      10500      15000        0          0          0         122        0.00       0.76       0.00     19634.96      0     
4625000.00    4500      10500      15000        0          0          0         203        0.00       0.76       0.00     19634.96      0     
4650000.00    4500      10500      15000        0          0          0         183        0.00       0.76       0.00     19634.96      0     
4675000.00    4500      10500      15000        0          0          0         110        0.00       0.76       0.00     19634.96      0     
4700000.00    4500      10500      15000        0          0          0         186        0.00       0.76       0.00     19634.96      0     
4725000.00    4500      10500      15000        0          0          0         178        0.00       0.76       0.00     19634.96      0     
4750000.00    4500      10500      15000        0          0          0         109        0.00       0.76       0.00     19634.96      0     
4775000.00    4500      10500      15000        0          0          0         171        0.00       0.76       0.00     19634.96      0     
4800000.00    4500      10500      15000        0          0          0         142        0.00       0.76       0.00     19634.96      0     
4825000.00    4500      10500      15000        0          0          0         132        0.00       0.76       0.00     19634.96      0     
4850000.00    4500      10500      15000        0          0          0         170        0.00       0.76       0.00     19634.96      0     
4875000.00    4500      10500      15000        0          0          0         192        0.00       0.76       0.00     19634.96      0     
4900000.00    4500      10500      15000        0          0          0         170        0.00       0.76       0.00     19634.96      0     
4925000.00    4500      10500      15000        0          0          0         126        0.00       0.76       0.00     19634.96      0     
4950000.00    4500      10500      15000        0          0          0         157        0.00       0.76       0.00     19634.96      0     
4975000.00    4500      10500      15000        0          0          0         133        0.00       0.76       0.00     19634.96      0     
5000000.00    4500      10500      15000        0          0          0         138        0.00       0.76       0.00     19634.96      0     
5025000.00    4500      10500      15000        0          0          0         120        0.00       0.76       0.00     19634.96      0     
5050000.00    4500      10500      15000        0          0          0         115        0.00       0.76       0.00     19634.96      0     
5075000.00    4500      10500      15000        0          0          0          96        0.00       0.76       0.00     19634.96      0     
5100000.00    4500      10500      15000        0          0          0         111        0.00       0.76       0.00     19634.96      0     
5125000.00    4500      10500      15000        0          0          0          75        0.00       0.76       0.00     19634.96      0     
5150000.00    4500      10500      15000        0          0          0         103        0.00       0.76       0.00     19634.96      0     
5175000.00    4500      10500      15000        0          0          0          85        0.00       0.76       0.00     19634.96      0     
5200000.00    4500      10500      15000        0          0          0          66        0.00       0.76       0.00     19634.96      0     
5225000.00    4500      10500      15000        0          0          0          96        0.00       0.76       0.00     19634.96      0     
5250000.00    4500      10500      15000        0          0          0         156        0.00       0.76       0.00     19634.96      0     
5275000.00    4500      10500      15000        0          0          0         119        0.00       0.76       0.00     19634.96      0     
5300000.00    4500      10500      15000        0          0          0          98        0.00       0.76       0.00     19634.96      0     
5325000.00    4500      10500      15000        0          0          0          81        0.00       0.76       0.00     19634.96      0     
5350000.00    4500      10500      15000        0          0          0          87        0.00       0.76       0.00     19634.96      0     
5375000.00    4500      10500      15000        0          0          0         105        0.00       0.76       0.00     19634.96      0     
5400000.00    4500      10500      15000        0          0          0         119        0.00       0.76       0.00     19634.96      0     
5425000.00    4500      10500      15000        0          0          0         115        0.00       0.76       0.00     19634.96      0     
5450000.00    4500      10500      15000        0          0          0         111        0.00       0.76       0.00     19634.96      0     
5475000.00    4500      10500      15000        0          0          0          84        0.00       0.76       0.00     19634.96      0     
5500000.00    4500      10500      15000        0          0          0          99        0.00       0.76       0.00     19634.96      0     
5525000.00    4500      10500      15000        0          0          0         127        0.00       0.76       0.00     19634.96      0     
5550000.00    4500      10500      15000        0          0          0          86        0.00       0.76       0.00     19634.96      0     
5575000.00    4500      10500      15000        0          0          0          79        0.00       0.76       0.00     19634.96      0     
5600000.00    4500      10500      15000        0          0          0          76        0.00       0.76       0.00     19634.96      0     
5625000.00    4500      10500      15000        0          0          0         115        0.00       0.76       0.00     19634.96      0     
5650000.00    4500      10500      15000        0          0          0          92        0.00       0.76       0.00     19634.96      0     
5675000.00    4500      10500      15000        0          0          0          73        0.00       0.76       0.00     19634.96      0     
5700000.00    4500      10500      15000        0          0          0          92        0.00       0.76       0.00     19634.96      0     
5725000.00    4500      10500      15000        0          0          0         106        0.00       0.76       0.00     19634.96      0     
5750000.00    4500      10500      15000        0          0          0          84        0.00       0.76       0.00     19634.96      0     
5775000.00    4500      10500      15000        0          0          0         134        0.00       0.76       0.00     19634.96      0     
5800000.00    4500      10500      15000        0          0          0         102        0.00       0.76       0.00     19634.96      0     
5825000.00    4500      10500      15000        0          0          0          65        0.00       0.76       0.00     19634.96      0     
5850000.00    4500      10500      15000        0          0          0          81        0.00       0.76       0.00     19634.96      0     
5875000.00    4500      10500      15000        0          0          0         114        0.00       0.76       0.00     19634.96      0     
5900000.00    4500      10500      15000        0          0          0          74        0.00       0.76       0.00     19634.96      0     
5925000.00    4500      10500      15000        0          0          0          75        0.00       0.76       0.00     19634.96      0     
5950000.00    4500      10500      15000        0          0          0          91        0.00       0.76       0.00     19634.96      0     
5975000.00    4500      10500      15000        0          0          0          66        0.00       0.76       0.00     19634.96      0     
6000000.00    4500      10500      15000        0          0          0         125        0.00       0.76       0.00     19634.96      0     
6025000.00    4500      10500      15000        0          0          0          79        0.00       0.76       0.00     19634.96      0     
6050000.00    4500      10500      15000        0          0          0          96        0.00       0.76       0.00     19634.96      0     
6075000.00    4500      10500      15000        0          0          0          96        0.00       0.76       0.00     19634.96      0     
6100000.00    4500      10500      15000        0          0          0          82        0.00       0.76       0.00     19634.96      0     
6125000.00    4500      10500      15000        0          0          0          89        0.00       0.76       0.00     19634.96      0     
6150000.00    4500      10500      15000        0          0          0          69        0.00       0.76       0.00     19634.96      0     
6175000.00    4500      10500      15000        0          0          0          93        0.00       0.76       0.00     19634.96      0     
6200000.00    4500      10500      15000        0          0          0         112        0.00       0.76       0.00     19634.96      0     
6225000.00    4500      10500      15000        0          0          0          81        0.00       0.76       0.00     19634.96      0     
6250000.00    4500      10500      15000        0          0          0          88        0.00       0.76       0.00     19634.96      0     
6275000.00    4500      10500      15000        0          0          0          67        0.00       0.76       0.00     19634.96      0     
6300000.00    4500      10500      15000        0          0          0          75        0.00       0.76       0.00     19634.96      0     
6325000.00    4500      10500      15000        0          0          0         117        0.00       0.76       0.00     19634.96      0     
6350000.00    4500      10500      15000        0          0          0          86        0.00       0.76       0.00     19634.96      0     
6375000.00    4500      10500      15000        0          0          0          76        0.00       0.76       0.00     19634.96      0     
6400000.00    4500      10500      15000        0          0          0          92        0.00       0.76       0.00     19634.96      0     
6425000.00    4500      10500      15000        0          0          0         123        0.00       0.76       0.00     19634.96      0     
6450000.00    4500      10500      15000        0          0          0          75        0.00       0.76       0.00     19634.96      0     
6475000.00    4500      10500      15000        0          0          0          86        0.00       0.76       0.00     19634.96      0     
6500000.00    4500      10500      15000        0          0          0          66        0.00       0.76       0.00     19634.96      0     
6525000.00    4500      10500      15000        0          0          0         139        0.00       0.76       0.00     19634.96      0     
6550000.00    4500      10500      15000        0          0          0          77        0.00       0.76       0.00     19634.96      0     
6575000.00    4500      10500      15000        0          0          0          65        0.00       0.76       0.00     19634.96      0     
6600000.00    4500      10500      15000        0          0          0          74        0.00       0.76       0.00     19634.96      0     
6625000.00    4500      10500      15000        0          0          0          80        0.00       0.76       0.00     19634.96      0     
6650000.00    4500      10500      15000        0          0          0         105        0.00       0.76       0.00     19634.96      0     
6675000.00    4500      10500      15000        0          0          0          61        0.00       0.76       0.00     19634.96      0     
6700000.00    4500      10500      15000        0          0          0          92        0.00       0.76       0.00     19634.96      0     
6725000.00    4500      10500      15000        0          0          0         157        0.00       0.76       0.00     19634.96      0     
6750000.00    4500      10500      15000        0          0          0         134        0.00       0.76       0.00     19634.96      0     
6775000.00    4500      10500      15000        0          0          0         142        0.00       0.76       0.00     19634.96      0     
6800000.00    4500      10500      15000        0          0          0         124        0.00       0.76       0.00     19634.96      0     
6825000.00    4500      10500      15000        0          0          0         121        0.00       0.76       0.00     19634.96      0     
6850000.00    4500      10500      15000        0          0          0         105        0.00       0.76       0.00     19634.96      0     
6875000.00    4500      10500      15000        0          0          0         153        0.00       0.76       0.00     19634.96      0     
6900000.00    4500      10500      15000        0          0          0          75        0.00       0.76       0.00     19634.96      0     
6925000.00    4500      10500      15000        0          0          0          83        0.00       0.76       0.00     19634.96      0     
6950000.00    4500      10500      15000        0          0          0         102        0.00       0.76       0.00     19634.96      0     
6975000.00    4500      10500      15000        0          0          0          65        0.00       0.76       0.00     19634.96      0     
7000000.00    4500      10500      15000        0          0          0          78        0.00       0.76       0.00     19634.96      0     
7025000.00    4500      10500      15000        0          0          0         179        0.00       0.76       0.00     19634.96      0     
7050000.00    4500      10500      15000        0          0          0          68        0.00       0.76       0.00     19634.96      0     
7075000.00    4500      10500      15000        0          0          0          89        0.00       0.76       0.00     19634.96      0     
7100000.00    4500      10500      15000        0          0          0          69        0.00       0.76       0.00     19634.96      0     
7125000.00    4500      10500      15000        0          0          0          92        0.00       0.76       0.00     19634.96      0     
7150000.00    4500      10500      15000        0          0          0         109        0.00       0.76       0.00     19634.96      0     
7175000.00    4500      10500      15000        0          0          0          95        0.00       0.76       0.00     19634.96      0     
7200000.00    4500      10500      15000        0          0          0          98        0.00       0.76       0.00     19634.96      0     
7225000.00    4500      10500      15000        0          0          0          86        0.00       0.76       0.00     19634.96      0     
7250000.00    4500      10500      15000        0          0          0         124        0.00       0.76       0.00     19634.96      0     
7275000.00    4500      10500      15000        0          0          0          95        0.00       0.76       0.00     19634.96      0     
7300000.00    4500      10500      15000        0          0          0         149        0.00       0.76       0.00     19634.96      0     
7325000.00    4500      10500      15000        0          0          0         104        0.00       0.76       0.00     19634.96      0     
7350000.00    4500      10500      15000        0          0          0         116        0.00       0.76       0.00     19634.96      0     
7375000.00    4500      10500      15000        0          0          0         162        0.00       0.76       0.00     19634.96      0     
7400000.00    4500      10500      15000        0          0          0         108        0.00       0.76       0.00     19634.96      0     
7425000.00    4500      10500      15000        0          0          0         136        0.00       0.76       0.00     19634.96      0     
7450000.00    4500      10500      15000        0          0          0         134        0.00       0.76       0.00     19634.96      0     
7475000.00    4500      10500      15000        0          0          0         132        0.00       0.76       0.00     19634.96      0     
7500000.00    4500      10500      15000        0          0          0          98        0.00       0.76       0.00     19634.96      0     
7525000.00    4500      10500      15000        0          0          0          70        0.00       0.76       0.00     19634.96      0     
7550000.00    4500      10500      15000        0          0          0          73        0.00       0.76       0.00     19634.96      0     
7575000.00    4500      10500      15000        0          0          0          78        0.00       0.76       0.00     19634.96      0     
7600000.00    4500      10500      15000        0          0          0         113        0.00       0.76       0.00     19634.96      0     
7625000.00    4500      10500      15000        0          0          0          75        0.00       0.76       0.00     19634.96      0     
7650000.00    4500      10500      15000        0          0          0          88        0.00       0.76       0.00     19634.96      0     
7675000.00    4500      10500      15000        0          0          0         172        0.00       0.76       0.00     19634.96      0     
7700000.00    4500      10500      15000        0          0          0         113        0.00       0.76       0.00     19634.96      0     
7725000.00    4500      10500      15000        0          0          0         108        0.00       0.76       0.00     19634.96      0     
7750000.00    4500      10500      15000        0          0          0         105        0.00       0.76       0.00     19634.96      0     
7775000.00    4500      10500      15000        0          0          0         109        0.00       0.76       0.00     19634.96      0     
7800000.00    4500      10500      15000        0          0          0         151        0.00       0.76       0.00     19634.96      0     
7825000.00    4500      10500      15000        0          0          0         163        0.00       0.76       0.00     19634.96      0     
7850000.00    4500      10500      15000        0          0          0         128        0.00       0.76       0.00     19634.96      0     
7875000.00    4500      10500      15000        0          0          0          64        0.00       0.76       0.00     19634.96      0     
7900000.00    4500      10500      15000        0          0          0         102        0.00       0.76       0.00     19634.96      0     
7925000.00    4500      10500      15000        0          0          0          72        0.00       0.76       0.00     19634.96      0     
7950000.00    4500      10500      15000        0          0          0          63        0.00       0.76       0.00     19634.96      0     
7975000.00    4500      10500      15000        0          0          0          68        0.00       0.76       0.00     19634.96      0     
8000000.00    4500      10500      15000        0          0          0          98        0.00       0.76       0.00     19634.96      0     
8025000.00    4500      10500      15000        0          0          0          91        0.00       0.76       0.00     19634.96      0     
8050000.00    4500      10500      15000        0          0          0         105        0.00       0.76       0.00     19634.96      0     
8075000.00    4500      10500      15000        0          0          0         146        0.00       0.76       0.00     19634.96      0     
8100000.00    4500      10500      15000        0          0          0         111        0.00       0.76       0.00     19634.96      0     
8125000.00    4500      10500      15000        0          0          0         154        0.00       0.76       0.00     19634.96      0     
8150000.00    4500      10500      15000        0          0          0          83        0.00       0.76       0.00     19634.96      0     
8175000.00    4500      10500      15000        0          0          0          84        0.00       0.76       0.00     19634.96      0     
8200000.00    4500      10500      15000        0          0          0          76        0.00       0.76       0.00     19634.96      0     
8225000.00    4500      10500      15000        0          0          0          76        0.00       0.76       0.00     19634.96      0     
8250000.00    4500      10500      15000        0          0          0          66        0.00       0.76       0.00     19634.96      0     
8275000.00    4500      10500      15000        0          0          0          74        0.00       0.76       0.00     19634.96      0     
8300000.00    4500      10500      15000        0          0          0         126        0.00       0.76       0.00     19634.96      0     
8325000.00    4500      10500      15000        0          0          0         121        0.00       0.76       0.00     19634.96      0     
8350000.00    4500      10500      15000        0          0          0          56        0.00       0.76       0.00     19634.96      0     
8375000.00    4500      10500      15000        0          0          0         102        0.00       0.76       0.00     19634.96      0     
8400000.00    4500      10500      15000        0          0          0          95        0.00       0.76       0.00     19634.96      0     
8425000.00    4500      10500      15000        0          0          0         105        0.00       0.76       0.00     19634.96      0     
8450000.00    4500      10500      15000        0          0          0          86        0.00       0.76       0.00     19634.96      0     
8475000.00    4500      10500      15000        0          0          0          87        0.00       0.76       0.00     19634.96      0     
8500000.00    4500      10500      15000        0          0          0         134        0.00       0.76       0.00     19634.96      0     
8525000.00    4500      10500      15000        0          0          0          68        0.00       0.76       0.00     19634.96      0     
8550000.00    4500      10500      15000        0          0          0          49        0.00       0.76       0.00     19634.96      0     
8575000.00    4500      10500      15000        0          0          0          69        0.00       0.76       0.00     19634.96      0     
8600000.00    4500      10500      15000        0          0          0         112        0.00       0.76       0.00     19634.96      0     
8625000.00    4500      10500      15000        0          0          0          78        0.00       0.76       0.00     19634.96      0     
8650000.00    4500      10500      15000        0          0          0         102        0.00       0.76       0.00     19634.96      0     
8675000.00    4500      10500      15000        0          0          0          91        0.00       0.76       0.00     19634.96      0     
8700000.00    4500      10500      15000        0          0          0          85        0.00       0.76       0.00     19634.96      0     
8725000.00    4500      10500      15000        0          0          0          80        0.00       0.76       0.00     19634.96      0     
8750000.00    4500      10500      15000        0          0          0          80        0.00       0.76       0.00     19634.96      0     
8775000.00    4500      10500      15000        0          0          0         106        0.00       0.76       0.00     19634.96      0     
8800000.00    4500      10500      15000        0          0          0         120        0.00       0.76       0.00     19634.96      0     
8825000.00    4500      10500      15000        0          0          0         187        0.00       0.76       0.00     19634.96      0     
8850000.00    4500      10500      15000        0          0          0         106        0.00       0.76       0.00     19634.96      0     
8875000.00    4500      10500      15000        0          0          0          80        0.00       0.76       0.00     19634.96      0     
8900000.00    4500      10500      15000        0          0          0         164        0.00       0.76       0.00     19634.96      0     
8925000.00    4500      10500      15000        0          0          0          68        0.00       0.76       0.00     19634.96      0     
8950000.00    4500      10500      15000        0          0          0          61        0.00       0.76       0.00     19634.96      0     
8975000.00    4500      10500      15000        0          0          0         100        0.00       0.76       0.00     19634.96      0     
9000000.00    4500      10500      15000        0          0          0          85        0.00       0.76       0.00     19634.96      0     
9025000.00    4500      10500      15000        0          0          0         132        0.00       0.76       0.00     19634.96      0     
9050000.00    4500      10500      15000        0          0          0         127        0.00       0.76       0.00     19634.96      0     
9075000.00    4500      10500      15000        0          0          0          65        0.00       0.76       0.00     19634.96      0     
9100000.00    4500      10500      15000        0          0          0         204        0.00       0.76       0.00     19634.96      0     
9125000.00    4500      10500      15000        0          0          0         161        0.00       0.76       0.00     19634.96      0     
9150000.00    4500      10500      15000        0          0          0          84        0.00       0.76       0.00     19634.96      0     
9175000.00    4500      10500      15000        0          0          0          65        0.00       0.76       0.00     19634.96      0     
9200000.00    4500      10500      15000        0          0          0          84        0.00       0.76       0.00     19634.96      0     
9225000.00    4500      10500      15000        0          0          0          79        0.00       0.76       0.00     19634.96      0     
9250000.00    4500      10500      15000        0          0          0          78        0.00       0.76       0.00     19634.96      0     
9275000.00    4500      10500      15000        0          0          0         115        0.00       0.76       0.00     19634.96      0     
9300000.00    4500      10500      15000        0          0          0         102        0.00       0.76       0.00     19634.96      0     
9325000.00    4500      10500      15000        0          0          0          77        0.00       0.76       0.00     19634.96      0     
9350000.00    4500      10500      15000        0          0          0          81        0.00       0.76       0.00     19634.96      0     
9375000.00    4500      10500      15000        0          0          0         107        0.00       0.76       0.00     19634.96      0     
9400000.00    4500      10500      15000        0          0          0          74        0.00       0.76       0.00     19634.96      0     
9425000.00    4500      10500      15000        0          0          0          87        0.00       0.76       0.00     19634.96      0     
9450000.00    4500      10500      15000        0          0          0         102        0.00       0.76       0.00     19634.96      0     
9475000.00    4500      10500      15000        0          0          0          63        0.00       0.76       0.00     19634.96      0     
9500000.00    4500      10500      15000        0          0          0         123        0.00       0.76       0.00     19634.96      0     
9525000.00    4500      10500      15000        0          0          0         115        0.00       0.76       0.00     19634.96      0     
9550000.00    4500      10500      15000        0          0          0         152        0.00       0.76       0.00     19634.96      0     
9575000.00    4500      10500      15000        0          0          0          89        0.00       0.76       0.00     19634.96      0     
9600000.00    4500      10500      15000        0          0          0          51        0.00       0.76       0.00     19634.96      0     
9625000.00    4500      10500      15000        0          0          0         103        0.00       0.76       0.00     19634.96      0     
9650000.00    4500      10500      15000        0          0          0         111        0.00       0.76       0.00     19634.96      0     
9675000.00    4500      10500      15000        0          0          0         197        0.00       0.76       0.00     19634.96      0     
9700000.00    4500      10500      15000        0          0          0          91        0.00       0.76       0.00     19634.96      0     
9725000.00    4500      10500      15000        0          0          0         249        0.00       0.76       0.00     19634.96      0     
9750000.00    4500      10500      15000        0          0          0         124        0.00       0.76       0.00     19634.96      0     
9775000.00    4500      10500      15000        0          0          0         107        0.00       0.76       0.00     19634.96      0     
9800000.00    4500      10500      15000        0          0          0         166        0.00       0.76       0.00     19634.96      0     
9825000.00    4500      10500      15000        0          0          0         140        0.00       0.76       0.00     19634.96      0     
9850000.00    4500      10500      15000        0          0          0          75        0.00       0.76       0.00     19634.96      0     
9875000.00    4500      10500      15000        0          0          0          95        0.00       0.76       0.00     19634.96      0     
9900000.00    4500      10500      15000        0          0          0          73        0.00       0.76       0.00     19634.96      0     
9925000.00    4500      10500      15000        0          0          0          79        0.00       0.76       0.00     19634.96      0     
9950000.00    4500      10500      15000        0          0          0          60        0.00       0.76       0.00     19634.96      0     
9975000.00    4500      10500      15000        0          0          0          69        0.00       0.76       0.00     19634.96      0     
