 Timestep    Gas_A      Gas_B     Gas_tot    Dense_A    Dense_B   Dense_tot   Lg_clust  DP_density GP_density Clust_area  Gas_area     MCS    
   0.00      10500       4500      15000        0          0          0          6         0.00       0.76       0.00     19634.96      0     
104166.00    10500       4500      15000        0          0          0         483        0.00       0.76       0.00     19634.96      0     
208332.00    10500       4500      15000        0          0          0         708        0.00       0.76       0.00     19634.96      0     
312498.00     8407       3541      11948       2093       959        3052       1611       1.00       0.72     3037.51    16597.45     1526   
416664.00     7334       3036      10370       3166       1464       4630       3515       1.02       0.69     4554.30    15080.66     2315   
520830.00     6177       2488       8665       4323       2012       6335       6335       1.03       0.64     6125.45    13509.51     6335   
624996.00     5025       1977       7002       5475       2523       7998       3818       1.05       0.58     7650.36    11984.60     2666   
729162.00     4373       1718       6091       6127       2782       8909       3341       1.07       0.54     8364.91    11270.05     2227   
833328.00     4056       1626       5682       6444       2874       9318       5468       1.08       0.52     8663.21    10971.74     3106   
937494.00     3794       1503       5297       6706       2997       9703       5641       1.08       0.50     8959.60    10675.35     3234   
1041660.00    3160       1231       4391       7340       3269      10609       3239       1.09       0.44     9757.13    9877.82      2652   
1145826.00    2546       945        3491       7954       3555      11509       4019       1.09       0.39     10586.84   9048.11      2877   
1249992.00    2944       1150       4094       7556       3350      10906       3555       1.09       0.43     10002.80   9632.16      2726   
1354158.00    2727       983        3710       7773       3517      11290       6309       1.09       0.40     10359.16   9275.79      3763   
1458324.00    2595       944        3539       7905       3556      11461       6310       1.08       0.39     10586.07   9048.88      3820   
1562490.00    2556       978        3534       7944       3522      11466       6392       1.09       0.39     10554.24   9080.71      3822   
1666656.00    2435       893        3328       8065       3607      11672       6256       1.09       0.37     10693.43   8941.52      3890   
1770822.00    2431       861        3292       8069       3639      11708       6247       1.09       0.37     10750.25   8884.71      3902   
1874988.00    3170       1178       4348       7330       3322      10652       5273       1.10       0.44     9726.00    9908.95      3550   
1979154.00    3148       1120       4268       7352       3380      10732       9393       1.09       0.44     9840.45    9794.50      5366   
2083320.00    3200       1206       4406       7300       3294      10594       9332       1.10       0.44     9652.58    9982.38      5297   
2187486.00    2994       1175       4169       7506       3325      10831      10831       1.11       0.42     9784.75    9850.20     10831   
2291652.00    2869       1078       3947       7631       3422      11053       6795       1.10       0.41     10004.85   9630.11      5526   
2395818.00    2812       1004       3816       7688       3496      11184       6917       1.10       0.40     10160.10   9474.85      5592   
2499984.00    2707       968        3675       7793       3532      11325       6947       1.10       0.39     10264.26   9370.69      5662   
2604150.00    2667       975        3642       7833       3525      11358      11358       1.10       0.39     10358.52   9276.44     11358   
2708316.00    2634       953        3587       7866       3547      11413      11413       1.09       0.39     10517.59   9117.36     11413   
2812482.00    2289       864        3153       8211       3636      11847      11847       1.09       0.36     10914.34   8720.62     11847   
2916648.00    2445       942        3387       8055       3558      11613      11613       1.09       0.38     10653.90   8981.05     11613   
3020814.00    2459       873        3332       8041       3627      11668       7107       1.09       0.37     10683.15   8951.80      5834   
3124980.00    2480       903        3383       8020       3597      11617       7261       1.09       0.38     10687.14   8947.81      5808   
3229146.00    2281       809        3090       8219       3691      11910       7235       1.08       0.36     10980.31   8654.64      5955   
3333312.00    2569       910        3479       7931       3590      11521       7300       1.08       0.39     10621.09   9013.87      5760   
3437478.00    2581       903        3484       7919       3597      11516      11516       1.09       0.38     10538.24   9096.72     11516   
3541644.00    2389       826        3215       8111       3674      11785      11785       1.09       0.36     10817.93   8817.02     11785   
3645810.00    2450       890        3340       8050       3610      11660      11660       1.10       0.37     10613.70   9021.25     11660   
3749976.00    2319       849        3168       8181       3651      11832       7422       1.09       0.36     10837.77   8797.19      5916   
3854142.00    2295       817        3112       8205       3683      11888       7551       1.09       0.36     10915.62   8719.33      5944   
3958308.00    2352       864        3216       8148       3636      11784       7481       1.09       0.36     10797.12   8837.83      5892   
4062474.00    2397       876        3273       8103       3624      11727       7466       1.09       0.37     10738.95   8896.01      5863   
4166640.00    2311       873        3184       8189       3627      11816       7553       1.09       0.36     10814.20   8820.75      5908   
4270806.00    2331       868        3199       8169       3632      11801       7606       1.09       0.36     10860.12   8774.84      5900   
4374972.00    2544       896        3440       7956       3604      11560       7642       1.10       0.38     10554.41   9080.55      5780   
4479138.00    2365       860        3225       8135       3640      11775       7710       1.11       0.36     10632.49   9002.47      5887   
4583304.00    2144       750        2894       8356       3750      12106      12106       1.10       0.33     10955.73   8679.23     12106   
4687470.00    2080       732        2812       8420       3768      12188      12188       1.10       0.33     11038.37   8596.58     12188   
4791636.00    2098       728        2826       8402       3772      12174      12174       1.11       0.33     10982.21   8652.74     12174   
4895802.00    2161       729        2890       8339       3771      12110      12110       1.11       0.33     10888.38   8746.58     12110   
4999968.00    2179       759        2938       8321       3741      12062      12062       1.12       0.33     10777.21   8857.75     12062   
5104134.00    2091       750        2841       8409       3750      12159      12159       1.12       0.32     10860.05   8774.91     12159   
5208300.00    2038       730        2768       8462       3770      12232      12232       1.12       0.32     10952.67   8682.28     12232   
5312466.00    2087       825        2912       8413       3675      12088       8261       1.11       0.33     10898.05   8736.91      6044   
5416632.00    2221       874        3095       8279       3626      11905       8274       1.10       0.35     10799.26   8835.70      5952   
5520798.00    2198       829        3027       8302       3671      11973       8215       1.10       0.35     10924.24   8710.71      5986   
5624964.00    2506       895        3401       7994       3605      11599       8180       1.11       0.37     10476.28   9158.68      5799   
5729130.00    2360       903        3263       8140       3597      11737       8259       1.11       0.36     10620.86   9014.10      5868   
5833296.00    2530       952        3482       7970       3548      11518       8057       1.10       0.38     10459.48   9175.47      5759   
5937462.00    2323       892        3215       8177       3608      11785       8187       1.11       0.36     10644.03   8990.93      5892   
6041628.00    2131       792        2923       8369       3708      12077       8369       1.11       0.34     10919.17   8715.78      6038   
6145794.00    2034       780        2814       8466       3720      12186       8403       1.11       0.33     11009.00   8625.96      6093   
6249960.00    2001       712        2713       8499       3788      12287       8446       1.11       0.32     11051.55   8583.40      6143   
6354126.00    2028       741        2769       8472       3759      12231       8336       1.10       0.32     11079.61   8555.34      6115   
6458292.00    1940       681        2621       8560       3819      12379       8364       1.11       0.31     11154.14   8480.81      6189   
6562458.00    2161       787        2948       8339       3713      12052       8068       1.11       0.34     10897.64   8737.32      6026   
6666624.00    2217       793        3010       8283       3707      11990       7913       1.10       0.34     10857.65   8777.30      5995   
6770790.00    2271       882        3153       8229       3618      11847       7753       1.11       0.35     10648.72   8986.23      5923   
6874956.00    2212       826        3038       8288       3674      11962       7874       1.10       0.35     10837.74   8797.21      5981   
6979122.00    2189       805        2994       8311       3695      12006       7969       1.10       0.34     10937.00   8697.95      6003   
7083288.00    2132       772        2904       8368       3728      12096       8040       1.09       0.34     11085.64   8549.31      6048   
7187454.00    2315       799        3114       8185       3701      11886       7956       1.10       0.35     10845.14   8789.82      5943   
7291620.00    2419       857        3276       8081       3643      11724      11724       1.10       0.36     10642.34   8992.62     11724   
7395786.00    2338       889        3227       8162       3611      11773      11773       1.10       0.36     10693.30   8941.66     11773   
7499952.00    2390       902        3292       8110       3598      11708      11708       1.11       0.36     10594.80   9040.15     11708   
7604118.00    2311       878        3189       8189       3622      11811      11811       1.11       0.36     10673.24   8961.71     11811   
7708284.00    2325       835        3160       8175       3665      11840      11840       1.11       0.35     10667.64   8967.31     11840   
7812450.00    2217       818        3035       8283       3682      11965      11965       1.11       0.34     10813.17   8821.78     11965   
7916616.00    2162       765        2927       8338       3735      12073      12073       1.10       0.34     10975.87   8659.09     12073   
8020782.00    2241       799        3040       8259       3701      11960      11960       1.11       0.34     10815.38   8819.58     11960   
8124948.00    2208       817        3025       8292       3683      11975      11975       1.11       0.34     10783.49   8851.46     11975   
8229114.00    2099       761        2860       8401       3739      12140      12140       1.11       0.33     10932.30   8702.66     12140   
8333280.00    2079       742        2821       8421       3758      12179      12179       1.10       0.33     11048.58   8586.38     12179   
8437446.00    2215       811        3026       8285       3689      11974      11974       1.11       0.34     10786.79   8848.17     11974   
8541612.00    2207       811        3018       8293       3689      11982      11982       1.11       0.34     10776.82   8858.14     11982   
8645778.00    2207       809        3016       8293       3691      11984      11984       1.11       0.34     10768.42   8866.54     11984   
8749944.00    2228       825        3053       8272       3675      11947      11947       1.11       0.34     10720.23   8914.73     11947   
8854110.00    2087       734        2821       8413       3766      12179      12179       1.12       0.32     10854.98   8779.98     12179   
8958276.00    1996       708        2704       8504       3792      12296      12296       1.12       0.31     10964.30   8670.65     12296   
9062442.00    2018       702        2720       8482       3798      12280      12280       1.12       0.32     11002.72   8632.24     12280   
9166608.00    2007       708        2715       8493       3792      12285      12285       1.11       0.32     11032.74   8602.22     12285   
9270774.00    2105       756        2861       8395       3744      12139      12139       1.12       0.33     10867.30   8767.66     12139   
9374940.00    2160       745        2905       8340       3755      12095      12095       1.12       0.33     10841.27   8793.69     12095   
9479106.00    2072       779        2851       8428       3721      12149      12149       1.11       0.33     10900.97   8733.99     12149   
9583272.00    2047       785        2832       8453       3715      12168      12168       1.12       0.32     10878.69   8756.27     12168   
9687438.00    1973       744        2717       8527       3756      12283      12283       1.12       0.32     11012.66   8622.30     12283   
9791604.00    2162       811        2973       8338       3689      12027      12027       1.11       0.34     10791.36   8843.59     12027   
9895770.00    2071       779        2850       8429       3721      12150      12150       1.11       0.33     10930.72   8704.23     12150   
9999936.00    2074       733        2807       8426       3767      12193      12193       1.11       0.32     10989.45   8645.50     12193   
10104102.00    2178       769        2947       8322       3731      12053      12053       1.11       0.34     10866.74   8768.22     12053   
10208268.00    2116       803        2919       8384       3697      12081      12081       1.11       0.33     10902.96   8731.99     12081   
10312434.00    2083       764        2847       8417       3736      12153      12153       1.11       0.33     10925.77   8709.19     12153   
10416600.00    2125       778        2903       8375       3722      12097      12097       1.11       0.33     10902.18   8732.77     12097   
10520766.00    2007       751        2758       8493       3749      12242      12242       1.11       0.32     11004.94   8630.02     12242   
10624932.00    1995       761        2756       8505       3739      12244      12244       1.11       0.32     11016.98   8617.98     12244   
10729098.00    2059       713        2772       8441       3787      12228      12228       1.11       0.32     11001.21   8633.75     12228   
10833264.00    2085       753        2838       8415       3747      12162      12162       1.11       0.33     10994.33   8640.62     12162   
10937430.00    2110       743        2853       8390       3757      12147      12147       1.10       0.33     10999.87   8635.09     12147   
11041596.00    2086       743        2829       8414       3757      12171      12171       1.10       0.33     11087.05   8547.90     12171   
11145762.00    2187       812        2999       8313       3688      12001      12001       1.09       0.35     10965.80   8669.15     12001   
11249928.00    2237       832        3069       8263       3668      11931      11931       1.10       0.35     10886.56   8748.39     11931   
11354094.00    2137       787        2924       8363       3713      12076      12076       1.09       0.34     11101.60   8533.35     12076   
11458260.00    2140       789        2929       8360       3711      12071      12071       1.09       0.34     11078.95   8556.00     12071   
11562426.00    2248       822        3070       8252       3678      11930      11930       1.09       0.35     10934.01   8700.95     11930   
11666592.00    2474       919        3393       8026       3581      11607      11607       1.10       0.37     10576.49   9058.47     11607   
11770758.00    2517       947        3464       7983       3553      11536      11536       1.10       0.38     10510.66   9124.29     11536   
11874924.00    2512       894        3406       7988       3606      11594      10536       1.10       0.37     10498.94   9136.02      5797   
11979090.00    2505       888        3393       7995       3612      11607      11607       1.11       0.37     10477.49   9157.47     11607   
12083256.00    2583       936        3519       7917       3564      11481      11481       1.11       0.38     10368.26   9266.69     11481   
12187422.00    2540       890        3430       7960       3610      11570      11570       1.11       0.37     10428.15   9206.81     11570   
12291588.00    2437       925        3362       8063       3575      11638       9851       1.11       0.37     10448.50   9186.46      5819   
12395754.00    2338       874        3212       8162       3626      11788       9987       1.11       0.36     10598.82   9036.13      5894   
12499920.00    2292       801        3093       8208       3699      11907      10009       1.11       0.35     10741.60   8893.36      5953   
12604086.00    2184       777        2961       8316       3723      12039       9985       1.10       0.34     10969.44   8665.51      6019   
12708252.00    2387       810        3197       8113       3690      11803       9847       1.10       0.36     10749.82   8885.13      5901   
12812418.00    2395       800        3195       8105       3700      11805      11805       1.10       0.36     10696.02   8938.93     11805   
12916584.00    2273       762        3035       8227       3738      11965      11965       1.10       0.35     10893.81   8741.14     11965   
13020750.00    2303       794        3097       8197       3706      11903      11903       1.10       0.35     10782.52   8852.44     11903   
13124916.00    2320       814        3134       8180       3686      11866      11866       1.10       0.35     10743.81   8891.14     11866   
13229082.00    2322       827        3149       8178       3673      11851      11851       1.11       0.35     10683.21   8951.74     11851   
13333248.00    2362       822        3184       8138       3678      11816      11816       1.11       0.35     10607.71   9027.24     11816   
13437414.00    2353       829        3182       8147       3671      11818      11818       1.11       0.35     10665.20   8969.75     11818   
13541580.00    2394       840        3234       8106       3660      11766      11766       1.10       0.36     10663.51   8971.45     11766   
13645746.00    2431       920        3351       8069       3580      11649      11649       1.10       0.37     10544.43   9090.53     11649   
13749912.00    2304       823        3127       8196       3677      11873      11873       1.11       0.35     10721.93   8913.02     11873   
13854078.00    2201       778        2979       8299       3722      12021      12021       1.10       0.34     10890.67   8744.28     12021   
13958244.00    2169       768        2937       8331       3732      12063      12063       1.10       0.34     10962.58   8672.38     12063   
14062410.00    2156       790        2946       8344       3710      12054      12054       1.10       0.34     10970.43   8664.53     12054   
14166576.00    2267       840        3107       8233       3660      11893      11893       1.10       0.35     10764.21   8870.74     11893   
14270742.00    2346       849        3195       8154       3651      11805      11805       1.11       0.36     10648.32   8986.63     11805   
14374908.00    2456       866        3322       8044       3634      11678      11678       1.12       0.36     10441.95   9193.00     11678   
14479074.00    2434       888        3322       8066       3612      11678      11678       1.12       0.36     10390.21   9244.74     11678   
14583240.00    2403       880        3283       8097       3620      11717      11717       1.13       0.36     10389.37   9245.58     11717   
14687406.00    2110       811        2921       8390       3689      12079      12079       1.13       0.33     10701.42   8933.54     12079   
14791572.00    2057       765        2822       8443       3735      12178       9220       1.12       0.32     10837.43   8797.53      6089   
14895738.00    2096       778        2874       8404       3722      12126      12126       1.13       0.32     10768.81   8866.15     12126   
14999904.00    1926       738        2664       8574       3762      12336      12336       1.12       0.31     11028.97   8605.98     12336   
15104070.00    1844       724        2568       8656       3776      12432      12432       1.12       0.30     11090.31   8544.64     12432   
15208236.00    1926       727        2653       8574       3773      12347      12347       1.12       0.31     11052.46   8582.49     12347   
15312402.00    1884       712        2596       8616       3788      12404      12404       1.12       0.30     11107.27   8527.69     12404   
15416568.00    1895       713        2608       8605       3787      12392      12392       1.11       0.31     11122.82   8512.13     12392   
15520734.00    1970       732        2702       8530       3768      12298      12298       1.12       0.31     10972.68   8662.28     12298   
15624900.00    1918       695        2613       8582       3805      12387      12387       1.13       0.30     10992.41   8642.55     12387   
15729066.00    1890       679        2569       8610       3821      12431      12431       1.13       0.30     10979.37   8655.59     12431   
15833232.00    1834       653        2487       8666       3847      12513      12513       1.13       0.29     11104.05   8530.90     12513   
15937398.00    1729       640        2369       8771       3860      12631      12631       1.11       0.29     11330.22   8304.74     12631   
16041564.00    1891       691        2582       8609       3809      12418      12418       1.11       0.31     11216.96   8418.00     12418   
16145730.00    1944       738        2682       8556       3762      12318      12318       1.10       0.32     11185.50   8449.45     12318   
16249896.00    2044       796        2840       8456       3704      12160      12160       1.10       0.33     11081.45   8553.50     12160   
16354062.00    2288       834        3122       8212       3666      11878      11878       1.10       0.35     10809.70   8825.26     11878   
16458228.00    2333       890        3223       8167       3610      11777      11777       1.10       0.36     10673.49   8961.47     11777   
16562394.00    2298       878        3176       8202       3622      11824      11824       1.11       0.35     10656.80   8978.16     11824   
16666560.00    2241       823        3064       8259       3677      11936      11936       1.11       0.34     10725.69   8909.26     11936   
16770726.00    2231       842        3073       8269       3658      11927      11927       1.11       0.34     10699.50   8935.45     11927   
16874892.00    2242       837        3079       8258       3663      11921      11921       1.12       0.34     10648.18   8986.77     11921   
16979058.00    2172       775        2947       8328       3725      12053      12053       1.13       0.33     10700.82   8934.13     12053   
17083224.00    2090       753        2843       8410       3747      12157      12157       1.13       0.32     10720.30   8914.65     12157   
17187390.00    2006       725        2731       8494       3775      12269      12269       1.13       0.31     10873.50   8761.46     12269   
17291556.00    1974       700        2674       8526       3800      12326      12326       1.13       0.31     10916.29   8718.67     12326   
17395722.00    1849       665        2514       8651       3835      12486      12486       1.13       0.29     11006.17   8628.79     12486   
17499888.00    1835       668        2503       8665       3832      12497      12497       1.14       0.29     11005.93   8629.03     12497   
17604054.00    1839       662        2501       8661       3838      12499      12499       1.13       0.29     11021.29   8613.67     12499   
17708220.00    1681       602        2283       8819       3898      12717      12717       1.13       0.27     11224.09   8410.86     12717   
17812386.00    1694       621        2315       8806       3879      12685      12685       1.13       0.28     11220.25   8414.70     12685   
17916552.00    1693       600        2293       8807       3900      12707      12707       1.12       0.27     11295.91   8339.04     12707   
18020718.00    1834       616        2450       8666       3884      12550      12550       1.12       0.29     11158.20   8476.75     12550   
18124884.00    1790       612        2402       8710       3888      12598      12598       1.12       0.29     11245.03   8389.93     12598   
18229050.00    1830       672        2502       8670       3828      12498      12498       1.11       0.30     11214.75   8420.20     12498   
18333216.00    1931       712        2643       8569       3788      12357      12357       1.11       0.31     11156.86   8478.10     12357   
18437382.00    1956       759        2715       8544       3741      12285      12285       1.11       0.32     11095.48   8539.47     12285   
18541548.00    2027       752        2779       8473       3748      12221      12221       1.10       0.32     11067.31   8567.65     12221   
18645714.00    2077       791        2868       8423       3709      12132      12132       1.10       0.33     11012.13   8622.83     12132   
18749880.00    2093       782        2875       8407       3718      12125      12125       1.10       0.33     10998.01   8636.95     12125   
18854046.00    2203       801        3004       8297       3699      11996      11996       1.10       0.34     10873.91   8761.05     11996   
18958212.00    2338       854        3192       8162       3646      11808      11808       1.11       0.36     10666.84   8968.11     11808   
19062378.00    2191       811        3002       8309       3689      11998      11998       1.12       0.34     10749.49   8885.47     11998   
19166544.00    2131       793        2924       8369       3707      12076      12076       1.12       0.33     10767.78   8867.17     12076   
19270710.00    2026       770        2796       8474       3730      12204      12204       1.13       0.32     10816.22   8818.74     12204   
19374876.00    1975       719        2694       8525       3781      12306      12306       1.13       0.31     10926.71   8708.25     12306   
19479042.00    1925       691        2616       8575       3809      12384      12384       1.12       0.31     11091.66   8543.30     12384   
19583208.00    2045       772        2817       8455       3728      12183      12183       1.12       0.32     10919.13   8715.82     12183   
19687374.00    2015       796        2811       8485       3704      12189      12189       1.11       0.32     10941.96   8692.99     12189   
19791540.00    1924       727        2651       8576       3773      12349      12349       1.11       0.31     11076.28   8558.67     12349   
19895706.00    1861       661        2522       8639       3839      12478      12478       1.11       0.30     11258.76   8376.20     12478   
19999872.00    2014       730        2744       8486       3770      12256      12256       1.11       0.32     11065.32   8569.63     12256   
20104038.00    2021       750        2771       8479       3750      12229      12229       1.10       0.33     11145.46   8489.50     12229   
20208204.00    2138       813        2951       8362       3687      12049      12049       1.10       0.34     10984.72   8650.24     12049   
20312370.00    2149       834        2983       8351       3666      12017      12017       1.10       0.34     10896.30   8738.65     12017   
20416536.00    2255       854        3109       8245       3646      11891      11891       1.11       0.35     10736.89   8898.06     11891   
20520702.00    2408       926        3334       8092       3574      11666      11666       1.11       0.37     10555.87   9079.09     11666   
20624868.00    2350       930        3280       8150       3570      11720      11720       1.11       0.36     10546.82   9088.14     11720   
20729034.00    2206       844        3050       8294       3656      11950      11950       1.12       0.34     10665.75   8969.20     11950   
20833200.00    2190       826        3016       8310       3674      11984      11984       1.12       0.34     10654.91   8980.04     11984   
20937366.00    2187       813        3000       8313       3687      12000      12000       1.12       0.34     10726.07   8908.89     12000   
21041532.00    2292       832        3124       8208       3668      11876      11876       1.12       0.34     10561.68   9073.28     11876   
21145698.00    2248       803        3051       8252       3697      11949      11949       1.13       0.34     10581.21   9053.75     11949   
21249864.00    2076       791        2867       8424       3709      12133      12133       1.12       0.32     10794.27   8840.68     12133   
21354030.00    2013       745        2758       8487       3755      12242      12242       1.12       0.32     10945.62   8689.33     12242   
21458196.00    2101       787        2888       8399       3713      12112      12112       1.11       0.33     10871.18   8763.77     12112   
21562362.00    2016       752        2768       8484       3748      12232      12232       1.10       0.32     11071.58   8563.37     12232   
21666528.00    2158       811        2969       8342       3689      12031      12031       1.11       0.34     10857.58   8777.38     12031   
21770694.00    2110       814        2924       8390       3686      12076      12076       1.10       0.34     10950.81   8684.14     12076   
21874860.00    2188       815        3003       8312       3685      11997      11997       1.11       0.34     10827.94   8807.02     11997   
21979026.00    2161       803        2964       8339       3697      12036      12036       1.11       0.34     10816.95   8818.01     12036   
22083192.00    2036       730        2766       8464       3770      12234      12234       1.12       0.32     10929.79   8705.17     12234   
22187358.00    2029       745        2774       8471       3755      12226      12226       1.12       0.32     10923.25   8711.70     12226   
22291524.00    2046       742        2788       8454       3758      12212      12212       1.12       0.32     10902.01   8732.95     12212   
22395690.00    2057       764        2821       8443       3736      12179      12179       1.12       0.32     10902.72   8732.23     12179   
22499856.00    2068       765        2833       8432       3735      12167      12167       1.11       0.33     10940.66   8694.29     12167   
22604022.00    2052       710        2762       8448       3790      12238      12238       1.12       0.32     10953.38   8681.57     12238   
22708188.00    2087       723        2810       8413       3777      12190      12190       1.13       0.32     10830.43   8804.52     12190   
22812354.00    1986       718        2704       8514       3782      12296      12296       1.12       0.31     10935.34   8699.61     12296   
22916520.00    1979       691        2670       8521       3809      12330      12330       1.12       0.31     11012.15   8622.80     12330   
23020686.00    1987       695        2682       8513       3805      12318      12318       1.12       0.31     10961.16   8673.80     12318   
23124852.00    1957       721        2678       8543       3779      12322      12322       1.12       0.31     10996.30   8638.65     12322   
23229018.00    2053       749        2802       8447       3751      12198      12198       1.12       0.32     10885.02   8749.94     12198   
23333184.00    1986       727        2713       8514       3773      12287      12287       1.13       0.31     10916.31   8718.65     12287   
23437350.00    1983       727        2710       8517       3773      12290      12290       1.13       0.31     10857.89   8777.07     12290   
23541516.00    2006       713        2719       8494       3787      12281      12281       1.13       0.31     10867.05   8767.90     12281   
23645682.00    2061       686        2747       8439       3814      12253      12253       1.12       0.32     10915.93   8719.02     12253   
23749848.00    2109       724        2833       8391       3776      12167      12167       1.12       0.32     10836.86   8798.09     12167   
23854014.00    2135       763        2898       8365       3737      12102      12102       1.12       0.33     10803.86   8831.10     12102   
23958180.00    2319       889        3208       8181       3611      11792      11792       1.12       0.35     10539.55   9095.40     11792   
24062346.00    2362       904        3266       8138       3596      11734      11734       1.12       0.36     10444.27   9190.69     11734   
24166512.00    2282       868        3150       8218       3632      11850      11850       1.13       0.34     10460.87   9174.09     11850   
24270678.00    2206       831        3037       8294       3669      11963      11963       1.14       0.33     10528.31   9106.65     11963   
24374844.00    2098       779        2877       8402       3721      12123      12123       1.14       0.32     10676.90   8958.05     12123   
24479010.00    2026       759        2785       8474       3741      12215      12215       1.13       0.32     10819.51   8815.45     12215   
24583176.00    1929       720        2649       8571       3780      12351      12351       1.13       0.31     10964.87   8670.09     12351   
24687342.00    2004       752        2756       8496       3748      12244      12244       1.13       0.31     10840.63   8794.32     12244   
24791508.00    1842       658        2500       8658       3842      12500      12500       1.12       0.29     11129.01   8505.94     12500   
24895674.00    1797       664        2461       8703       3836      12539      12539       1.12       0.29     11159.59   8475.37     12539   
24999840.00    1988       682        2670       8512       3818      12330      12330       1.13       0.31     10915.41   8719.55     12330   
25104006.00    2045       691        2736       8455       3809      12264      12264       1.13       0.31     10843.11   8791.84     12264   
25208172.00    1991       675        2666       8509       3825      12334      12334       1.13       0.30     10887.75   8747.21     12334   
25312338.00    1968       662        2630       8532       3838      12370      12370       1.13       0.30     10922.48   8712.48     12370   
25416504.00    1948       664        2612       8552       3836      12388      12388       1.14       0.30     10885.69   8749.26     12388   
25520670.00    1990       689        2679       8510       3811      12321      12321       1.14       0.30     10831.66   8803.29     12321   
25624836.00    1843       676        2519       8657       3824      12481      12481       1.13       0.29     11061.27   8573.69     12481   
25729002.00    1869       673        2542       8631       3827      12458      12458       1.14       0.29     10974.65   8660.30     12458   
25833168.00    1843       695        2538       8657       3805      12462      12462       1.13       0.30     11035.95   8599.00     12462   
25937334.00    1864       686        2550       8636       3814      12450      12450       1.12       0.30     11093.13   8541.83     12450   
26041500.00    1862       686        2548       8638       3814      12452      12452       1.12       0.30     11090.06   8544.90     12452   
26145666.00    1712       618        2330       8788       3882      12670      12670       1.12       0.28     11278.04   8356.92     12670   
26249832.00    1897       671        2568       8603       3829      12432      12432       1.13       0.30     11046.97   8587.98     12432   
26353998.00    2052       779        2831       8448       3721      12169      12169       1.12       0.32     10849.48   8785.47     12169   
26458164.00    2014       771        2785       8486       3729      12215      12215       1.12       0.32     10888.17   8746.79     12215   
26562330.00    2005       755        2760       8495       3745      12240      12240       1.12       0.32     10922.77   8712.18     12240   
26666496.00    1936       713        2649       8564       3787      12351      12351       1.12       0.31     11053.41   8581.55     12351   
26770662.00    2024       740        2764       8476       3760      12236      12236       1.11       0.32     11049.69   8585.27     12236   
26874828.00    2063       735        2798       8437       3765      12202      12202       1.12       0.32     10937.41   8697.54     12202   
26978994.00    1986       718        2704       8514       3782      12296      12296       1.12       0.31     10964.81   8670.14     12296   
27083160.00    1942       690        2632       8558       3810      12368      12368       1.12       0.31     11048.06   8586.90     12368   
27187326.00    1982       700        2682       8518       3800      12318      12318       1.11       0.31     11049.96   8585.00     12318   
27291492.00    1989       738        2727       8511       3762      12273      12273       1.13       0.31     10907.82   8727.13     12273   
27395658.00    1904       687        2591       8596       3813      12409      12409       1.13       0.30     10996.36   8638.60     12409   
27499824.00    1952       744        2696       8548       3756      12304      12304       1.12       0.31     10971.29   8663.67     12304   
27603990.00    1897       741        2638       8603       3759      12362      12362       1.13       0.30     10967.03   8667.92     12362   
27708156.00    1914       687        2601       8586       3813      12399      12399       1.12       0.30     11035.32   8599.64     12399   
27812322.00    1844       671        2515       8656       3829      12485      12485       1.12       0.30     11112.10   8522.85     12485   
27916488.00    1865       700        2565       8635       3800      12435      12435       1.13       0.30     11030.01   8604.95     12435   
28020654.00    1924       731        2655       8576       3769      12345      12345       1.12       0.31     10991.41   8643.54     12345   
28124820.00    1933       724        2657       8567       3776      12343      12343       1.12       0.31     11023.60   8611.36     12343   
28228986.00    1926       709        2635       8574       3791      12365      12365       1.12       0.31     11001.95   8633.00     12365   
28333152.00    1780       683        2463       8720       3817      12537      12537       1.12       0.29     11215.60   8419.35     12537   
28437318.00    1835       718        2553       8665       3782      12447      12447       1.11       0.30     11184.25   8450.71     12447   
28541484.00    1995       727        2722       8505       3773      12278      12278       1.11       0.32     11100.50   8534.45     12278   
28645650.00    2116       803        2919       8384       3697      12081      12081       1.11       0.33     10854.34   8780.61     12081   
28749816.00    2062       747        2809       8438       3753      12191      12191       1.12       0.32     10894.24   8740.72     12191   
28853982.00    2139       806        2945       8361       3694      12055      12055       1.12       0.33     10738.17   8896.79     12055   
28958148.00    2023       753        2776       8477       3747      12224      12224       1.13       0.32     10864.55   8770.41     12224   
29062314.00    1949       719        2668       8551       3781      12332      12332       1.12       0.31     11013.30   8621.66     12332   
29166480.00    2004       734        2738       8496       3766      12262      12262       1.12       0.32     10944.84   8690.12     12262   
29270646.00    1927       691        2618       8573       3809      12382      12382       1.12       0.31     11074.01   8560.94     12382   
29374812.00    2041       761        2802       8459       3739      12198      12198       1.12       0.32     10895.22   8739.74     12198   
29478978.00    2150       776        2926       8350       3724      12074      12074       1.12       0.33     10748.31   8886.65     12074   
29583144.00    2058       758        2816       8442       3742      12184      12184       1.12       0.32     10903.53   8731.42     12184   
29687310.00    2094       799        2893       8406       3701      12107      12107       1.12       0.33     10812.63   8822.33     12107   
29791476.00    1970       684        2654       8530       3816      12346      12346       1.13       0.31     10970.91   8664.04     12346   
29895642.00    1881       671        2552       8619       3829      12448      12448       1.12       0.30     11090.39   8544.57     12448   
29999808.00    1970       724        2694       8530       3776      12306      12306       1.12       0.31     10972.60   8662.36     12306   
30103974.00    2054       734        2788       8446       3766      12212      12212       1.11       0.32     10993.79   8641.17     12212   
30208140.00    2044       767        2811       8456       3733      12189      12189       1.12       0.32     10902.20   8732.75     12189   
30312306.00    1920       708        2628       8580       3792      12372      12372       1.12       0.31     11071.81   8563.15     12372   
30416472.00    2015       740        2755       8485       3760      12245      12245       1.11       0.32     11005.94   8629.02     12245   
30520638.00    2068       764        2832       8432       3736      12168      12168       1.11       0.33     10932.47   8702.48     12168   
30624804.00    2145       769        2914       8355       3731      12086      12086       1.12       0.33     10785.94   8849.02     12086   
30728970.00    2093       753        2846       8407       3747      12154      12154       1.12       0.32     10857.56   8777.39     12154   
30833136.00    2027       703        2730       8473       3797      12270      12270       1.12       0.32     10970.94   8664.01     12270   
30937302.00    2054       749        2803       8446       3751      12197      12197       1.12       0.32     10918.09   8716.87     12197   
31041468.00    2066       726        2792       8434       3774      12208      12208       1.12       0.32     10934.29   8700.66     12208   
31145634.00    2010       717        2727       8490       3783      12273      12273       1.11       0.32     11053.99   8580.97     12273   
31249800.00    2101       831        2932       8399       3669      12068      12068       1.12       0.33     10785.95   8849.01     12068   
31353966.00    2036       755        2791       8464       3745      12209      12209       1.12       0.32     10870.59   8764.37     12209   
31458132.00    1963       745        2708       8537       3755      12292      10396       1.12       0.31     10950.12   8684.83      6146   
31562298.00    2054       786        2840       8446       3714      12160      10348       1.12       0.32     10815.72   8819.24      6080   
31666464.00    2023       758        2781       8477       3742      12219      10487       1.13       0.32     10830.24   8804.71      6109   
31770630.00    2052       799        2851       8448       3701      12149      10578       1.13       0.32     10762.94   8872.02      6074   
31874796.00    2062       776        2838       8438       3724      12162      10639       1.13       0.32     10793.10   8841.86      6081   
31978962.00    2093       774        2867       8407       3726      12133      10707       1.12       0.32     10787.28   8847.68      6066   
32083128.00    2155       834        2989       8345       3666      12011      10608       1.12       0.33     10687.56   8947.39      6005   
32187294.00    2132       798        2930       8368       3702      12070      10716       1.13       0.33     10703.81   8931.14      6035   
32291460.00    2143       817        2960       8357       3683      12040      10843       1.13       0.33     10661.45   8973.51      6020   
32395626.00    2213       805        3018       8287       3695      11982      10901       1.13       0.34     10626.94   9008.01      5991   
32499792.00    2121       804        2925       8379       3696      12075      11003       1.13       0.33     10730.88   8904.07      6037   
32603958.00    2028       778        2806       8472       3722      12194      11113       1.13       0.32     10810.03   8824.93      6097   
32708124.00    2867       1130       3997       7633       3370      11003      11003       1.13       0.40     9721.37    9913.59     11003   
32812290.00    2878       1132       4010       7622       3368      10990      10990       1.13       0.41     9737.13    9897.83     10990   
32916456.00    2741       1082       3823       7759       3418      11177      11177       1.13       0.39     9862.55    9772.41     11177   
33020622.00    2112       748        2860       8388       3752      12140      12140       1.13       0.32     10750.54   8884.41     12140   
33124788.00    2008       677        2685       8492       3823      12315      12315       1.13       0.31     10867.08   8767.88     12315   
33228954.00    1905       666        2571       8595       3834      12429      12429       1.14       0.30     10926.83   8708.12     12429   
33333120.00    1929       691        2620       8571       3809      12380      12380       1.14       0.30     10835.05   8799.90     12380   
33437286.00    1886       690        2576       8614       3810      12424      12424       1.14       0.30     10916.13   8718.83     12424   
33541452.00    1926       702        2628       8574       3798      12372      12372       1.14       0.30     10884.98   8749.97     12372   
33645618.00    1957       703        2660       8543       3797      12340      12340       1.14       0.30     10869.44   8765.52     12340   
33749784.00    1883       669        2552       8617       3831      12448      12448       1.13       0.30     10992.83   8642.13     12448   
33853950.00    1802       626        2428       8698       3874      12572      12572       1.14       0.28     11058.25   8576.70     12572   
33958116.00    2053       730        2783       8447       3770      12217      12217       1.15       0.31     10649.39   8985.56     12217   
34062282.00    1986       703        2689       8514       3797      12311      12311       1.14       0.30     10758.51   8876.45     12311   
34166448.00    1873       663        2536       8627       3837      12464      12464       1.15       0.29     10865.22   8769.74     12464   
34270614.00    1886       666        2552       8614       3834      12448      12448       1.14       0.29     10897.73   8737.22     12448   
34374780.00    1892       688        2580       8608       3812      12420      12420       1.14       0.29     10857.77   8777.18     12420   
34478946.00    1827       641        2468       8673       3859      12532      12532       1.14       0.28     10959.93   8675.02     12532   
34583112.00    1741       601        2342       8759       3899      12658      12658       1.14       0.27     11075.42   8559.54     12658   
34687278.00    1815       588        2403       8685       3912      12597      12597       1.14       0.28     11023.88   8611.07     12597   
34791444.00    1771       609        2380       8729       3891      12620      12620       1.14       0.28     11099.43   8535.52     12620   
34895610.00    1774       565        2339       8726       3935      12661      12661       1.13       0.28     11155.84   8479.12     12661   
34999776.00    1849       615        2464       8651       3885      12536      12536       1.13       0.29     11091.46   8543.50     12536   
35103942.00    1784       620        2404       8716       3880      12596      12596       1.13       0.28     11193.71   8441.24     12596   
35208108.00    1757       641        2398       8743       3859      12602      12602       1.12       0.29     11221.70   8413.25     12602   
35312274.00    1912       680        2592       8588       3820      12408      12408       1.13       0.30     11006.25   8628.71     12408   
35416440.00    1910       682        2592       8590       3818      12408      12408       1.13       0.30     10980.59   8654.36     12408   
35520606.00    1851       670        2521       8649       3830      12479      12479       1.13       0.29     11076.06   8558.89     12479   
35624772.00    1857       649        2506       8643       3851      12494      12494       1.13       0.29     11088.89   8546.07     12494   
35728938.00    1889       662        2551       8611       3838      12449      12449       1.12       0.30     11125.94   8509.02     12449   
35833104.00    1992       723        2715       8508       3777      12285      12285       1.12       0.31     10965.79   8669.17     12285   
35937270.00    2017       757        2774       8483       3743      12226      12226       1.12       0.32     10932.87   8702.08     12226   
36041436.00    2156       784        2940       8344       3716      12060      12060       1.12       0.33     10764.57   8870.38     12060   
36145602.00    2094       767        2861       8406       3733      12139      12139       1.13       0.32     10753.98   8880.98     12139   
36249768.00    2095       761        2856       8405       3739      12144      12144       1.13       0.32     10763.88   8871.08     12144   
36353934.00    2031       755        2786       8469       3745      12214      12214       1.12       0.32     10867.99   8766.97     12214   
36458100.00    2069       744        2813       8431       3756      12187      12187       1.12       0.32     10850.25   8784.71     12187   
36562266.00    2084       740        2824       8416       3760      12176      12176       1.12       0.32     10855.76   8779.19     12176   
36666432.00    2160       767        2927       8340       3733      12073      12073       1.12       0.33     10768.51   8866.45     12073   
36770598.00    2155       775        2930       8345       3725      12070      12070       1.12       0.33     10730.05   8904.90     12070   
36874764.00    2134       738        2872       8366       3762      12128      12128       1.13       0.32     10764.82   8870.13     12128   
36978930.00    2007       706        2713       8493       3794      12287      12287       1.12       0.31     10939.31   8695.64     12287   
37083096.00    2021       678        2699       8479       3822      12301      12301       1.12       0.31     10975.13   8659.82     12301   
37187262.00    2094       723        2817       8406       3777      12183      12183       1.12       0.32     10887.25   8747.70     12183   
37291428.00    2145       728        2873       8355       3772      12127      12127       1.12       0.32     10788.16   8846.80     12127   
37395594.00    2087       755        2842       8413       3745      12158      12158       1.12       0.32     10856.28   8778.67     12158   
37499760.00    2072       718        2790       8428       3782      12210      12210       1.12       0.32     10918.14   8716.82     12210   
37603926.00    2027       758        2785       8473       3742      12215      12215       1.12       0.32     10948.99   8685.97     12215   
37708092.00    2116       805        2921       8384       3695      12079      12079       1.11       0.33     10844.23   8790.72     12079   
37812258.00    2125       822        2947       8375       3678      12053      12053       1.11       0.34     10839.69   8795.27     12053   
37916424.00    2171       843        3014       8329       3657      11986      11986       1.12       0.34     10684.24   8950.71     11986   
38020590.00    2228       824        3052       8272       3676      11948      11948       1.12       0.34     10639.84   8995.12     11948   
38124756.00    2164       795        2959       8336       3705      12041      12041       1.12       0.33     10739.87   8895.08     12041   
38228922.00    2197       810        3007       8303       3690      11993      11993       1.13       0.33     10613.66   9021.30     11993   
38333088.00    2088       761        2849       8412       3739      12151      12151       1.13       0.32     10729.80   8905.15     12151   
38437254.00    2011       726        2737       8489       3774      12263      12263       1.13       0.31     10889.48   8745.47     12263   
38541420.00    1982       719        2701       8518       3781      12299      12299       1.13       0.31     10860.74   8774.21     12299   
38645586.00    1836       672        2508       8664       3828      12492      12492       1.13       0.29     11025.53   8609.42     12492   
38749752.00    1796       651        2447       8704       3849      12553      12553       1.13       0.29     11073.26   8561.69     12553   
38853918.00    1827       669        2496       8673       3831      12504      12504       1.13       0.29     11084.60   8550.36     12504   
38958084.00    1832       669        2501       8668       3831      12499      12499       1.12       0.29     11142.18   8492.77     12499   
39062250.00    2022       725        2747       8478       3775      12253      12253       1.12       0.32     10931.96   8703.00     12253   
39166416.00    2137       775        2912       8363       3725      12088      12088       1.13       0.33     10740.88   8894.08     12088   
39270582.00    2144       808        2952       8356       3692      12048      12048       1.13       0.33     10668.75   8966.21     12048   
39374748.00    2094       785        2879       8406       3715      12121      12121       1.13       0.32     10709.92   8925.04     12121   
39478914.00    2004       754        2758       8496       3746      12242      12242       1.13       0.31     10849.61   8785.34     12242   
39583080.00    1935       721        2656       8565       3779      12344      12344       1.13       0.30     10917.54   8717.42     12344   
39687246.00    1896       718        2614       8604       3782      12386      12386       1.13       0.30     10969.54   8665.41     12386   
39791412.00    1933       731        2664       8567       3769      12336      12336       1.13       0.30     10896.12   8738.84     12336   
39895578.00    2008       769        2777       8492       3731      12223      12223       1.13       0.31     10803.38   8831.57     12223   
39999744.00    1913       743        2656       8587       3757      12344      12344       1.13       0.31     10934.99   8699.96     12344   
40103910.00    1861       712        2573       8639       3788      12427      12427       1.13       0.30     10999.59   8635.36     12427   
40208076.00    1912       735        2647       8588       3765      12353      12353       1.13       0.30     10917.44   8717.51     12353   
40312242.00    1890       723        2613       8610       3777      12387      12387       1.13       0.30     10963.60   8671.36     12387   
40416408.00    1927       784        2711       8573       3716      12289      12289       1.13       0.31     10893.33   8741.62     12289   
40520574.00    1942       740        2682       8558       3760      12318      12318       1.13       0.31     10926.08   8708.87     12318   
40624740.00    1835       704        2539       8665       3796      12461      12461       1.13       0.30     11076.24   8558.71     12461   
40728906.00    1874       702        2576       8626       3798      12424      12424       1.12       0.30     11058.27   8576.68     12424   
40833072.00    1944       737        2681       8556       3763      12319      12319       1.12       0.31     10995.38   8639.58     12319   
40937238.00    2158       829        2987       8342       3671      12013      12013       1.13       0.33     10667.79   8967.16     12013   
41041404.00    2077       771        2848       8423       3729      12152      12152       1.13       0.32     10788.68   8846.28     12152   
41145570.00    2026       774        2800       8474       3726      12200      12200       1.13       0.32     10837.81   8797.14     12200   
41249736.00    1983       722        2705       8517       3778      12295      12295       1.12       0.31     10954.61   8680.35     12295   
41353902.00    2018       722        2740       8482       3778      12260      12260       1.12       0.31     10932.42   8702.54     12260   
41458068.00    2055       745        2800       8445       3755      12200      12200       1.12       0.32     10922.34   8712.62     12200   
41562234.00    2141       805        2946       8359       3695      12054      12054       1.12       0.33     10778.95   8856.01     12054   
41666400.00    2079       798        2877       8421       3702      12123      12123       1.12       0.33     10846.19   8788.77     12123   
