 Timestep    Gas_A      Gas_B     Gas_tot    Dense_A    Dense_B   Dense_tot   Lg_clust  DP_density GP_density Clust_area  Gas_area     MCS    
   0.00      12000       3000      15000        0          0          0          4         0.00       0.76       0.00     19634.96      0     
124999.00    12000       3000      15000        0          0          0         423        0.00       0.76       0.00     19634.96      0     
249998.00    10005       2461      12466       1995       539        2534       1386       0.99       0.73     2569.20    17065.75     1267   
374997.00     8081       1927      10008       3919       1073       4992       3266       1.01       0.68     4918.38    14716.57     2496   
499996.00     7455       1723       9178       4545       1277       5822       3963       1.03       0.66     5629.54    14005.42     2911   
624995.00     6945       1551       8496       5055       1449       6504       3614       1.05       0.63     6194.50    13440.45     2168   
749994.00     5473       1179       6652       6527       1821       8348       8348       1.06       0.57     7902.76    11732.19     8348   
874993.00     4228       818        5046       7772       2182       9954       9954       1.06       0.49     9362.24    10272.71     9954   
999992.00     4523       925        5448       7477       2075       9552       9552       1.08       0.50     8830.99    10803.97     9552   
1124991.00    3992       779        4771       8008       2221      10229      10229       1.08       0.47     9429.74    10205.21    10229   
1249990.00    3109       610        3719       8891       2390      11281      10252       1.09       0.40     10304.03   9330.92      5640   
1374989.00    3019       590        3609       8981       2410      11391       6938       1.09       0.39     10446.55   9188.41      3797   
1499988.00    2855       535        3390       9145       2465      11610      10549       1.10       0.38     10601.56   9033.39      5805   
1624987.00    2526       452        2978       9474       2548      12022       8371       1.09       0.35     11042.12   8592.84      6011   
1749986.00    2615       510        3125       9385       2490      11875       6830       1.08       0.36     10948.66   8686.30      5937   
1874985.00    3214       672        3886       8786       2328      11114       6003       1.08       0.41     10245.09   9389.86      5557   
1999984.00    3218       691        3909       8782       2309      11091      11091       1.08       0.42     10244.03   9390.93     11091   
2124983.00    3143       641        3784       8857       2359      11216       5758       1.09       0.41     10298.13   9336.83      5608   
2249982.00    3279       697        3976       8721       2303      11024       5608       1.08       0.42     10172.65   9462.31      5512   
2374981.00    3301       703        4004       8699       2297      10996      10996       1.10       0.42     10039.96   9595.00     10996   
2499980.00    3125       632        3757       8875       2368      11243      11243       1.10       0.40     10203.83   9431.12     11243   
2624979.00    3100       595        3695       8900       2405      11305      11305       1.11       0.39     10229.87   9405.08     11305   
2749978.00    2873       567        3440       9127       2433      11560      11560       1.10       0.38     10474.89   9160.07     11560   
2874977.00    2619       509        3128       9381       2491      11872      11872       1.10       0.35     10762.76   8872.19     11872   
2999976.00    2812       585        3397       9188       2415      11603      11603       1.10       0.37     10541.10   9093.86     11603   
3124975.00    2739       548        3287       9261       2452      11713      11713       1.10       0.37     10652.63   8982.33     11713   
3249974.00    2759       520        3279       9241       2480      11721      11721       1.09       0.37     10732.65   8902.30     11721   
3374973.00    2850       569        3419       9150       2431      11581      11581       1.10       0.38     10540.21   9094.74     11581   
3499972.00    2710       564        3274       9290       2436      11726      11726       1.10       0.37     10686.91   8948.04     11726   
3624971.00    2651       518        3169       9349       2482      11831      11831       1.10       0.36     10716.93   8918.02     11831   
3749970.00    2381       443        2824       9619       2557      12176      12176       1.11       0.33     10964.92   8670.03     12176   
3874969.00    2146       380        2526       9854       2620      12474      12474       1.10       0.30     11289.09   8345.87     12474   
3999968.00    2262       400        2662       9738       2600      12338      12338       1.11       0.31     11128.14   8506.82     12338   
4124967.00    2356       464        2820       9644       2536      12180      12180       1.10       0.33     11061.83   8573.13     12180   
4249966.00    2567       510        3077       9433       2490      11923      11923       1.10       0.35     10831.44   8803.51     11923   
4374965.00    2469       473        2942       9531       2527      12058      12058       1.10       0.34     10940.83   8694.12     12058   
4499964.00    2388       458        2846       9612       2542      12154      12154       1.11       0.33     10981.74   8653.22     12154   
4624963.00    2347       454        2801       9653       2546      12199      12199       1.11       0.32     11003.23   8631.73     12199   
4749962.00    2306       435        2741       9694       2565      12259      12259       1.10       0.32     11128.45   8506.50     12259   
4874961.00    2451       468        2919       9549       2532      12081      12081       1.10       0.34     10991.74   8643.21     12081   
4999960.00    2478       485        2963       9522       2515      12037      12037       1.09       0.34     11005.78   8629.17     12037   
5124959.00    2599       495        3094       9401       2505      11906      11906       1.09       0.36     10921.37   8713.58     11906   
5249958.00    2597       470        3067       9403       2530      11933      11933       1.09       0.35     10958.57   8676.39     11933   
5374957.00    2481       460        2941       9519       2540      12059      12059       1.10       0.34     11011.99   8622.97     12059   
5499956.00    2593       492        3085       9407       2508      11915      11915       1.09       0.35     10943.62   8691.33     11915   
5624955.00    2707       511        3218       9293       2489      11782      11782       1.10       0.36     10755.56   8879.40     11782   
5749954.00    2599       517        3116       9401       2483      11884      11884       1.09       0.36     10896.96   8737.99     11884   
5874953.00    2732       537        3269       9268       2463      11731      11731       1.09       0.37     10797.95   8837.01     11731   
5999952.00    2863       590        3453       9137       2410      11547      11547       1.09       0.38     10577.30   9057.66     11547   
6124951.00    2849       573        3422       9151       2427      11578      11578       1.10       0.38     10566.91   9068.05     11578   
6249950.00    2795       554        3349       9205       2446      11651       6788       1.10       0.37     10574.34   9060.61      5825   
6374949.00    2682       526        3208       9318       2474      11792      11792       1.10       0.36     10695.79   8939.16     11792   
6499948.00    2789       572        3361       9211       2428      11639      11639       1.10       0.37     10546.20   9088.76     11639   
6624947.00    2718       552        3270       9282       2448      11730      11730       1.11       0.36     10572.23   9062.73     11730   
6749946.00    2524       490        3014       9476       2510      11986      11986       1.11       0.34     10777.83   8857.12     11986   
6874945.00    2467       456        2923       9533       2544      12077      12077       1.11       0.33     10853.78   8781.18     12077   
6999944.00    2330       422        2752       9670       2578      12248      12248       1.11       0.32     11025.83   8609.12     12248   
7124943.00    2296       433        2729       9704       2567      12271      12271       1.11       0.32     11035.65   8599.31     12271   
7249942.00    2562       498        3060       9438       2502      11940      11940       1.11       0.35     10782.07   8852.88     11940   
7374941.00    2492       497        2989       9508       2503      12011      12011       1.11       0.34     10846.27   8788.68     12011   
7499940.00    2347       435        2782       9653       2565      12218      12218       1.11       0.32     11031.10   8603.85     12218   
7624939.00    2319       455        2774       9681       2545      12226      12226       1.10       0.32     11094.19   8540.77     12226   
7749938.00    2495       481        2976       9505       2519      12024      12024       1.10       0.34     10977.52   8657.43     12024   
7874937.00    2452       464        2916       9548       2536      12084      12084       1.10       0.34     10995.88   8639.08     12084   
7999936.00    2221       447        2668       9779       2553      12332      12332       1.10       0.32     11246.03   8388.93     12332   
8124935.00    2438       480        2918       9562       2520      12082      12082       1.10       0.34     11030.75   8604.21     12082   
8249934.00    2466       480        2946       9534       2520      12054      12054       1.09       0.34     11015.84   8619.12     12054   
8374933.00    3041       595        3636       8959       2405      11364      11364       1.11       0.39     10278.32   9356.64     11364   
8499932.00    2541       493        3034       9459       2507      11966      11966       1.11       0.34     10808.97   8825.98     11966   
8624931.00    2511       470        2981       9489       2530      12019      12019       1.11       0.34     10836.42   8798.54     12019   
8749930.00    2524       480        3004       9476       2520      11996      11996       1.12       0.34     10721.02   8913.93     11996   
8874929.00    2530       479        3009       9470       2521      11991      11991       1.12       0.34     10701.09   8933.87     11991   
8999928.00    2495       498        2993       9505       2502      12007      12007       1.11       0.34     10789.66   8845.29     12007   
9124927.00    2355       432        2787       9645       2568      12213      12213       1.11       0.32     11038.72   8596.24     12213   
9249926.00    2348       461        2809       9652       2539      12191      12191       1.11       0.32     10963.61   8671.35     12191   
9374925.00    2264       431        2695       9736       2569      12305      12305       1.10       0.32     11152.30   8482.65     12305   
9499924.00    2252       450        2702       9748       2550      12298      12298       1.11       0.32     11125.10   8509.86     12298   
9624923.00    2343       442        2785       9657       2558      12215      12215       1.11       0.32     11017.06   8617.90     12215   
9749922.00    2189       412        2601       9811       2588      12399      12399       1.11       0.31     11201.30   8433.65     12399   
9874921.00    2433       473        2906       9567       2527      12094      12094       1.11       0.33     10942.17   8692.79     12094   
9999920.00    2409       460        2869       9591       2540      12131      12131       1.10       0.33     11020.83   8614.12     12131   
10124919.00    2355       469        2824       9645       2531      12176      12176       1.10       0.33     11075.64   8559.31     12176   
10249918.00    2283       453        2736       9717       2547      12264      12264       1.10       0.32     11117.68   8517.28     12264   
10374917.00    2306       425        2731       9694       2575      12269      12269       1.11       0.32     11087.53   8547.42     12269   
10499916.00    2299       443        2742       9701       2557      12258      12258       1.10       0.32     11107.79   8527.17     12258   
10624915.00    2315       463        2778       9685       2537      12222      12222       1.10       0.32     11068.53   8566.43     12222   
10749914.00    2257       430        2687       9743       2570      12313      12313       1.11       0.32     11129.30   8505.66     12313   
10874913.00    2161       395        2556       9839       2605      12444      12444       1.10       0.31     11274.64   8360.31     12444   
10999912.00    2248       426        2674       9752       2574      12326      12326       1.10       0.32     11211.54   8423.41     12326   
11124911.00    2343       431        2774       9657       2569      12226      12226       1.10       0.33     11107.11   8527.84     12226   
11249910.00    2461       476        2937       9539       2524      12063      12063       1.10       0.34     10993.62   8641.33     12063   
11374909.00    2418       455        2873       9582       2545      12127      12127       1.09       0.34     11077.54   8557.41     12127   
11499908.00    2625       503        3128       9375       2497      11872      11872       1.10       0.35     10812.03   8822.92     11872   
11624907.00    2599       509        3108       9401       2491      11892      11892       1.10       0.35     10837.55   8797.40     11892   
11749906.00    2622       549        3171       9378       2451      11829      11829       1.11       0.35     10681.45   8953.51     11829   
11874905.00    2538       496        3034       9462       2504      11966      11966       1.11       0.34     10794.11   8840.85     11966   
11999904.00    2422       473        2895       9578       2527      12105      12105       1.11       0.33     10898.88   8736.08     12105   
12124903.00    2336       458        2794       9664       2542      12206      12206       1.11       0.32     11016.25   8618.70     12206   
12249902.00    2306       443        2749       9694       2557      12251      12251       1.11       0.32     11016.63   8618.33     12251   
12374901.00    2271       420        2691       9729       2580      12309      12309       1.11       0.32     11120.14   8514.81     12309   
12499900.00    2290       452        2742       9710       2548      12258       7828       1.11       0.32     11046.90   8588.06      6129   
12624899.00    2372       456        2828       9628       2544      12172      12172       1.10       0.33     11029.51   8605.45     12172   
12749898.00    2400       482        2882       9600       2518      12118      12118       1.10       0.33     11023.74   8611.21     12118   
12874897.00    2411       498        2909       9589       2502      12091      12091       1.10       0.34     11021.40   8613.55     12091   
12999896.00    2519       508        3027       9481       2492      11973      11973       1.10       0.35     10905.86   8729.10     11973   
13124895.00    2569       524        3093       9431       2476      11907      11907       1.11       0.35     10754.70   8880.25     11907   
13249894.00    2275       438        2713       9725       2562      12287      12287       1.11       0.32     11100.27   8534.68     12287   
13374893.00    2321       452        2773       9679       2548      12227      12227       1.11       0.32     11024.97   8609.98     12227   
13499892.00    2309       443        2752       9691       2557      12248      12248       1.10       0.32     11128.04   8506.92     12248   
13624891.00    2331       429        2760       9669       2571      12240      12240       1.10       0.32     11080.20   8554.76     12240   
13749890.00    2322       430        2752       9678       2570      12248      12248       1.11       0.32     11077.55   8557.41     12248   
13874889.00    2311       425        2736       9689       2575      12264      12264       1.11       0.32     11061.62   8573.34     12264   
13999888.00    2198       391        2589       9802       2609      12411      12411       1.10       0.31     11275.71   8359.25     12411   
14124887.00    2313       462        2775       9687       2538      12225      12225       1.09       0.33     11200.37   8434.58     12225   
14249886.00    2394       476        2870       9606       2524      12130      12130       1.10       0.34     11069.75   8565.21     12130   
14374885.00    2698       501        3199       9302       2499      11801      11801       1.11       0.35     10614.25   9020.71     11801   
14499884.00    2455       468        2923       9545       2532      12077      12077       1.11       0.33     10855.10   8779.85     12077   
14624883.00    2295       429        2724       9705       2571      12276      12276       1.12       0.31     10953.42   8681.54     12276   
14749882.00    2098       369        2467       9902       2631      12533      12533       1.12       0.29     11213.57   8421.39     12533   
14874881.00    2135       363        2498       9865       2637      12502      12502       1.11       0.30     11228.96   8405.99     12502   
14999880.00    2099       367        2466       9901       2633      12534      12534       1.11       0.29     11252.76   8382.19     12534   
15124879.00    2075       379        2454       9925       2621      12546      12546       1.11       0.30     11319.85   8315.10     12546   
15249878.00    2319       423        2742       9681       2577      12258      12258       1.11       0.32     11066.46   8568.50     12258   
15374877.00    2340       457        2797       9660       2543      12203      12203       1.11       0.32     11026.62   8608.33     12203   
15499876.00    2489       470        2959       9511       2530      12041      12041       1.11       0.34     10882.49   8752.46     12041   
15624875.00    2413       438        2851       9587       2562      12149      12149       1.11       0.33     10947.60   8687.35     12149   
15749874.00    2322       424        2746       9678       2576      12254      12254       1.11       0.32     10999.77   8635.18     12254   
15874873.00    2384       425        2809       9616       2575      12191      12191       1.11       0.32     10957.63   8677.33     12191   
15999872.00    2315       395        2710       9685       2605      12290      12290       1.12       0.31     10991.64   8643.31     12290   
16124871.00    2408       440        2848       9592       2560      12152      12152       1.12       0.32     10869.13   8765.82     12152   
16249870.00    2411       408        2819       9589       2592      12181      12181       1.12       0.32     10903.83   8731.12     12181   
16374869.00    2515       424        2939       9485       2576      12061      12061       1.11       0.33     10831.65   8803.31     12061   
16499868.00    2506       431        2937       9494       2569      12063      12063       1.11       0.33     10843.18   8791.77     12063   
16624867.00    2480       475        2955       9520       2525      12045      12045       1.12       0.33     10778.85   8856.11     12045   
16749866.00    2319       447        2766       9681       2553      12234      12234       1.12       0.32     10934.90   8700.06     12234   
16874865.00    2219       429        2648       9781       2571      12352      12352       1.12       0.31     10990.03   8644.93     12352   
16999864.00    2197       399        2596       9803       2601      12404      12404       1.12       0.30     11061.56   8573.40     12404   
17124863.00    2233       383        2616       9767       2617      12384      12384       1.12       0.31     11077.52   8557.43     12384   
17249862.00    2320       413        2733       9680       2587      12267      12267       1.12       0.32     10981.84   8653.12     12267   
17374861.00    2221       404        2625       9779       2596      12375      12375       1.12       0.31     11088.89   8546.07     12375   
17499860.00    2225       400        2625       9775       2600      12375      12375       1.12       0.31     11061.62   8573.33     12375   
17624859.00    2259       407        2666       9741       2593      12334      12334       1.13       0.31     10907.30   8727.66     12334   
17749858.00    2220       399        2619       9780       2601      12381      12381       1.13       0.30     10934.70   8700.26     12381   
17874857.00    2117       368        2485       9883       2632      12515      12515       1.13       0.29     11066.14   8568.82     12515   
17999856.00    2064       347        2411       9936       2653      12589      12589       1.13       0.29     11185.44   8449.52     12589   
18124855.00    2046       355        2401       9954       2645      12599      12599       1.12       0.29     11217.18   8417.77     12599   
18249854.00    2121       346        2467       9879       2654      12533      12533       1.13       0.29     11134.56   8500.40     12533   
18374853.00    2156       373        2529       9844       2627      12471      12471       1.12       0.30     11123.42   8511.54     12471   
18499852.00    2069       348        2417       9931       2652      12583      12583       1.12       0.29     11249.57   8385.38     12583   
18624851.00    2114       359        2473       9886       2641      12527      12527       1.12       0.29     11221.16   8413.79     12527   
18749850.00    2071       350        2421       9929       2650      12579      12579       1.11       0.29     11290.59   8344.37     12579   
18874849.00    2165       385        2550       9835       2615      12450      12450       1.12       0.30     11087.10   8547.86     12450   
18999848.00    2198       391        2589       9802       2609      12411      12411       1.12       0.30     11067.11   8567.85     12411   
19124847.00    2123       387        2510       9877       2613      12490      12490       1.11       0.30     11218.77   8416.19     12490   
19249846.00    2045       362        2407       9955       2638      12593      12593       1.11       0.29     11295.97   8338.99     12593   
19374845.00    1989       351        2340      10011       2649      12660      12660       1.11       0.28     11394.57   8240.38     12660   
19499844.00    1935       348        2283      10065       2652      12717      12717       1.11       0.28     11427.12   8207.83     12717   
19624843.00    2087       379        2466       9913       2621      12534      12534       1.11       0.30     11301.49   8333.46     12534   
19749842.00    2239       398        2637       9761       2602      12363      12363       1.11       0.31     11131.55   8503.40     12363   
19874841.00    2329       438        2767       9671       2562      12233      12233       1.11       0.32     11035.80   8599.16     12233   
19999840.00    2402       460        2862       9598       2540      12138      12138       1.12       0.33     10878.66   8756.29     12138   
20124839.00    2378       447        2825       9622       2553      12175      12175       1.12       0.32     10879.79   8755.16     12175   
20249838.00    2259       426        2685       9741       2574      12315      12315       1.12       0.31     10978.31   8656.64     12315   
20374837.00    2100       369        2469       9900       2631      12531      12531       1.13       0.29     11084.74   8550.22     12531   
20499836.00    2120       352        2472       9880       2648      12528      12528       1.13       0.29     11069.05   8565.90     12528   
20624835.00    2049       352        2401       9951       2648      12599      12599       1.12       0.28     11205.02   8429.93     12599   
20749834.00    2069       333        2402       9931       2667      12598      12598       1.12       0.29     11246.08   8388.88     12598   
20874833.00    2097       346        2443       9903       2654      12557      12557       1.12       0.29     11259.45   8375.50     12557   
20999832.00    2191       395        2586       9809       2605      12414      12414       1.11       0.30     11153.66   8481.30     12414   
21124831.00    2318       403        2721       9682       2597      12279      12279       1.11       0.32     11067.37   8567.59     12279   
21249830.00    2349       409        2758       9651       2591      12242      12242       1.11       0.32     11074.88   8560.08     12242   
21374829.00    2239       425        2664       9761       2575      12336      12336       1.11       0.31     11132.28   8502.68     12336   
21499828.00    2162       401        2563       9838       2599      12437      12437       1.11       0.30     11181.72   8453.24     12437   
21624827.00    2228       386        2614       9772       2614      12386      12386       1.11       0.31     11139.87   8495.08     12386   
21749826.00    2205       361        2566       9795       2639      12434      12434       1.11       0.30     11174.36   8460.60     12434   
21874825.00    2222       404        2626       9778       2596      12374      12374       1.11       0.31     11100.95   8534.00     12374   
21999824.00    2206       395        2601       9794       2605      12399      12399       1.12       0.31     11114.04   8520.91     12399   
22124823.00    2170       401        2571       9830       2599      12429      12429       1.10       0.31     11255.25   8379.71     12429   
22249822.00    2248       433        2681       9752       2567      12319      12319       1.10       0.32     11150.89   8484.07     12319   
22374821.00    2270       397        2667       9730       2603      12333      12333       1.10       0.31     11164.89   8470.06     12333   
22499820.00    2355       413        2768       9645       2587      12232      12232       1.10       0.32     11111.11   8523.84     12232   
22624819.00    2317       416        2733       9683       2584      12267      12267       1.09       0.32     11225.37   8409.58     12267   
22749818.00    2414       425        2839       9586       2575      12161      12161       1.09       0.33     11114.63   8520.33     12161   
22874817.00    2501       454        2955       9499       2546      12045      12045       1.09       0.34     11030.37   8604.58     12045   
22999816.00    2650       508        3158       9350       2492      11842      11842       1.10       0.36     10786.69   8848.27     11842   
23124815.00    2623       485        3108       9377       2515      11892      11892       1.11       0.35     10752.84   8882.11     11892   
23249814.00    2492       464        2956       9508       2536      12044      12044       1.11       0.34     10844.38   8790.57     12044   
23374813.00    2623       509        3132       9377       2491      11868      11868       1.11       0.35     10677.08   8957.88     11868   
23499812.00    2603       526        3129       9397       2474      11871      11871       1.12       0.35     10621.19   9013.77     11871   
23624811.00    2593       487        3080       9407       2513      11920      11920       1.12       0.34     10600.55   9034.40     11920   
23749810.00    2591       469        3060       9409       2531      11940      11940       1.13       0.34     10565.96   9068.99     11940   
23874809.00    2442       465        2907       9558       2535      12093      12093       1.13       0.33     10734.36   8900.59     12093   
23999808.00    2446       427        2873       9554       2573      12127      12127       1.12       0.32     10790.91   8844.05     12127   
24124807.00    2238       418        2656       9762       2582      12344      12344       1.12       0.31     10994.64   8640.31     12344   
24249806.00    2233       418        2651       9767       2582      12349      12349       1.12       0.31     11015.92   8619.03     12349   
24374805.00    2163       388        2551       9837       2612      12449      12449       1.12       0.30     11089.31   8545.64     12449   
24499804.00    2250       400        2650       9750       2600      12350      12350       1.12       0.31     11000.76   8634.19     12350   
24624803.00    2478       447        2925       9522       2553      12075      10615       1.12       0.33     10753.77   8881.19      6037   
24749802.00    2386       411        2797       9614       2589      12203      10565       1.12       0.32     10919.70   8715.26      6101   
24874801.00    2304       392        2696       9696       2608      12304      10572       1.11       0.31     11048.44   8586.51      6152   
24999800.00    2499       430        2929       9501       2570      12071      10440       1.11       0.33     10879.59   8755.37      6035   
25124799.00    2367       410        2777       9633       2590      12223      10536       1.12       0.32     10934.26   8700.70      6111   
25249798.00    2410       439        2849       9590       2561      12151      10602       1.12       0.33     10895.96   8738.99      6075   
25374797.00    2356       444        2800       9644       2556      12200      10697       1.11       0.32     10949.85   8685.10      6100   
25499796.00    2355       440        2795       9645       2560      12205      10747       1.11       0.32     10986.37   8648.58      6102   
25624795.00    2404       415        2819       9596       2585      12181      10753       1.11       0.33     11018.72   8616.24      6090   
25749794.00    2391       446        2837       9609       2554      12163      12163       1.10       0.33     11023.84   8611.12     12163   
25874793.00    2477       461        2938       9523       2539      12062      12062       1.10       0.34     10953.17   8681.78     12062   
25999792.00    2440       433        2873       9560       2567      12127      12127       1.11       0.33     10960.54   8674.42     12127   
26124791.00    2598       490        3088       9402       2510      11912      11912       1.11       0.35     10776.29   8858.66     11912   
26249790.00    2489       479        2968       9511       2521      12032      12032       1.11       0.34     10880.31   8754.65     12032   
26374789.00    2413       486        2899       9587       2514      12101      12101       1.11       0.33     10887.98   8746.97     12101   
26499788.00    2476       479        2955       9524       2521      12045      12045       1.11       0.34     10821.07   8813.88     12045   
26624787.00    2327       445        2772       9673       2555      12228      12228       1.12       0.32     10940.61   8694.35     12228   
26749786.00    2351       444        2795       9649       2556      12205      12205       1.12       0.32     10867.33   8767.62     12205   
26874785.00    2230       410        2640       9770       2590      12360      12360       1.12       0.31     11066.57   8568.38     12360   
26999784.00    2238       426        2664       9762       2574      12336      12336       1.11       0.31     11066.70   8568.25     12336   
27124783.00    2341       414        2755       9659       2586      12245      12245       1.12       0.32     10920.74   8714.21     12245   
27249782.00    2326       420        2746       9674       2580      12254      12254       1.12       0.32     10987.47   8647.48     12254   
27374781.00    2216       425        2641       9784       2575      12359      12359       1.12       0.31     11050.60   8584.36     12359   
27499780.00    2207       424        2631       9793       2576      12369      12369       1.12       0.31     11066.12   8568.84     12369   
27624779.00    2224       408        2632       9776       2592      12368      12368       1.12       0.30     10998.46   8636.50     12368   
27749778.00    2166       406        2572       9834       2594      12428      12428       1.12       0.30     11105.75   8529.21     12428   
27874777.00    2383       441        2824       9617       2559      12176      12176       1.12       0.32     10860.02   8774.93     12176   
27999776.00    2335       416        2751       9665       2584      12249      12249       1.12       0.32     10922.28   8712.68     12249   
28124775.00    2467       445        2912       9533       2555      12088      12088       1.13       0.33     10743.15   8891.80     12088   
28249774.00    2409       471        2880       9591       2529      12120      12120       1.12       0.33     10831.23   8803.73     12120   
28374773.00    2258       414        2672       9742       2586      12328      12328       1.12       0.31     10990.49   8644.46     12328   
28499772.00    2158       405        2563       9842       2595      12437      12437       1.12       0.30     11085.97   8548.99     12437   
28624771.00    2263       378        2641       9737       2622      12359      12359       1.12       0.31     11020.90   8614.05     12359   
28749770.00    2080       354        2434       9920       2646      12566      12566       1.12       0.29     11255.15   8379.80     12566   
28874769.00    2312       393        2705       9688       2607      12295      12295       1.11       0.31     11045.83   8589.13     12295   
28999768.00    2335       444        2779       9665       2556      12221      12221       1.12       0.32     10931.00   8703.96     12221   
29124767.00    2307       409        2716       9693       2591      12284      12284       1.12       0.31     10966.29   8668.66     12284   
29249766.00    2379       420        2799       9621       2580      12201      12201       1.13       0.32     10845.15   8789.81     12201   
29374765.00    2251       395        2646       9749       2605      12354      12354       1.12       0.31     10997.07   8637.88     12354   
29499764.00    2073       352        2425       9927       2648      12575      12575       1.12       0.29     11205.69   8429.27     12575   
29624763.00    1998       339        2337      10002       2661      12663      12663       1.12       0.28     11334.64   8300.32     12663   
29749762.00    2055       391        2446       9945       2609      12554      12554       1.12       0.29     11242.90   8392.06     12554   
29874761.00    2012       374        2386       9988       2626      12614      12614       1.11       0.29     11314.40   8320.56     12614   
29999760.00    2080       357        2437       9920       2643      12563      12563       1.11       0.29     11280.33   8354.62     12563   
30124759.00    2096       359        2455       9904       2641      12545      12545       1.11       0.30     11316.16   8318.79     12545   
30249758.00    2400       436        2836       9600       2564      12164      12164       1.11       0.33     10972.73   8662.22     12164   
30374757.00    2427       431        2858       9573       2569      12142      12142       1.11       0.33     10948.93   8686.03     12142   
30499756.00    2328       402        2730       9672       2598      12270      12270       1.11       0.32     11050.73   8584.23     12270   
30624755.00    2550       450        3000       9450       2550      12000      12000       1.11       0.34     10813.60   8821.35     12000   
30749754.00    2684       515        3199       9316       2485      11801      11801       1.12       0.35     10511.86   9123.10     11801   
30874753.00    2562       485        3047       9438       2515      11953      11953       1.12       0.34     10659.45   8975.50     11953   
30999752.00    2500       496        2996       9500       2504      12004      12004       1.13       0.33     10611.27   9023.68     12004   
31124751.00    2318       433        2751       9682       2567      12249      12249       1.12       0.31     10889.21   8745.75     12249   
31249750.00    2364       433        2797       9636       2567      12203      12203       1.13       0.32     10818.63   8816.33     12203   
31374749.00    2377       416        2793       9623       2584      12207      12207       1.13       0.32     10838.07   8796.89     12207   
31499748.00    2322       403        2725       9678       2597      12275      12275       1.13       0.31     10859.82   8775.14     12275   
31624747.00    2318       396        2714       9682       2604      12286      12286       1.13       0.31     10855.97   8778.98     12286   
31749746.00    2279       394        2673       9721       2606      12327      12327       1.13       0.31     10931.95   8703.01     12327   
31874745.00    2260       389        2649       9740       2611      12351      12351       1.13       0.31     10972.57   8662.39     12351   
31999744.00    2341       432        2773       9659       2568      12227      12227       1.12       0.32     10882.22   8752.73     12227   
32124743.00    2334       447        2781       9666       2553      12219      12219       1.12       0.32     10889.04   8745.92     12219   
32249742.00    2266       430        2696       9734       2570      12304      12304       1.13       0.31     10919.60   8715.36     12304   
32374741.00    2219       413        2632       9781       2587      12368      12368       1.13       0.30     10986.04   8648.92     12368   
32499740.00    2301       420        2721       9699       2580      12279      12279       1.13       0.31     10905.82   8729.13     12279   
32624739.00    2251       408        2659       9749       2592      12341      12341       1.13       0.31     10954.33   8680.62     12341   
32749738.00    2231       393        2624       9769       2607      12376      12376       1.12       0.31     11041.78   8593.18     12376   
32874737.00    2281       431        2712       9719       2569      12288      12288       1.12       0.31     11003.35   8631.61     12288   
32999736.00    2288       418        2706       9712       2582      12294      12294       1.11       0.32     11053.01   8581.94     12294   
33124735.00    2278       424        2702       9722       2576      12298      12298       1.12       0.31     10976.69   8658.26     12298   
33249734.00    2201       396        2597       9799       2604      12403      12403       1.12       0.30     11064.55   8570.41     12403   
33374733.00    2233       420        2653       9767       2580      12347      12347       1.12       0.31     11005.90   8629.06     12347   
33499732.00    2197       380        2577       9803       2620      12423      12423       1.12       0.30     11091.77   8543.18     12423   
33624731.00    2226       406        2632       9774       2594      12368      12368       1.11       0.31     11101.33   8533.63     12368   
33749730.00    2396       438        2834       9604       2562      12166      12166       1.12       0.32     10860.94   8774.02     12166   
33874729.00    2287       417        2704       9713       2583      12296      12296       1.12       0.31     11010.01   8624.95     12296   
33999728.00    2379       432        2811       9621       2568      12189      12189       1.12       0.32     10847.22   8787.74     12189   
34124727.00    2168       379        2547       9832       2621      12453      12453       1.12       0.30     11107.51   8527.45     12453   
34249726.00    2097       362        2459       9903       2638      12541      12541       1.12       0.29     11151.50   8483.46     12541   
34374725.00    1996       359        2355      10004       2641      12645      12645       1.12       0.28     11301.06   8333.89     12645   
34499724.00    2125       369        2494       9875       2631      12506      12506       1.12       0.30     11204.82   8430.13     12506   
34624723.00    2192       387        2579       9808       2613      12421      12421       1.11       0.31     11182.85   8452.11     12421   
34749722.00    2149       411        2560       9851       2589      12440      12440       1.11       0.30     11157.37   8477.59     12440   
34874721.00    2108       372        2480       9892       2628      12520      12520       1.11       0.30     11296.45   8338.51     12520   
34999720.00    2188       409        2597       9812       2591      12403      12403       1.11       0.31     11143.71   8491.25     12403   
35124719.00    2195       397        2592       9805       2603      12408      12408       1.12       0.30     11109.56   8525.40     12408   
35249718.00    2132       380        2512       9868       2620      12488      12488       1.12       0.29     11111.90   8523.06     12488   
35374717.00    2091       373        2464       9909       2627      12536      12536       1.13       0.29     11139.76   8495.19     12536   
35499716.00    1994       362        2356      10006       2638      12644      12644       1.12       0.28     11306.72   8328.23     12644   
35624715.00    2152       395        2547       9848       2605      12453      12453       1.12       0.30     11108.97   8525.99     12453   
35749714.00    2092       400        2492       9908       2600      12508      12508       1.12       0.29     11131.21   8503.74     12508   
35874713.00    2171       408        2579       9829       2592      12421      12421       1.13       0.30     11029.45   8605.51     12421   
35999712.00    2210       387        2597       9790       2613      12403      12403       1.13       0.30     11012.02   8622.93     12403   
36124711.00    2088       358        2446       9912       2642      12554      12554       1.13       0.29     11147.97   8486.98     12554   
36249710.00    2049       362        2411       9951       2638      12589      12589       1.12       0.29     11239.70   8395.25     12589   
36374709.00    2057       359        2416       9943       2641      12584      12584       1.12       0.29     11231.63   8403.32     12584   
36499708.00    2109       387        2496       9891       2613      12504      12504       1.12       0.29     11148.97   8485.99     12504   
36624707.00    2190       391        2581       9810       2609      12419      12419       1.13       0.30     11023.75   8611.20     12419   
36749706.00    2141       388        2529       9859       2612      12471      12471       1.13       0.29     11062.05   8572.90     12471   
36874705.00    2245       374        2619       9755       2626      12381      12381       1.13       0.30     10975.94   8659.01     12381   
36999704.00    2139       365        2504       9861       2635      12496      12496       1.13       0.29     11090.55   8544.41     12496   
37124703.00    2043       364        2407       9957       2636      12593      12593       1.13       0.28     11121.34   8513.61     12593   
37249702.00    2107       414        2521       9893       2586      12479      12479       1.13       0.29     11027.56   8607.40     12479   
37374701.00    2150       387        2537       9850       2613      12463      12463       1.14       0.29     10980.26   8654.69     12463   
37499700.00    2235       420        2655       9765       2580      12345      12345       1.13       0.30     10898.97   8735.98     12345   
37624699.00    2249       420        2669       9751       2580      12331      12331       1.13       0.30     10868.05   8766.91     12331   
37749698.00    2014       390        2404       9986       2610      12596      12596       1.14       0.28     11089.03   8545.92     12596   
37874697.00    1945       358        2303      10055       2642      12697      12697       1.13       0.27     11241.15   8393.81     12697   
37999696.00    1874       327        2201      10126       2673      12799      12799       1.12       0.27     11384.19   8250.76     12799   
38124695.00    2047       387        2434       9953       2613      12566      12566       1.13       0.29     11142.44   8492.52     12566   
38249694.00    1942       337        2279      10058       2663      12721      12721       1.13       0.27     11240.83   8394.13     12721   
38374693.00    1965       370        2335      10035       2630      12665      12665       1.13       0.28     11228.59   8406.36     12665   
38499692.00    2033       373        2406       9967       2627      12594      12594       1.13       0.28     11179.30   8455.65     12594   
38624691.00    1964       345        2309      10036       2655      12691      12691       1.13       0.28     11256.68   8378.27     12691   
38749690.00    2024       371        2395       9976       2629      12605      12605       1.12       0.29     11265.00   8369.96     12605   
38874689.00    2142       375        2517       9858       2625      12483      12483       1.12       0.30     11115.58   8519.38     12483   
38999688.00    2082       383        2465       9918       2617      12535      12535       1.12       0.29     11195.82   8439.13     12535   
39124687.00    2048       382        2430       9952       2618      12570      12570       1.12       0.29     11189.90   8445.06     12570   
39249686.00    2130       387        2517       9870       2613      12483      12483       1.12       0.30     11148.18   8486.77     12483   
39374685.00    2134       402        2536       9866       2598      12464      12464       1.12       0.30     11120.38   8514.57     12464   
39499684.00    2153       403        2556       9847       2597      12444      12444       1.12       0.30     11094.76   8540.19     12444   
39624683.00    2176       399        2575       9824       2601      12425      12425       1.11       0.30     11144.17   8490.79     12425   
39749682.00    2249       399        2648       9751       2601      12352      12352       1.11       0.31     11102.99   8531.97     12352   
39874681.00    2277       393        2670       9723       2607      12330      12330       1.12       0.31     11030.62   8604.33     12330   
39999680.00    2315       417        2732       9685       2583      12268      12268       1.12       0.32     10983.31   8651.65     12268   
40124679.00    2319       420        2739       9681       2580      12261      12261       1.12       0.32     10977.67   8657.29     12261   
40249678.00    2423       454        2877       9577       2546      12123      12123       1.11       0.33     10890.58   8744.37     12123   
40374677.00    2431       473        2904       9569       2527      12096      12096       1.11       0.33     10896.19   8738.76     12096   
40499676.00    2415       454        2869       9585       2546      12131      12131       1.11       0.33     10903.28   8731.67     12131   
40624675.00    2357       438        2795       9643       2562      12205      12205       1.11       0.32     10980.87   8654.09     12205   
40749674.00    2317       449        2766       9683       2551      12234      12234       1.11       0.32     11019.66   8615.30     12234   
40874673.00    2320       448        2768       9680       2552      12232      12232       1.11       0.32     10991.42   8643.53     12232   
40999672.00    2305       435        2740       9695       2565      12260      12260       1.11       0.32     11082.28   8552.68     12260   
41124671.00    2420       440        2860       9580       2560      12140      12140       1.11       0.33     10922.12   8712.83     12140   
41249670.00    2465       428        2893       9535       2572      12107      12107       1.11       0.33     10915.40   8719.55     12107   
41374669.00    2399       435        2834       9601       2565      12166      12166       1.11       0.33     10963.43   8671.53     12166   
41499668.00    2587       467        3054       9413       2533      11946      11946       1.11       0.34     10725.91   8909.05     11946   
41624667.00    2579       483        3062       9421       2517      11938      11938       1.12       0.34     10658.51   8976.44     11938   
41749666.00    2461       457        2918       9539       2543      12082      12082       1.13       0.33     10728.77   8906.19     12082   
41874665.00    2266       426        2692       9734       2574      12308      12308       1.12       0.31     10954.35   8680.60     12308   
41999664.00    2357       449        2806       9643       2551      12194      12194       1.12       0.32     10875.94   8759.02     12194   
42124663.00    2231       398        2629       9769       2602      12371      12371       1.12       0.31     11075.78   8559.17     12371   
42249662.00    2167       393        2560       9833       2607      12440      12440       1.11       0.30     11186.08   8448.88     12440   
42374661.00    2403       449        2852       9597       2551      12148      12148       1.11       0.33     10931.72   8703.23     12148   
42499660.00    2441       464        2905       9559       2536      12095      12095       1.11       0.33     10850.18   8784.78     12095   
42624659.00    2415       442        2857       9585       2558      12143      12143       1.11       0.33     10946.37   8688.58     12143   
42749658.00    2297       418        2715       9703       2582      12285      12285       1.11       0.32     11108.85   8526.11     12285   
42874657.00    2185       429        2614       9815       2571      12386      12386       1.10       0.31     11224.51   8410.45     12386   
42999656.00    2207       412        2619       9793       2588      12381      12381       1.10       0.31     11223.63   8411.33     12381   
43124655.00    2224       441        2665       9776       2559      12335      12335       1.11       0.31     11149.17   8485.79     12335   
43249654.00    2240       424        2664       9760       2576      12336      12336       1.11       0.31     11121.96   8512.99     12336   
43374653.00    2226       438        2664       9774       2562      12336      12336       1.11       0.31     11122.74   8512.21     12336   
43499652.00    2337       465        2802       9663       2535      12198      12198       1.12       0.32     10926.07   8708.89     12198   
43624651.00    2298       439        2737       9702       2561      12263      12263       1.11       0.32     11020.10   8614.85     12263   
43749650.00    2398       423        2821       9602       2577      12179      12179       1.12       0.32     10854.44   8780.52     12179   
43874649.00    2293       394        2687       9707       2606      12313      12313       1.12       0.31     10993.97   8640.98     12313   
43999648.00    2169       357        2526       9831       2643      12474      12474       1.12       0.30     11175.38   8459.57     12474   
44124647.00    2153       356        2509       9847       2644      12491      12491       1.12       0.30     11167.05   8467.91     12491   
44249646.00    2174       379        2553       9826       2621      12447      12447       1.12       0.30     11105.24   8529.72     12447   
44374645.00    2338       432        2770       9662       2568      12230      12230       1.12       0.32     10964.12   8670.84     12230   
44499644.00    2409       436        2845       9591       2564      12155      12155       1.12       0.32     10843.82   8791.13     12155   
44624643.00    2358       457        2815       9642       2543      12185      12185       1.12       0.32     10905.64   8729.31     12185   
44749642.00    2287       414        2701       9713       2586      12299      12299       1.11       0.31     11032.73   8602.22     12299   
44874641.00    2293       407        2700       9707       2593      12300      12300       1.11       0.31     11047.48   8587.47     12300   
44999640.00    2311       427        2738       9689       2573      12262      12262       1.11       0.32     11000.86   8634.10     12262   
45124639.00    2160       361        2521       9840       2639      12479      12479       1.12       0.30     11132.85   8502.10     12479   
45249638.00    2185       374        2559       9815       2626      12441      12441       1.12       0.30     11115.63   8519.32     12441   
45374637.00    2288       396        2684       9712       2604      12316      12316       1.12       0.31     11015.82   8619.14     12316   
45499636.00    2451       436        2887       9549       2564      12113      12113       1.12       0.33     10794.30   8840.65     12113   
45624635.00    2543       457        3000       9457       2543      12000      12000       1.13       0.33     10622.45   9012.51     12000   
45749634.00    2409       453        2862       9591       2547      12138      12138       1.13       0.32     10789.09   8845.87     12138   
45874633.00    2352       448        2800       9648       2552      12200      12200       1.13       0.32     10791.70   8843.25     12200   
45999632.00    2321       422        2743       9679       2578      12257      12257       1.13       0.31     10821.94   8813.02     12257   
46124631.00    2164       396        2560       9836       2604      12440      12440       1.13       0.30     10986.75   8648.21     12440   
46249630.00    2410       434        2844       9590       2566      12156      12156       1.14       0.32     10678.29   8956.66     12156   
46374629.00    2354       416        2770       9646       2584      12230      12230       1.13       0.31     10820.24   8814.72     12230   
46499628.00    2394       415        2809       9606       2585      12191      12191       1.13       0.32     10806.18   8828.77     12191   
46624627.00    2284       416        2700       9716       2584      12300      12300       1.12       0.31     10951.43   8683.53     12300   
46749626.00    2467       475        2942       9533       2525      12058      12058       1.13       0.33     10670.78   8964.17     12058   
46874625.00    2429       468        2897       9571       2532      12103      12103       1.13       0.32     10682.96   8952.00     12103   
46999624.00    2397       462        2859       9603       2538      12141      12141       1.14       0.32     10641.16   8993.80     12141   
47124623.00    2214       406        2620       9786       2594      12380      12380       1.14       0.30     10886.55   8748.40     12380   
47249622.00    2070       364        2434       9930       2636      12566      12566       1.13       0.29     11110.98   8523.98     12566   
47374621.00    2013       342        2355       9987       2658      12645      12645       1.14       0.28     11140.50   8494.46     12645   
47499620.00    1912       329        2241      10088       2671      12759      12759       1.13       0.27     11325.96   8309.00     12759   
47624619.00    2095       374        2469       9905       2626      12531      12531       1.12       0.29     11138.77   8496.18     12531   
47749618.00    2189       400        2589       9811       2600      12411      12411       1.13       0.30     11030.87   8604.08     12411   
47874617.00    2181       392        2573       9819       2608      12427      12427       1.13       0.30     10997.74   8637.21     12427   
47999616.00    2218       394        2612       9782       2606      12388      12388       1.13       0.30     10957.67   8677.29     12388   
48124615.00    2188       411        2599       9812       2589      12401      12401       1.13       0.30     10984.16   8650.80     12401   
48249614.00    2211       447        2658       9789       2553      12342      12342       1.13       0.31     10949.68   8685.27     12342   
48374613.00    2165       404        2569       9835       2596      12431      12431       1.12       0.30     11076.10   8558.85     12431   
48499612.00    2144       397        2541       9856       2603      12459      12459       1.12       0.30     11173.01   8461.94     12459   
48624611.00    2211       434        2645       9789       2566      12355      12355       1.11       0.31     11121.65   8513.30     12355   
48749610.00    2549       510        3059       9451       2490      11941      11941       1.11       0.34     10734.16   8900.79     11941   
48874609.00    2525       486        3011       9475       2514      11989      11989       1.11       0.34     10797.84   8837.11     11989   
48999608.00    2556       523        3079       9444       2477      11921      11921       1.11       0.35     10713.69   8921.27     11921   
49124607.00    2439       462        2901       9561       2538      12099      12099       1.11       0.33     10857.97   8776.99     12099   
49249606.00    2439       488        2927       9561       2512      12073      12073       1.12       0.33     10745.83   8889.12     12073   
49374605.00    2354       456        2810       9646       2544      12190      12190       1.12       0.32     10902.55   8732.40     12190   
49499604.00    2279       428        2707       9721       2572      12293      12293       1.11       0.32     11074.25   8560.71     12293   
49624603.00    2280       432        2712       9720       2568      12288      12288       1.12       0.31     10999.50   8635.46     12288   
49749602.00    2419       450        2869       9581       2550      12131      12131       1.12       0.33     10828.41   8806.54     12131   
49874601.00    2311       417        2728       9689       2583      12272      12272       1.12       0.32     10975.54   8659.41     12272   
49999600.00    2249       396        2645       9751       2604      12355      12355       1.11       0.31     11080.96   8553.99     12355   
