 Timestep    Gas_A      Gas_B     Gas_tot    Dense_A    Dense_B   Dense_tot   Lg_clust  DP_density GP_density Clust_area  Gas_area     MCS    
   0.00       7500       7500      15000        0          0          0          6         0.00       0.76       0.00     19634.96      0     
 72916.00     7500       7500      15000        0          0          0         207        0.00       0.76       0.00     19634.96      0     
145832.00     7500       7500      15000        0          0          0         375        0.00       0.76       0.00     19634.96      0     
218748.00     7500       7500      15000        0          0          0         605        0.00       0.76       0.00     19634.96      0     
291664.00     7500       7500      15000        0          0          0         924        0.00       0.76       0.00     19634.96      0     
364580.00     7043       6930      13973       457        570        1027       1027       0.97       0.75     1057.65    18577.31     1027   
437496.00     6317       6136      12453       1183       1364       2547       1316       1.00       0.73     2538.51    17096.45     1273   
510412.00     6368       6175      12543       1132       1325       2457       1383       1.00       0.73     2447.04    17187.91     1228   
583328.00     6625       6472      13097       875        1028       1903       1903       1.01       0.74     1883.25    17751.71     1903   
656244.00     5679       5413      11092       1821       2087       3908       1727       1.00       0.70     3894.41    15740.55     1302   
729160.00     4855       4529       9384       2645       2971       5616       1997       0.99       0.67     5681.60    13953.36     1404   
802076.00     5602       5407      11009       1898       2093       3991       1530       1.02       0.70     3926.23    15708.73     1330   
874992.00     5387       5168      10555       2113       2332       4445       1710       1.02       0.69     4359.82    15275.13     1481   
947908.00     5467       5205      10672       2033       2295       4328       1644       1.04       0.69     4181.08    15453.87     1442   
1020824.00    5242       4912      10154       2258       2588       4846       3484       1.04       0.68     4657.18    14977.78     2423   
1093740.00    4746       4271       9017       2754       3229       5983       4616       1.05       0.65     5715.15    13919.80     2991   
1166656.00    4725       4229       8954       2775       3271       6046       1747       1.05       0.65     5784.36    13850.60     1511   
1239572.00    4403       3925       8328       3097       3575       6672       2283       1.04       0.63     6418.86    13216.09     1668   
1312488.00    4336       3861       8197       3164       3639       6803       2416       1.04       0.63     6556.17    13078.78     1700   
1385404.00    4466       3979       8445       3034       3521       6555       2035       1.04       0.63     6298.82    13336.14     1638   
1458320.00    4286       3782       8068       3214       3718       6932       2123       1.04       0.62     6659.03    12975.93     1733   
1531236.00    4411       4028       8439       3089       3472       6561       2107       1.04       0.63     6315.54    13319.42     1640   
1604152.00    4265       3796       8061       3235       3704       6939       4827       1.03       0.62     6711.10    12923.86     3469   
1677068.00    4293       3853       8146       3207       3647       6854       4585       1.04       0.62     6591.75    13043.20     3427   
1749984.00    4340       3936       8276       3160       3564       6724       4457       1.03       0.63     6504.90    13130.06     3362   
1822900.00    4537       4098       8635       2963       3402       6365       4021       1.03       0.64     6165.16    13469.80     3182   
1895816.00    4547       4083       8630       2953       3417       6370       3166       1.04       0.64     6145.67    13489.29     2123   
1968732.00    4209       3709       7918       3291       3791       7082       2458       1.03       0.62     6867.76    12767.19     1770   
2041648.00    4779       4368       9147       2721       3132       5853       2433       1.04       0.65     5607.84    14027.12     1951   
2114564.00    4693       4269       8962       2807       3231       6038       2410       1.04       0.65     5792.71    13842.25     2012   
2187480.00    4520       4038       8558       2980       3462       6442       2623       1.04       0.64     6223.85    13411.11     2147   
2260396.00    4603       4126       8729       2897       3374       6271       2581       1.05       0.64     5960.10    13674.86     2090   
2333312.00    4188       3734       7922       3312       3766       7078       3627       1.04       0.62     6793.70    12841.26     2359   
2406228.00    4044       3439       7483       3456       4061       7517       3582       1.04       0.60     7226.78    12408.18     2505   
2479144.00    4448       3897       8345       3052       3603       6655       3496       1.04       0.63     6369.41    13265.55     2218   
2552060.00    4088       3496       7584       3412       4004       7416       3560       1.04       0.61     7136.02    12498.93     2472   
2624976.00    4204       3687       7891       3296       3813       7109       2952       1.04       0.62     6837.76    12797.20     2369   
2697892.00    4380       3906       8286       3120       3594       6714       2780       1.04       0.63     6439.65    13195.31     2238   
2770808.00    4261       3690       7951       3239       3810       7049       2844       1.04       0.62     6808.61    12826.35     2349   
2843724.00    4344       3860       8204       3156       3640       6796       2803       1.03       0.63     6578.29    13056.67     2265   
2916640.00    4313       3754       8067       3187       3746       6933       2814       1.03       0.63     6758.35    12876.60     2311   
2989556.00    4624       4107       8731       2876       3393       6269       2728       1.04       0.64     6054.11    13580.85     2089   
3062472.00    4313       3799       8112       3187       3701       6888       3003       1.03       0.63     6674.32    12960.63     2296   
3135388.00    4293       3828       8121       3207       3672       6879       2924       1.04       0.62     6618.72    13016.24     1719   
3208304.00    4701       4253       8954       2799       3247       6046       2789       1.04       0.65     5826.06    13808.89     2015   
3281220.00    4439       3870       8309       3061       3630       6691       2796       1.04       0.63     6444.69    13190.26     2230   
3354136.00    4802       4303       9105       2698       3197       5895       2782       1.03       0.65     5709.73    13925.22     1965   
3427052.00    5167       4745       9912       2333       2755       5088       5088       1.05       0.67     4859.76    14775.20     5088   
3499968.00    5082       4663       9745       2418       2837       5255       3124       1.05       0.67     4999.57    14635.39     2627   
3572884.00    5072       4695       9767       2428       2805       5233       3041       1.04       0.67     5046.23    14588.72     2616   
3645800.00    5411       5066      10477       2089       2434       4523       2324       1.06       0.68     4284.16    15350.80     2261   
3718716.00    4875       4432       9307       2625       3068       5693       3585       1.05       0.66     5426.31    14208.65     2846   
3791632.00    4900       4387       9287       2600       3113       5713       2500       1.05       0.65     5442.38    14192.58     1904   
3864548.00    4476       3909       8385       3024       3591       6615       5547       1.05       0.63     6313.41    13321.55     3307   
3937464.00    5017       4578       9595       2483       2922       5405       3604       1.03       0.67     5230.69    14404.27     2702   
4010380.00    4616       4093       8709       2884       3407       6291       3683       1.04       0.64     6047.60    13587.36     2097   
4083296.00    4523       4053       8576       2977       3447       6424       3669       1.04       0.64     6158.56    13476.39     2141   
4156212.00    4714       4182       8896       2786       3318       6104       3333       1.04       0.65     5869.19    13765.76     2034   
4229128.00    4612       4084       8696       2888       3416       6304       5159       1.05       0.64     6007.11    13627.84     3152   
4302044.00    4664       4103       8767       2836       3397       6233       2577       1.05       0.64     5922.59    13712.37     1558   
4374960.00    4212       3605       7817       3288       3895       7183       3270       1.04       0.61     6874.01    12760.95     1795   
4447876.00    4489       3932       8421       3011       3568       6579       5560       1.06       0.63     6192.31    13442.65     3289   
4520792.00    4546       3975       8521       2954       3525       6479       6479       1.06       0.63     6132.00    13502.96     6479   
4593708.00    4026       3447       7473       3474       4053       7527       6003       1.05       0.60     7173.61    12461.35     3763   
4666624.00    4113       3544       7657       3387       3956       7343       6257       1.03       0.61     7098.09    12536.86     3671   
4739540.00    3726       3133       6859       3774       4367       8141       6482       1.04       0.58     7862.09    11772.86     4070   
4812456.00    3801       3198       6999       3699       4302       8001       5353       1.05       0.58     7649.18    11985.77     2667   
4885372.00    4336       3793       8129       3164       3707       6871       6871       1.06       0.62     6484.44    13150.51     6871   
4958288.00    4156       3602       7758       3344       3898       7242       5751       1.06       0.61     6834.25    12800.71     3621   
5031204.00    4122       3538       7660       3378       3962       7340       7340       1.06       0.60     6935.01    12699.94     7340   
5104120.00    4225       3621       7846       3275       3879       7154       5830       1.06       0.61     6768.12    12866.83     3577   
5177036.00    4311       3804       8115       3189       3696       6885       6885       1.06       0.62     6474.33    13160.63     6885   
5249952.00    4220       3718       7938       3280       3782       7062       7062       1.07       0.61     6620.84    13014.12     7062   
5322868.00    4095       3592       7687       3405       3908       7313       7313       1.06       0.60     6893.49    12741.47     7313   
5395784.00    3255       2588       5843       4245       4912       9157       6506       1.06       0.53     8659.93    10975.02     4578   
5468700.00    3431       2867       6298       4069       4633       8702       8702       1.05       0.55     8255.51    11379.45     8702   
5541616.00    3287       2597       5884       4213       4903       9116       9116       1.04       0.54     8724.01    10910.94     9116   
5614532.00    3563       2901       6464       3937       4599       8536       8536       1.05       0.56     8144.21    11490.75     8536   
5687448.00    3605       3051       6656       3895       4449       8344       8344       1.05       0.57     7934.39    11700.57     8344   
5760364.00    3950       3445       7395       3550       4055       7605       7605       1.05       0.60     7259.12    12375.83     7605   
5833280.00    3962       3392       7354       3538       4108       7646       7646       1.04       0.60     7339.92    12295.03     7646   
5906196.00    4063       3613       7676       3437       3887       7324       4917       1.05       0.61     6996.82    12638.14     3662   
5979112.00    4018       3509       7527       3482       3991       7473       5623       1.05       0.60     7149.81    12485.15     3736   
6052028.00    4117       3592       7709       3383       3908       7291       5014       1.05       0.61     6928.56    12706.40     3645   
6124944.00    3918       3327       7245       3582       4173       7755       5496       1.05       0.59     7359.86    12275.10     3877   
6197860.00    3846       3291       7137       3654       4209       7863       6055       1.05       0.59     7461.88    12173.07     3931   
6270776.00    3977       3522       7499       3523       3978       7501       4902       1.06       0.60     7062.36    12572.59     3750   
6343692.00    3915       3468       7383       3585       4032       7617       3594       1.05       0.60     7234.76    12400.20     2539   
6416608.00    4089       3563       7652       3411       3937       7348       5023       1.06       0.60     6949.74    12685.21     3674   
6489524.00    3858       3223       7081       3642       4277       7919       5396       1.05       0.59     7543.96    12090.99     3959   
6562440.00    3879       3303       7182       3621       4197       7818       3481       1.06       0.59     7365.91    12269.05     2606   
6635356.00    3701       3090       6791       3799       4410       8209       5363       1.06       0.57     7768.43    11866.53     4104   
6708272.00    3695       3138       6833       3805       4362       8167       5399       1.07       0.57     7639.54    11995.42     4083   
6781188.00    3577       2955       6532       3923       4545       8468       5511       1.06       0.56     7993.10    11641.86     4234   
6854104.00    3498       2872       6370       4002       4628       8630       5713       1.06       0.55     8149.28    11485.68     4315   
6927020.00    3585       2893       6478       3915       4607       8522       5762       1.07       0.56     7985.42    11649.54     4261   
6999936.00    3691       2967       6658       3809       4533       8342       5469       1.07       0.56     7784.07    11850.88     4171   
7072852.00    3611       2895       6506       3889       4605       8494       5403       1.07       0.56     7944.24    11690.71     4247   
7145768.00    3384       2658       6042       4116       4842       8958       8958       1.06       0.54     8437.90    11197.06     8958   
7218684.00    3458       2679       6137       4042       4821       8863       8863       1.06       0.54     8341.49    11293.47     8863   
7291600.00    3370       2658       6028       4130       4842       8972       8972       1.07       0.54     8405.15    11229.81     8972   
7364516.00    3434       2662       6096       4066       4838       8904       8904       1.07       0.54     8321.01    11313.95     8904   
7437432.00    3452       2670       6122       4048       4830       8878       6285       1.06       0.54     8365.66    11269.30     4439   
7510348.00    3453       2711       6164       4047       4789       8836       6198       1.06       0.55     8345.37    11289.59     4418   
7583264.00    3514       2779       6293       3986       4721       8707       5668       1.05       0.55     8265.43    11369.52     4353   
7656180.00    3874       3168       7042       3626       4332       7958       4931       1.07       0.58     7458.81    12176.15     2652   
7729096.00    3711       2971       6682       3789       4529       8318       5180       1.06       0.57     7874.79    11760.17     4159   
7802012.00    3744       2981       6725       3756       4519       8275       8275       1.05       0.57     7875.98    11758.98     8275   
7874928.00    3745       2987       6732       3755       4513       8268       6738       1.05       0.57     7856.73    11778.23     4134   
7947844.00    3752       3006       6758       3748       4494       8242       6729       1.06       0.57     7807.75    11827.20     4121   
8020760.00    3616       2835       6451       3884       4665       8549       6204       1.05       0.56     8162.36    11472.60     4274   
8093676.00    3751       2983       6734       3749       4517       8266       6008       1.06       0.57     7815.56    11819.39     4133   
8166592.00    3605       2943       6548       3895       4557       8452       8452       1.05       0.56     8019.56    11615.40     8452   
8239508.00    3644       2945       6589       3856       4555       8411       6105       1.06       0.56     7939.41    11695.54     4205   
8312424.00    3496       2756       6252       4004       4744       8748       6307       1.06       0.55     8285.64    11349.31     4374   
8385340.00    3874       3255       7129       3626       4245       7871       3102       1.06       0.58     7395.39    12239.57     2623   
8458256.00    4141       3481       7622       3359       4019       7378       3058       1.06       0.60     6960.23    12674.72     2459   
8531172.00    4446       3899       8345       3054       3601       6655       4508       1.06       0.63     6285.41    13349.54     3327   
8604088.00    3871       3184       7055       3629       4316       7945       5057       1.05       0.58     7559.06    12075.89     3972   
8677004.00    4194       3630       7824       3306       3870       7176       4729       1.06       0.61     6752.27    12882.68     3588   
8749920.00    4207       3621       7828       3293       3879       7172       4753       1.07       0.60     6690.63    12944.32     3586   
8822836.00    4140       3535       7675       3360       3965       7325       4870       1.08       0.60     6806.74    12828.22     3662   
8895752.00    4092       3505       7597       3408       3995       7403       4823       1.07       0.60     6915.17    12719.78     3701   
8968668.00    3994       3387       7381       3506       4113       7619       5061       1.06       0.59     7165.71    12469.24     3809   
9041584.00    4065       3439       7504       3435       4061       7496       4912       1.07       0.59     6987.45    12647.50     3748   
9114500.00    3940       3318       7258       3560       4182       7742       4930       1.06       0.59     7276.53    12358.42     2580   
9187416.00    4038       3487       7525       3462       4013       7475       4853       1.07       0.60     7010.25    12624.70     3737   
9260332.00    3729       3163       6892       3771       4337       8108       5254       1.05       0.58     7701.03    11933.93     4054   
9333248.00    3940       3342       7282       3560       4158       7718       5030       1.06       0.59     7295.58    12339.38     3859   
9406164.00    4200       3721       7921       3300       3779       7079       4945       1.06       0.61     6663.26    12971.70     3539   
9479080.00    4389       3888       8277       3111       3612       6723       5265       1.06       0.62     6335.61    13299.35     3361   
9551996.00    4446       3932       8378       3054       3568       6622       5183       1.07       0.62     6164.72    13470.24     3311   
9624912.00    4149       3639       7788       3351       3861       7212       5384       1.06       0.61     6790.13    12844.82     3606   
9697828.00    4279       3714       7993       3221       3786       7007       5396       1.06       0.61     6606.13    13028.83     3503   
9770744.00    4105       3501       7606       3395       3999       7394       5372       1.07       0.60     6937.13    12697.83     3697   
9843660.00    4501       3981       8482       2999       3519       6518       5403       1.08       0.62     6041.98    13592.97     3259   
9916576.00    4415       3872       8287       3085       3628       6713       5488       1.07       0.62     6246.66    13388.30     3356   
9989492.00    4458       3920       8378       3042       3580       6622       5376       1.08       0.62     6123.98    13510.97     3311   
10062408.00    4470       3930       8400       3030       3570       6600       5425       1.09       0.62     6081.22    13553.74     3300   
10135324.00    3997       3340       7337       3503       4160       7663       6415       1.08       0.59     7116.80    12518.16     3831   
10208240.00    3897       3285       7182       3603       4215       7818       7818       1.07       0.58     7297.00    12337.96     7818   
10281156.00    4333       3789       8122       3167       3711       6878       6878       1.08       0.61     6387.33    13247.62     6878   
10354072.00    3931       3263       7194       3569       4237       7806       7806       1.07       0.58     7314.75    12320.20     7806   
10426988.00    3957       3362       7319       3543       4138       7681       7681       1.06       0.59     7216.82    12418.14     7681   
10499904.00    4242       3665       7907       3258       3835       7093       7093       1.07       0.61     6602.90    13032.06     7093   
10572820.00    4092       3524       7616       3408       3976       7384       7384       1.07       0.60     6915.08    12719.88     7384   
10645736.00    4134       3525       7659       3366       3975       7341       7341       1.07       0.60     6842.83    12792.13     7341   
10718652.00    4152       3538       7690       3348       3962       7310       7310       1.08       0.60     6768.62    12866.33     7310   
10791568.00    4123       3472       7595       3377       4028       7405       7405       1.09       0.59     6820.59    12814.36     7405   
10864484.00    3923       3264       7187       3577       4236       7813       7813       1.08       0.58     7252.83    12382.13     7813   
10937400.00    4001       3367       7368       3499       4133       7632       7632       1.08       0.59     7074.46    12560.50     7632   
11010316.00    3969       3309       7278       3531       4191       7722       7722       1.08       0.58     7140.27    12494.68     7722   
11083232.00    3992       3284       7276       3508       4216       7724       7724       1.08       0.58     7140.96    12493.99     7724   
11156148.00    3963       3310       7273       3537       4190       7727       7727       1.08       0.58     7171.40    12463.55     7727   
11229064.00    4190       3561       7751       3310       3939       7249       7249       1.08       0.60     6728.40    12906.55     7249   
11301980.00    4250       3640       7890       3250       3860       7110       7110       1.07       0.61     6626.93    13008.02     7110   
11374896.00    4156       3494       7650       3344       4006       7350       7350       1.07       0.60     6869.14    12765.81     7350   
11447812.00    4128       3457       7585       3372       4043       7415       7415       1.07       0.60     6936.80    12698.15     7415   
11520728.00    4068       3446       7514       3432       4054       7486       7486       1.07       0.59     6967.33    12667.62     7486   
11593644.00    4158       3530       7688       3342       3970       7312       7312       1.07       0.60     6832.07    12802.88     7312   
11666560.00    4086       3428       7514       3414       4072       7486       7486       1.07       0.59     6983.48    12651.47     7486   
11739476.00    4163       3461       7624       3337       4039       7376       7376       1.08       0.60     6841.07    12793.89     7376   
11812392.00    4107       3434       7541       3393       4066       7459       7459       1.08       0.59     6882.66    12752.29     7459   
11885308.00    4037       3397       7434       3463       4103       7566       7566       1.08       0.59     7015.34    12619.61     7566   
11958224.00    4042       3414       7456       3458       4086       7544       7544       1.09       0.59     6941.33    12693.63     7544   
12031140.00    3995       3295       7290       3505       4205       7710       7710       1.09       0.58     7088.80    12546.16     7710   
12104056.00    3922       3182       7104       3578       4318       7896       7896       1.09       0.57     7255.03    12379.93     7896   
12176972.00    3830       3080       6910       3670       4420       8090       8090       1.08       0.57     7508.31    12126.65     8090   
12249888.00    3857       3112       6969       3643       4388       8031       8031       1.07       0.57     7484.89    12150.07     8031   
12322804.00    3718       2997       6715       3782       4503       8285       8285       1.07       0.56     7725.07    11909.89     8285   
12395720.00    3733       2991       6724       3767       4509       8276       8276       1.07       0.56     7701.50    11933.46     8276   
12468636.00    3521       2864       6385       3979       4636       8615       8615       1.07       0.55     8070.46    11564.49     8615   
12541552.00    3636       2994       6630       3864       4506       8370       8370       1.07       0.56     7842.69    11792.26     8370   
12614468.00    3590       2907       6497       3910       4593       8503       8503       1.06       0.56     7987.01    11647.94     8503   
12687384.00    3693       3025       6718       3807       4475       8282       8282       1.07       0.56     7734.27    11900.69     8282   
12760300.00    4102       3500       7602       3398       4000       7398       7398       1.08       0.60     6872.92    12762.04     7398   
12833216.00    4147       3575       7722       3353       3925       7278       7278       1.08       0.60     6764.53    12870.42     7278   
12906132.00    4001       3410       7411       3499       4090       7589       7589       1.07       0.59     7091.71    12543.24     7589   
12979048.00    3713       3092       6805       3787       4408       8195       7154       1.07       0.57     7689.05    11945.90     4097   
13051964.00    3912       3254       7166       3588       4246       7834       7834       1.07       0.58     7340.22    12294.74     7834   
13124880.00    3745       3074       6819       3755       4426       8181       8181       1.06       0.57     7731.32    11903.64     8181   
13197796.00    3825       3173       6998       3675       4327       8002       8002       1.07       0.58     7513.59    12121.37     8002   
13270712.00    3797       3136       6933       3703       4364       8067       8067       1.06       0.57     7577.01    12057.95     8067   
13343628.00    3744       3077       6821       3756       4423       8179       8179       1.07       0.57     7617.09    12017.86     8179   
13416544.00    3609       2938       6547       3891       4562       8453       8453       1.07       0.56     7865.93    11769.02     8453   
13489460.00    3516       2836       6352       3984       4664       8648       8648       1.07       0.55     8049.78    11585.18     8648   
13562376.00    3581       2850       6431       3919       4650       8569       8569       1.07       0.55     7977.64    11657.32     8569   
13635292.00    3557       2835       6392       3943       4665       8608       8608       1.08       0.55     7982.46    11652.50     8608   
13708208.00    3558       2836       6394       3942       4664       8606       8606       1.08       0.55     7989.49    11645.46     8606   
13781124.00    3511       2771       6282       3989       4729       8718       8718       1.07       0.55     8120.07    11514.89     8718   
13854040.00    3412       2645       6057       4088       4855       8943       8943       1.07       0.54     8347.69    11287.26     8943   
13926956.00    3358       2618       5976       4142       4882       9024       9024       1.07       0.53     8440.78    11194.18     9024   
13999872.00    3419       2727       6146       4081       4773       8854       8854       1.06       0.54     8325.83    11309.13     8854   
14072788.00    3793       3082       6875       3707       4418       8125       8125       1.08       0.57     7516.23    12118.73     8125   
14145704.00    3736       3047       6783       3764       4453       8217       8217       1.08       0.57     7636.49    11998.47     8217   
14218620.00    3727       2992       6719       3773       4508       8281       8281       1.07       0.56     7726.06    11908.90     8281   
14291536.00    3824       3122       6946       3676       4378       8054       8054       1.07       0.57     7506.29    12128.67     8054   
14364452.00    3715       3053       6768       3785       4447       8232       8232       1.08       0.56     7655.53    11979.43     8232   
14437368.00    3682       3071       6753       3818       4429       8247       8247       1.08       0.56     7638.48    11996.48     8247   
14510284.00    3701       3077       6778       3799       4423       8222       8222       1.08       0.56     7593.47    12041.49     8222   
14583200.00    3773       3147       6920       3727       4353       8080       8080       1.08       0.57     7479.94    12155.02     8080   
14656116.00    3753       3158       6911       3747       4342       8089       8089       1.08       0.57     7514.76    12120.19     8089   
14729032.00    3672       3054       6726       3828       4446       8274       8274       1.07       0.56     7698.40    11936.56     8274   
14801948.00    3670       3030       6700       3830       4470       8300       8300       1.07       0.56     7731.31    11903.64     8300   
14874864.00    3621       3021       6642       3879       4479       8358       8358       1.08       0.56     7737.52    11897.44     8358   
14947780.00    3557       2976       6533       3943       4524       8467       8467       1.08       0.56     7866.10    11768.85     8467   
15020696.00    3626       3039       6665       3874       4461       8335       8335       1.08       0.56     7719.34    11915.61     8335   
15093612.00    3726       3025       6751       3774       4475       8249       8249       1.08       0.56     7639.20    11995.76     8249   
15166528.00    3667       2989       6656       3833       4511       8344       8344       1.07       0.56     7774.86    11860.09     8344   
15239444.00    3795       3091       6886       3705       4409       8114       8114       1.08       0.57     7535.63    12099.32     8114   
15312360.00    3613       2978       6591       3887       4522       8409       8409       1.08       0.56     7770.64    11864.31     8409   
15385276.00    3587       2907       6494       3913       4593       8506       8506       1.07       0.55     7916.19    11718.77     8506   
15458192.00    3475       2808       6283       4025       4692       8717       8717       1.06       0.55     8193.84    11441.11     8717   
15531108.00    3858       3181       7039       3642       4319       7961       7961       1.07       0.58     7432.12    12202.84     7961   
15604024.00    3921       3213       7134       3579       4287       7866       5059       1.07       0.58     7344.89    12290.06     3933   
15676940.00    3985       3363       7348       3515       4137       7652       7652       1.07       0.59     7172.07    12462.88     7652   
15749856.00    3901       3260       7161       3599       4240       7839       7839       1.07       0.58     7321.53    12313.42     7839   
15822772.00    3939       3346       7285       3561       4154       7715       7715       1.08       0.58     7163.05    12471.90     7715   
15895688.00    3850       3315       7165       3650       4185       7835       7835       1.07       0.58     7300.46    12334.50     7835   
15968604.00    3856       3345       7201       3644       4155       7799       7799       1.08       0.58     7207.50    12427.45     7799   
16041520.00    3746       3143       6889       3754       4357       8111       8111       1.07       0.57     7575.70    12059.25     8111   
16114436.00    3744       3122       6866       3756       4378       8134       8134       1.07       0.57     7630.01    12004.94     8134   
16187352.00    3702       3111       6813       3798       4389       8187       8187       1.07       0.57     7638.85    11996.10     8187   
16260268.00    3753       3168       6921       3747       4332       8079       8079       1.08       0.57     7499.60    12135.35     8079   
16333184.00    3730       3050       6780       3770       4450       8220       8220       1.08       0.56     7609.64    12025.32     8220   
16406100.00    3544       2861       6405       3956       4639       8595       8595       1.09       0.55     7919.74    11715.22     8595   
16479016.00    3563       2885       6448       3937       4615       8552       8552       1.09       0.55     7823.04    11811.91     8552   
16551932.00    3540       2888       6428       3960       4612       8572       8572       1.09       0.54     7836.81    11798.15     8572   
16624848.00    3528       2850       6378       3972       4650       8622       8622       1.09       0.54     7887.41    11747.54     8622   
16697764.00    3588       2900       6488       3912       4600       8512       8512       1.09       0.55     7820.13    11814.82     8512   
16770680.00    3531       2818       6349       3969       4682       8651       8651       1.08       0.55     7985.98    11648.98     8651   
16843596.00    3567       2821       6388       3933       4679       8612       8612       1.08       0.55     7944.25    11690.71     8612   
16916512.00    3461       2785       6246       4039       4715       8754       8754       1.08       0.54     8106.10    11528.85     8754   
16989428.00    3745       3141       6886       3755       4359       8114       8114       1.09       0.57     7466.71    12168.24     8114   
17062344.00    3491       2803       6294       4009       4697       8706       8706       1.08       0.54     8046.46    11588.49     8706   
17135260.00    3423       2764       6187       4077       4736       8813       8813       1.08       0.54     8184.78    11450.18     8813   
17208176.00    3601       2887       6488       3899       4613       8512       8512       1.08       0.55     7853.70    11781.26     8512   
17281092.00    3492       2765       6257       4008       4735       8743       8743       1.08       0.54     8074.68    11560.28     8743   
17354008.00    3615       2914       6529       3885       4586       8471       8471       1.08       0.55     7857.29    11777.66     8471   
17426924.00    3652       2920       6572       3848       4580       8428       8428       1.08       0.56     7803.77    11831.18     8428   
17499840.00    3764       3061       6825       3736       4439       8175       8175       1.08       0.57     7583.53    12051.42     8175   
17572756.00    3771       3069       6840       3729       4431       8160       8160       1.07       0.57     7629.98    12004.98     8160   
17645672.00    3834       3179       7013       3666       4321       7987       7987       1.07       0.58     7443.38    12191.57     7987   
17718588.00    3676       2988       6664       3824       4512       8336       8336       1.07       0.56     7804.16    11830.79     8336   
17791504.00    3850       3203       7053       3650       4297       7947       7947       1.08       0.57     7357.96    12277.00     7947   
17864420.00    3746       3075       6821       3754       4425       8179       8179       1.09       0.56     7497.03    12137.92     8179   
17937336.00    3798       3061       6859       3702       4439       8141       8141       1.09       0.57     7496.42    12138.53     8141   
18010252.00    3586       2896       6482       3914       4604       8518       8518       1.09       0.55     7826.94    11808.02     8518   
18083168.00    3667       2987       6654       3833       4513       8346       8346       1.09       0.56     7662.32    11972.63     8346   
18156084.00    3507       2818       6325       3993       4682       8675       8675       1.09       0.54     7985.60    11649.36     8675   
18229000.00    3594       2872       6466       3906       4628       8534       8534       1.10       0.55     7787.82    11847.14     8534   
18301916.00    3613       2871       6484       3887       4629       8516       8516       1.09       0.55     7791.09    11843.87     8516   
18374832.00    3621       2909       6530       3879       4591       8470       8470       1.09       0.55     7749.20    11885.75     8470   
18447748.00    3564       2864       6428       3936       4636       8572       8572       1.09       0.55     7878.05    11756.91     8572   
18520664.00    3607       2809       6416       3893       4691       8584       8584       1.08       0.55     7959.41    11675.54     8584   
18593580.00    3518       2691       6209       3982       4809       8791       8791       1.07       0.54     8182.39    11452.57     8791   
18666496.00    3517       2790       6307       3983       4710       8693       8693       1.08       0.54     8025.99    11608.96     8693   
18739412.00    3464       2694       6158       4036       4806       8842       8842       1.08       0.54     8176.69    11458.26     8842   
18812328.00    3401       2624       6025       4099       4876       8975       8975       1.08       0.53     8295.64    11339.32     8975   
18885244.00    3486       2752       6238       4014       4748       8762       8762       1.09       0.54     8054.20    11580.75     8762   
18958160.00    3289       2533       5822       4211       4967       9178       9178       1.08       0.52     8482.54    11152.42     9178   
19031076.00    3446       2727       6173       4054       4773       8827       8827       1.09       0.53     8087.83    11547.12     8827   
19103992.00    3468       2755       6223       4032       4745       8777       8777       1.09       0.54     8073.81    11561.15     8777   
19176908.00    3400       2697       6097       4100       4803       8903       8903       1.08       0.53     8213.76    11421.20     8903   
19249824.00    3339       2602       5941       4161       4898       9059       9059       1.08       0.53     8361.71    11273.25     9059   
19322740.00    3312       2539       5851       4188       4961       9149       9149       1.09       0.52     8420.44    11214.52     9149   
19395656.00    3337       2583       5920       4163       4917       9080       9080       1.08       0.53     8387.36    11247.60     9080   
19468572.00    3311       2516       5827       4189       4984       9173       9173       1.08       0.52     8486.22    11148.73     9173   
19541488.00    3263       2454       5717       4237       5046       9283       9283       1.08       0.52     8558.25    11076.70     9283   
19614404.00    3248       2477       5725       4252       5023       9275       9275       1.08       0.52     8554.76    11080.20     9275   
19687320.00    3256       2508       5764       4244       4992       9236       9236       1.08       0.52     8569.41    11065.54     9236   
19760236.00    3326       2537       5863       4174       4963       9137       9137       1.08       0.53     8476.57    11158.38     9137   
19833152.00    3325       2554       5879       4175       4946       9121       9121       1.08       0.53     8473.86    11161.09     9121   
19906068.00    3301       2521       5822       4199       4979       9178       9178       1.08       0.52     8488.11    11146.84     9178   
19978984.00    3185       2426       5611       4315       5074       9389       9389       1.08       0.51     8729.09    10905.87     9389   
20051900.00    3332       2547       5879       4168       4953       9121       9121       1.08       0.53     8479.84    11155.12     9121   
20124816.00    3232       2441       5673       4268       5059       9327       9327       1.07       0.52     8701.03    10933.92     9327   
20197732.00    3321       2535       5856       4179       4965       9144       9144       1.07       0.53     8551.49    11083.46     9144   
20270648.00    3215       2526       5741       4285       4974       9259       9259       1.07       0.52     8676.79    10958.17     9259   
20343564.00    3202       2441       5643       4298       5059       9357       9357       1.07       0.52     8766.25    10868.70     9357   
20416480.00    3322       2579       5901       4178       4921       9099       9099       1.07       0.53     8541.08    11093.87     9099   
20489396.00    3337       2598       5935       4163       4902       9065       9065       1.07       0.53     8487.85    11147.11     9065   
20562312.00    3197       2478       5675       4303       5022       9325       9325       1.06       0.52     8771.74    10863.22     9325   
20635228.00    3600       2963       6563       3900       4537       8437       8437       1.07       0.56     7888.71    11746.25     8437   
20708144.00    3449       2618       6067       4051       4882       8933       5909       1.06       0.54     8410.00    11224.95     4466   
20781060.00    3651       2925       6576       3849       4575       8424       8424       1.07       0.56     7890.58    11744.37     8424   
20853976.00    3688       2901       6589       3812       4599       8411       5881       1.07       0.56     7880.55    11754.41     4205   
20926892.00    3956       3202       7158       3544       4298       7842       7842       1.07       0.58     7338.05    12296.91     7842   
20999808.00    3665       2919       6584       3835       4581       8416       8416       1.07       0.56     7887.88    11747.08     8416   
21072724.00    3704       2992       6696       3796       4508       8304       8304       1.07       0.56     7736.99    11897.96     8304   
21145640.00    3578       2856       6434       3922       4644       8566       8566       1.08       0.55     7957.08    11677.88     8566   
21218556.00    3773       3116       6889       3727       4384       8111       8111       1.08       0.57     7498.20    12136.75     8111   
21291472.00    3628       2975       6603       3872       4525       8397       5214       1.07       0.56     7833.60    11801.35     4198   
21364388.00    3738       3099       6837       3762       4401       8163       8163       1.08       0.57     7560.12    12074.84     8163   
21437304.00    3686       3044       6730       3814       4456       8270       8270       1.07       0.56     7697.05    11937.91     8270   
21510220.00    3642       2972       6614       3858       4528       8386       5674       1.07       0.56     7836.00    11798.95     4193   
21583136.00    3541       2780       6321       3959       4720       8679       8679       1.06       0.55     8183.48    11451.47     8679   
21656052.00    3534       2845       6379       3966       4655       8621       8621       1.06       0.55     8116.91    11518.05     8621   
21728968.00    3661       2967       6628       3839       4533       8372       8372       1.06       0.57     7907.20    11727.75     8372   
21801884.00    3625       2920       6545       3875       4580       8455       8455       1.06       0.56     8011.08    11623.88     8455   
21874800.00    4125       3616       7741       3375       3884       7259       7259       1.06       0.61     6858.76    12776.20     7259   
21947716.00    3577       2923       6500       3923       4577       8500       8500       1.05       0.56     8069.88    11565.07     8500   
22020632.00    3548       2850       6398       3952       4650       8602       8602       1.06       0.55     8098.26    11536.70     8602   
22093548.00    3508       2772       6280       3992       4728       8720       8720       1.07       0.55     8170.16    11464.79     8720   
22166464.00    3457       2700       6157       4043       4800       8843       8843       1.07       0.54     8267.29    11367.66     8843   
22239380.00    3374       2663       6037       4126       4837       8963       8963       1.07       0.54     8364.78    11270.17     8963   
22312296.00    3384       2637       6021       4116       4863       8979       8979       1.07       0.53     8354.17    11280.78     8979   
22385212.00    3587       2918       6505       3913       4582       8495       8495       1.09       0.55     7828.33    11806.62     8495   
22458128.00    3428       2807       6235       4072       4693       8765       8765       1.08       0.54     8137.75    11497.21     8765   
22531044.00    3269       2623       5892       4231       4877       9108       9108       1.07       0.53     8506.11    11128.85     9108   
22603960.00    3526       2866       6392       3974       4634       8608       8608       1.08       0.55     8002.67    11632.29     8608   
22676876.00    3600       2866       6466       3900       4634       8534       8534       1.08       0.55     7911.23    11723.73     8534   
22749792.00    3260       2589       5849       4240       4911       9151       9151       1.07       0.53     8529.00    11105.95     9151   
22822708.00    3373       2657       6030       4127       4843       8970       8970       1.07       0.53     8350.48    11284.47     8970   
22895624.00    3351       2561       5912       4149       4939       9088       9088       1.08       0.53     8430.83    11204.13     9088   
22968540.00    3272       2498       5770       4228       5002       9230       9230       1.08       0.52     8570.61    11064.34     9230   
23041456.00    3205       2477       5682       4295       5023       9318       9318       1.08       0.52     8636.08    10998.87     9318   
23114372.00    3442       2670       6112       4058       4830       8888       8888       1.09       0.53     8174.04    11460.91     8888   
23187288.00    3436       2647       6083       4064       4853       8917       8917       1.09       0.53     8202.99    11431.97     8917   
23260204.00    3407       2650       6057       4093       4850       8943       8943       1.09       0.53     8209.83    11425.12     8943   
23333120.00    3330       2568       5898       4170       4932       9102       9102       1.09       0.52     8337.74    11297.22     9102   
23406036.00    3280       2509       5789       4220       4991       9211       9211       1.09       0.52     8451.46    11183.49     9211   
23478952.00    3262       2558       5820       4238       4942       9180       9180       1.09       0.52     8429.36    11205.59     9180   
23551868.00    3340       2601       5941       4160       4899       9059       9059       1.10       0.52     8250.77    11384.18     9059   
23624784.00    3433       2664       6097       4067       4836       8903       8903       1.10       0.53     8123.95    11511.01     8903   
23697700.00    3458       2677       6135       4042       4823       8865       8865       1.09       0.53     8122.28    11512.68     8865   
23770616.00    3533       2721       6254       3967       4779       8746       8746       1.09       0.54     8037.16    11597.80     8746   
23843532.00    3422       2655       6077       4078       4845       8923       8923       1.08       0.53     8240.28    11394.67     8923   
23916448.00    3513       2720       6233       3987       4780       8767       8767       1.09       0.54     8042.34    11592.62     8767   
23989364.00    3318       2533       5851       4182       4967       9149       9149       1.09       0.52     8423.83    11211.13     9149   
24062280.00    3290       2539       5829       4210       4961       9171       9171       1.08       0.52     8492.73    11142.23     9171   
24135196.00    3570       2872       6442       3930       4628       8558       8558       1.09       0.55     7867.15    11767.81     8558   
24208112.00    3322       2575       5897       4178       4925       9103       9103       1.08       0.53     8437.73    11197.22     9103   
24281028.00    3368       2610       5978       4132       4890       9022       9022       1.08       0.53     8327.55    11307.40     9022   
24353944.00    3359       2551       5910       4141       4949       9090       9090       1.08       0.53     8423.67    11211.29     9090   
24426860.00    3488       2773       6261       4012       4727       8739       8739       1.08       0.54     8074.59    11560.36     8739   
24499776.00    3441       2760       6201       4059       4740       8799       8799       1.09       0.54     8100.34    11534.62     8799   
24572692.00    3430       2723       6153       4070       4777       8847       8847       1.09       0.53     8130.64    11504.32     8847   
24645608.00    3537       2750       6287       3963       4750       8713       8713       1.09       0.54     7983.30    11651.66     8713   
24718524.00    3518       2788       6306       3982       4712       8694       8694       1.08       0.54     8023.00    11611.96     8694   
24791440.00    3704       2972       6676       3796       4528       8324       8324       1.10       0.55     7599.24    12035.71     8324   
24864356.00    3585       2845       6430       3915       4655       8570       8570       1.09       0.55     7839.57    11795.38     8570   
24937272.00    3629       2827       6456       3871       4673       8544       8544       1.09       0.55     7853.31    11781.65     8544   
25010188.00    3595       2797       6392       3905       4703       8608       8608       1.08       0.55     7939.25    11695.70     8608   
25083104.00    3660       2866       6526       3840       4634       8474       8474       1.08       0.55     7840.20    11794.76     8474   
25156020.00    3754       2988       6742       3746       4512       8258       8258       1.08       0.56     7642.49    11992.46     8258   
25228936.00    3736       3009       6745       3764       4491       8255       8255       1.08       0.56     7655.47    11979.48     8255   
25301852.00    3627       2928       6555       3873       4572       8445       8445       1.08       0.56     7853.20    11781.76     8445   
25374768.00    3670       2922       6592       3830       4578       8408       8408       1.08       0.56     7815.07    11819.89     8408   
25447684.00    3669       2953       6622       3831       4547       8378       8378       1.08       0.56     7755.59    11879.36     8378   
25520600.00    3699       2951       6650       3801       4549       8350       8350       1.07       0.56     7801.59    11833.36     8350   
25593516.00    4104       3398       7502       3396       4102       7498       7498       1.07       0.59     6988.44    12646.52     7498   
25666432.00    3727       2987       6714       3773       4513       8286       8286       1.07       0.56     7742.37    11892.58     8286   
25739348.00    4000       3324       7324       3500       4176       7676       7676       1.07       0.59     7165.04    12469.92     7676   
25812264.00    4159       3453       7612       3341       4047       7388       7388       1.09       0.59     6800.00    12834.95     7388   
25885180.00    4240       3530       7770       3260       3970       7230       7230       1.09       0.60     6605.52    13029.44     7230   
25958096.00    4178       3514       7692       3322       3986       7308       7308       1.09       0.60     6712.88    12922.08     7308   
26031012.00    4094       3412       7506       3406       4088       7494       7494       1.08       0.59     6923.53    12711.43     7494   
26103928.00    3938       3275       7213       3562       4225       7787       7787       1.08       0.58     7193.97    12440.99     7787   
26176844.00    3921       3203       7124       3579       4297       7876       7876       1.08       0.58     7262.84    12372.11     7876   
26249760.00    3945       3263       7208       3555       4237       7792       4763       1.08       0.58     7225.36    12409.60     3896   
26322676.00    3945       3280       7225       3555       4220       7775       7775       1.08       0.58     7218.64    12416.31     7775   
26395592.00    3992       3290       7282       3508       4210       7718       7718       1.08       0.58     7154.78    12480.18     7718   
26468508.00    3874       3139       7013       3626       4361       7987       7987       1.08       0.57     7413.73    12221.23     7987   
26541424.00    3913       3168       7081       3587       4332       7919       7919       1.08       0.58     7326.68    12308.27     7919   
26614340.00    3942       3210       7152       3558       4290       7848       7848       1.09       0.58     7221.14    12413.82     7848   
26687256.00    3616       2857       6473       3884       4643       8527       8527       1.08       0.55     7910.69    11724.26     8527   
26760172.00    3569       2807       6376       3931       4693       8624       7084       1.08       0.55     7967.67    11667.29     4312   
26833088.00    3682       2912       6594       3818       4588       8406       8406       1.08       0.56     7764.86    11870.10     8406   
26906004.00    3589       2816       6405       3911       4684       8595       8595       1.08       0.55     7944.13    11690.83     8595   
26978920.00    3526       2701       6227       3974       4799       8773       8773       1.08       0.54     8114.48    11520.47     8773   
27051836.00    3552       2718       6270       3948       4782       8730       8730       1.08       0.54     8068.75    11566.20     8730   
27124752.00    3573       2782       6355       3927       4718       8645       8645       1.07       0.55     8050.57    11584.38     8645   
27197668.00    3576       2747       6323       3924       4753       8677       8677       1.07       0.55     8084.19    11550.76     8677   
27270584.00    3606       2765       6371       3894       4735       8629       8629       1.07       0.55     8066.75    11568.21     8629   
27343500.00    3739       3049       6788       3761       4451       8212       8212       1.08       0.56     7572.83    12062.13     8212   
27416416.00    3750       3004       6754       3750       4496       8246       8246       1.08       0.56     7629.43    12005.53     8246   
27489332.00    3794       3038       6832       3706       4462       8168       8168       1.08       0.56     7529.50    12105.45     8168   
27562248.00    3783       3060       6843       3717       4440       8157       8157       1.09       0.56     7479.69    12155.26     8157   
27635164.00    3782       3069       6851       3718       4431       8149       8149       1.09       0.56     7498.78    12136.17     8149   
27708080.00    3781       2999       6780       3719       4501       8220       8220       1.09       0.56     7568.21    12066.74     8220   
27780996.00    3803       2977       6780       3697       4523       8220       8220       1.09       0.56     7536.51    12098.45     8220   
27853912.00    3762       2947       6709       3738       4553       8291       8291       1.09       0.56     7619.03    12015.93     8291   
27926828.00    3851       3097       6948       3649       4403       8052       8052       1.10       0.56     7337.40    12297.56     8052   
27999744.00    3740       2965       6705       3760       4535       8295       8295       1.09       0.56     7604.57    12030.39     8295   
28072660.00    3706       2955       6661       3794       4545       8339       8339       1.09       0.55     7632.95    12002.01     8339   
28145576.00    3807       3063       6870       3693       4437       8130       8130       1.10       0.56     7417.65    12217.30     8130   
28218492.00    3739       2935       6674       3761       4565       8326       8326       1.09       0.56     7617.26    12017.69     8326   
28291408.00    3804       3032       6836       3696       4468       8164       8164       1.09       0.56     7496.45    12138.51     8164   
28364324.00    3836       3105       6941       3664       4395       8059       8059       1.08       0.57     7457.86    12177.10     8059   
28437240.00    3892       3136       7028       3608       4364       7972       7972       1.09       0.57     7338.83    12296.13     7972   
28510156.00    3814       3059       6873       3686       4441       8127       8127       1.08       0.57     7495.66    12139.30     8127   
28583072.00    3716       2934       6650       3784       4566       8350       8350       1.08       0.56     7757.01    11877.94     8350   
28655988.00    3654       2932       6586       3846       4568       8414       8414       1.08       0.55     7766.40    11868.56     8414   
28728904.00    3702       2921       6623       3798       4579       8377       8377       1.09       0.56     7707.21    11927.75     8377   
28801820.00    3752       2963       6715       3748       4537       8285       8285       1.09       0.56     7593.46    12041.50     8285   
28874736.00    3761       2944       6705       3739       4556       8295       8295       1.09       0.56     7635.01    11999.94     8295   
28947652.00    3712       2923       6635       3788       4577       8365       8365       1.08       0.56     7713.91    11921.04     8365   
29020568.00    3739       2968       6707       3761       4532       8293       8293       1.08       0.56     7646.47    11988.49     8293   
29093484.00    3753       2997       6750       3747       4503       8250       8250       1.08       0.56     7655.59    11979.36     8250   
29166400.00    3762       2997       6759       3738       4503       8241       8241       1.07       0.57     7692.65    11942.31     8241   
