 Timestep    Gas_A      Gas_B     Gas_tot    Dense_A    Dense_B   Dense_tot   Lg_clust  DP_density GP_density Clust_area  Gas_area     MCS    
   0.00      12000       3000      15000        0          0          0          4         0.00       0.76       0.00     19634.96      0     
135416.00    12000       3000      15000        0          0          0         998        0.00       0.76       0.00     19634.96      0     
270832.00     9359       2300      11659       2641       700        3341       2215       1.01       0.71     3323.73    16311.23     1670   
406248.00     6075       1418       7493       5925       1582       7507       4303       1.03       0.61     7306.69    12328.26     3753   
541664.00     4430       1036       5466       7570       1964       9534       5651       1.05       0.52     9058.05    10576.91     4767   
677080.00     4056       890        4946       7944       2110      10054       5729       1.07       0.48     9378.43    10256.53     5027   
812496.00     3106       620        3726       8894       2380      11274       4952       1.08       0.41     10449.02   9185.94      3758   
947912.00     2718       568        3286       9282       2432      11714       5158       1.08       0.38     10895.94   8739.02      3904   
1083328.00    2528       503        3031       9472       2497      11969      11969       1.08       0.35     11032.33   8602.63     11969   
1218744.00    2997       606        3603       9003       2394      11397       5989       1.09       0.39     10456.14   9178.82      5698   
1354160.00    3013       649        3662       8987       2351      11338      11338       1.09       0.40     10366.22   9268.74     11338   
1489576.00    2974       624        3598       9026       2376      11402       5966       1.10       0.39     10341.84   9293.12      5701   
1624992.00    2685       595        3280       9315       2405      11720       6091       1.10       0.37     10658.94   8976.01      5860   
1760408.00    2482       560        3042       9518       2440      11958       6152       1.10       0.35     10904.77   8730.19      5979   
1895824.00    2357       504        2861       9643       2496      12139       6271       1.09       0.34     11105.97   8528.99      6069   
2031240.00    2364       501        2865       9636       2499      12135       6381       1.09       0.34     11105.21   8529.74      6067   
2166656.00    2373       476        2849       9627       2524      12151       6452       1.10       0.33     11051.54   8583.42      6075   
2302072.00    2218       460        2678       9782       2540      12322       6570       1.11       0.32     11142.92   8492.03      6161   
2437488.00    2077       425        2502       9923       2575      12498       6815       1.11       0.30     11297.20   8337.76      6249   
2572904.00    2196       454        2650       9804       2546      12350       6830       1.11       0.31     11167.66   8467.30      6175   
2708320.00    2183       451        2634       9817       2549      12366      12366       1.11       0.31     11162.16   8472.80     12366   
2843736.00    2054       401        2455       9946       2599      12545      12545       1.11       0.29     11267.68   8367.28     12545   
2979152.00    2032       443        2475       9968       2557      12525       7326       1.11       0.30     11252.99   8381.97      6262   
3114568.00    1997       430        2427      10003       2570      12573      12573       1.11       0.29     11322.28   8312.67     12573   
3249984.00    1907       398        2305      10093       2602      12695      12695       1.11       0.28     11476.23   8158.72     12695   
3385400.00    2057       391        2448       9943       2609      12552      11137       1.11       0.29     11302.95   8332.01      6276   
3520816.00    2019       422        2441       9981       2578      12559      11151       1.11       0.29     11313.77   8321.18      6279   
3656232.00    2148       451        2599       9852       2549      12401       7411       1.11       0.31     11128.79   8506.16      4133   
3791648.00    2109       432        2541       9891       2568      12459      11206       1.12       0.30     11104.53   8530.42      6229   
3927064.00    1929       400        2329      10071       2600      12671      11429       1.12       0.28     11291.34   8343.62      6335   
4062480.00    1793       386        2179      10207       2614      12821      11564       1.12       0.27     11491.79   8143.17      6410   
4197896.00    1923       410        2333      10077       2590      12667      11558       1.11       0.28     11392.18   8242.78      6333   
4333312.00    2092       462        2554       9908       2538      12446      11365       1.11       0.30     11256.27   8378.69      6223   
4468728.00    1957       433        2390      10043       2567      12610      11517       1.11       0.29     11322.42   8312.53      6305   
4604144.00    1913       420        2333      10087       2580      12667      11643       1.11       0.29     11458.27   8176.69      6333   
4739560.00    2875       626        3501       9125       2374      11499      11499       1.11       0.38     10315.82   9319.13     11499   
4874976.00    2853       609        3462       9147       2391      11538      11538       1.12       0.37     10276.37   9358.58     11538   
5010392.00    2703       598        3301       9297       2402      11699      11699       1.12       0.36     10403.80   9231.15     11699   
5145808.00    2576       577        3153       9424       2423      11847      11847       1.12       0.35     10583.26   9051.69     11847   
5281224.00    2615       582        3197       9385       2418      11803      11803       1.13       0.35     10431.11   9203.85     11803   
5416640.00    2426       536        2962       9574       2464      12038      12038       1.12       0.33     10733.88   8901.07     12038   
5552056.00    2441       528        2969       9559       2472      12031      12031       1.11       0.34     10831.74   8803.22     12031   
5687472.00    2516       562        3078       9484       2438      11922      11922       1.11       0.35     10718.14   8916.82     11922   
5822888.00    2476       535        3011       9524       2465      11989      11989       1.12       0.34     10683.27   8951.69     11989   
5958304.00    2272       503        2775       9728       2497      12225      12225       1.12       0.32     10933.96   8700.99     12225   
6093720.00    2262       515        2777       9738       2485      12223      12223       1.12       0.32     10906.00   8728.96     12223   
6229136.00    2273       488        2761       9727       2512      12239      12239       1.13       0.32     10870.30   8764.66     12239   
6364552.00    2235       493        2728       9765       2507      12272      12272       1.13       0.31     10821.28   8813.67     12272   
6499968.00    2084       449        2533       9916       2551      12467      12467       1.14       0.29     10968.86   8666.10     12467   
6635384.00    1969       427        2396      10031       2573      12604      12604       1.13       0.28     11121.47   8513.49     12604   
6770800.00    1882       389        2271      10118       2611      12729      12729       1.14       0.27     11156.00   8478.96     12729   
6906216.00    1733       343        2076      10267       2657      12924      12924       1.13       0.25     11401.69   8233.26     12924   
7041632.00    1655       357        2012      10345       2643      12988      12988       1.13       0.25     11493.93   8141.02     12988   
7177048.00    1685       347        2032      10315       2653      12968      12968       1.14       0.25     11403.52   8231.44     12968   
7312464.00    1655       354        2009      10345       2646      12991      12991       1.13       0.25     11517.57   8117.38     12991   
7447880.00    1713       361        2074      10287       2639      12926      12926       1.12       0.26     11556.43   8078.53     12926   
7583296.00    1787       390        2177      10213       2610      12823      12823       1.13       0.26     11364.34   8270.61     12823   
7718712.00    1794       378        2172      10206       2622      12828      12828       1.13       0.26     11351.99   8282.96     12828   
7854128.00    1856       403        2259      10144       2597      12741      12741       1.13       0.27     11237.48   8397.47     12741   
7989544.00    1829       378        2207      10171       2622      12793      12793       1.13       0.26     11286.05   8348.90     12793   
8124960.00    1793       358        2151      10207       2642      12849      12849       1.13       0.26     11404.39   8230.56     12849   
8260376.00    1858       368        2226      10142       2632      12774      12774       1.12       0.27     11365.95   8269.00     12774   
8395792.00    1868       364        2232      10132       2636      12768      12768       1.12       0.27     11391.33   8243.62     12768   
8531208.00    1898       383        2281      10102       2617      12719      12719       1.12       0.28     11399.01   8235.94     12719   
8666624.00    1924       426        2350      10076       2574      12650      12650       1.12       0.28     11254.83   8380.13     12650   
8802040.00    1916       411        2327      10084       2589      12673      12673       1.13       0.28     11192.73   8442.23     12673   
8937456.00    2001       433        2434       9999       2567      12566      12566       1.13       0.29     11125.76   8509.19     12566   
9072872.00    2032       449        2481       9968       2551      12519      12519       1.14       0.29     11019.92   8615.03     12519   
9208288.00    1768       381        2149      10232       2619      12851      12851       1.14       0.26     11275.44   8359.52     12851   
9343704.00    1698       362        2060      10302       2638      12940      12940       1.14       0.25     11400.06   8234.90     12940   
9479120.00    1774       385        2159      10226       2615      12841      12841       1.13       0.26     11343.15   8291.81     12841   
9614536.00    1774       420        2194      10226       2580      12806      12806       1.14       0.26     11273.74   8361.22     12806   
9749952.00    1747       387        2134      10253       2613      12866      12866       1.13       0.26     11350.35   8284.61     12866   
9885368.00    1679       326        2005      10321       2674      12995      12995       1.13       0.25     11535.50   8099.46     12995   
10020784.00    1805       347        2152      10195       2653      12848      12848       1.13       0.26     11407.94   8227.01     12848   
10156200.00    1689       336        2025      10311       2664      12975      12975       1.13       0.25     11498.45   8136.51     12975   
10291616.00    1830       350        2180      10170       2650      12820      12820       1.13       0.26     11385.75   8249.20     12820   
10427032.00    1887       395        2282      10113       2605      12718      12718       1.13       0.27     11291.72   8343.24     12718   
10562448.00    1794       383        2177      10206       2617      12823      12823       1.13       0.26     11373.30   8261.65     12823   
10697864.00    1814       405        2219      10186       2595      12781      12781       1.13       0.27     11312.51   8322.45     12781   
10833280.00    1754       368        2122      10246       2632      12878      12878       1.13       0.26     11412.03   8222.92     12878   
10968696.00    1879       435        2314      10121       2565      12686      12686       1.13       0.27     11196.14   8438.82     12686   
11104112.00    1809       411        2220      10191       2589      12780      12780       1.13       0.27     11281.83   8353.13     12780   
11239528.00    1715       378        2093      10285       2622      12907      12907       1.14       0.25     11353.02   8281.93     12907   
11374944.00    1708       378        2086      10292       2622      12914      12914       1.14       0.25     11337.37   8297.58     12914   
11510360.00    1486       323        1809      10514       2677      13191      13191       1.14       0.23     11599.39   8035.56     13191   
11645776.00    1506       311        1817      10494       2689      13183      13183       1.13       0.23     11615.06   8019.90     13183   
11781192.00    1534       338        1872      10466       2662      13128      13128       1.13       0.23     11621.18   8013.78     13128   
11916608.00    1752       376        2128      10248       2624      12872      12872       1.13       0.26     11367.45   8267.50     12872   
12052024.00    1873       407        2280      10127       2593      12720      12720       1.14       0.27     11135.10   8499.85     12720   
12187440.00    1763       394        2157      10237       2606      12843      12843       1.14       0.26     11299.79   8335.16     12843   
12322856.00    1702       340        2042      10298       2660      12958      12958       1.14       0.25     11352.37   8282.58     12958   
12458272.00    1682       337        2019      10318       2663      12981      12981       1.14       0.24     11373.76   8261.19     12981   
12593688.00    1656       308        1964      10344       2692      13036      13036       1.14       0.24     11399.65   8235.31     13036   
12729104.00    1671       360        2031      10329       2640      12969      12969       1.14       0.25     11375.93   8259.02     12969   
12864520.00    1716       355        2071      10284       2645      12929      12929       1.14       0.25     11327.99   8306.96     12929   
12999936.00    1768       355        2123      10232       2645      12877      12877       1.14       0.26     11313.66   8321.29     12877   
13135352.00    1749       337        2086      10251       2663      12914      12914       1.14       0.25     11321.70   8313.25     12914   
13270768.00    1729       335        2064      10271       2665      12936      12936       1.13       0.25     11413.09   8221.87     12936   
13406184.00    1673       352        2025      10327       2648      12975      12975       1.13       0.25     11455.29   8179.66     12975   
13541600.00    1651       336        1987      10349       2664      13013      13013       1.13       0.24     11520.23   8114.72     13013   
13677016.00    1786       367        2153      10214       2633      12847      12847       1.13       0.26     11397.00   8237.96     12847   
13812432.00    1909       394        2303      10091       2606      12697      12697       1.13       0.27     11210.79   8424.17     12697   
13947848.00    1809       371        2180      10191       2629      12820      12820       1.13       0.26     11305.74   8329.22     12820   
14083264.00    1955       419        2374      10045       2581      12626      12626       1.13       0.28     11131.62   8503.34     12626   
14218680.00    2019       427        2446       9981       2573      12554      12554       1.13       0.29     11066.28   8568.67     12554   
14354096.00    1823       393        2216      10177       2607      12784      12784       1.13       0.27     11278.89   8356.07     12784   
14489512.00    1838       413        2251      10162       2587      12749      12749       1.14       0.27     11182.12   8452.84     12749   
14624928.00    1979       441        2420      10021       2559      12580      12580       1.14       0.28     11028.38   8606.57     12580   
14760344.00    1948       449        2397      10052       2551      12603      12603       1.15       0.28     10992.48   8642.48     12603   
14895760.00    1777       390        2167      10223       2610      12833      12833       1.15       0.25     11115.23   8519.73     12833   
15031176.00    1606       344        1950      10394       2656      13050      13050       1.15       0.24     11396.50   8238.45     13050   
15166592.00    1674       356        2030      10326       2644      12970      12970       1.14       0.25     11362.96   8271.99     12970   
15302008.00    1666       367        2033      10334       2633      12967      12967       1.14       0.25     11394.40   8240.55     12967   
15437424.00    1669       379        2048      10331       2621      12952      12952       1.14       0.25     11375.73   8259.22     12952   
15572840.00    1639       351        1990      10361       2649      13010      13010       1.14       0.24     11404.84   8230.12     13010   
15708256.00    1646       371        2017      10354       2629      12983      12983       1.14       0.24     11387.04   8247.91     12983   
15843672.00    1870       402        2272      10130       2598      12728      12728       1.15       0.27     11112.59   8522.37     12728   
15979088.00    1895       399        2294      10105       2601      12706      12706       1.15       0.27     11062.19   8572.77     12706   
16114504.00    1742       350        2092      10258       2650      12908      12908       1.15       0.25     11181.92   8453.03     12908   
16249920.00    1646       329        1975      10354       2671      13025      13025       1.15       0.24     11282.96   8351.99     13025   
16385336.00    1576       299        1875      10424       2701      13125      13125       1.14       0.23     11512.47   8122.49     13125   
16520752.00    1530       292        1822      10470       2708      13178      13178       1.14       0.23     11547.66   8087.30     13178   
16656168.00    1613       305        1918      10387       2695      13082      13082       1.14       0.23     11463.26   8171.69     13082   
16791584.00    1631       312        1943      10369       2688      13057      13057       1.14       0.24     11487.42   8147.54     13057   
16927000.00    1742       319        2061      10258       2681      12939      12939       1.13       0.25     11419.13   8215.82     12939   
17062416.00    1801       345        2146      10199       2655      12854      12854       1.13       0.26     11340.10   8294.85     12854   
17197832.00    1770       333        2103      10230       2667      12897      12897       1.14       0.25     11316.59   8318.36     12897   
17333248.00    1754       351        2105      10246       2649      12895      12895       1.15       0.25     11260.74   8374.22     12895   
17468664.00    1600       351        1951      10400       2649      13049      13049       1.14       0.24     11413.73   8221.23     13049   
17604080.00    1632       317        1949      10368       2683      13051      13051       1.14       0.24     11471.89   8163.07     13051   
17739496.00    1723       357        2080      10277       2643      12920      12920       1.13       0.25     11384.94   8250.02     12920   
17874912.00    1838       365        2203      10162       2635      12797      12797       1.13       0.26     11297.57   8337.39     12797   
18010328.00    1722       370        2092      10278       2630      12908      12908       1.13       0.25     11383.61   8251.34     12908   
18145744.00    1773       383        2156      10227       2617      12844      12844       1.14       0.26     11304.00   8330.95     12844   
18281160.00    1902       406        2308      10098       2594      12692      12692       1.14       0.27     11176.06   8458.89     12692   
18416576.00    1777       359        2136      10223       2641      12864      12864       1.13       0.26     11343.62   8291.34     12864   
18551992.00    1804       391        2195      10196       2609      12805      12805       1.14       0.26     11279.08   8355.88     12805   
18687408.00    1685       372        2057      10315       2628      12943      12943       1.13       0.25     11440.24   8194.72     12943   
18822824.00    1743       368        2111      10257       2632      12889      12889       1.13       0.26     11451.74   8183.21     12889   
18958240.00    1722       400        2122      10278       2600      12878      12878       1.13       0.26     11385.21   8249.75     12878   
19093656.00    1630       342        1972      10370       2658      13028      13028       1.14       0.24     11472.16   8162.79     13028   
19229072.00    1634       338        1972      10366       2662      13028      13028       1.14       0.24     11401.36   8233.60     13028   
19364488.00    1579       308        1887      10421       2692      13113      13113       1.14       0.23     11525.81   8109.15     13113   
19499904.00    1615       325        1940      10385       2675      13060      13060       1.13       0.24     11507.12   8127.83     13060   
19635320.00    1537       323        1860      10463       2677      13140      13140       1.13       0.23     11597.36   8037.60     13140   
19770736.00    1723       368        2091      10277       2632      12909      12909       1.13       0.25     11432.74   8202.21     12909   
19906152.00    1819       401        2220      10181       2599      12780      12780       1.13       0.27     11315.91   8319.05     12780   
20041568.00    1797       384        2181      10203       2616      12819      12819       1.13       0.26     11326.51   8308.45     12819   
20176984.00    1875       403        2278      10125       2597      12722      12722       1.13       0.27     11276.34   8358.62     12722   
20312400.00    1841       385        2226      10159       2615      12774      12774       1.13       0.27     11326.10   8308.86     12774   
20447816.00    1832       368        2200      10168       2632      12800      12800       1.13       0.26     11323.36   8311.59     12800   
20583232.00    1741       371        2112      10259       2629      12888      12888       1.13       0.26     11371.05   8263.91     12888   
20718648.00    1646       357        2003      10354       2643      12997      12997       1.14       0.24     11422.23   8212.72     12997   
20854064.00    1667       359        2026      10333       2641      12974      12974       1.13       0.25     11440.39   8194.57     12974   
20989480.00    1623       375        1998      10377       2625      13002      13002       1.13       0.25     11502.36   8132.60     13002   
21124896.00    1750       378        2128      10250       2622      12872      12872       1.14       0.26     11329.37   8305.59     12872   
21260312.00    1843       388        2231      10157       2612      12769      12769       1.14       0.26     11190.01   8444.95     12769   
21395728.00    1853       357        2210      10147       2643      12790      12790       1.14       0.26     11250.38   8384.58     12790   
21531144.00    1836       398        2234      10164       2602      12766      12766       1.15       0.26     11140.71   8494.25     12766   
21666560.00    1788       373        2161      10212       2627      12839      12839       1.15       0.26     11207.04   8427.91     12839   
21801976.00    1737       366        2103      10263       2634      12897      12897       1.14       0.25     11301.74   8333.22     12897   
21937392.00    1622       334        1956      10378       2666      13044      13044       1.14       0.24     11410.09   8224.86     13044   
22072808.00    1662       348        2010      10338       2652      12990      12990       1.14       0.24     11350.37   8284.58     12990   
22208224.00    1887       387        2274      10113       2613      12726      12726       1.14       0.27     11125.83   8509.13     12726   
22343640.00    1776       342        2118      10224       2658      12882      12882       1.14       0.25     11302.28   8332.68     12882   
22479056.00    1761       327        2088      10239       2673      12912      12912       1.13       0.25     11395.78   8239.18     12912   
22614472.00    1703       339        2042      10297       2661      12958      12958       1.13       0.25     11502.34   8132.62     12958   
22749888.00    1707       342        2049      10293       2658      12951      12951       1.12       0.25     11540.96   8094.00     12951   
22885304.00    1865       378        2243      10135       2622      12757      12757       1.12       0.27     11356.10   8278.86     12757   
23020720.00    1714       372        2086      10286       2628      12914      12914       1.13       0.26     11468.45   8166.51     12914   
23156136.00    1827       374        2201      10173       2626      12799      12799       1.13       0.27     11362.90   8272.05     12799   
23291552.00    1775       374        2149      10225       2626      12851      12851       1.13       0.26     11366.05   8268.91     12851   
23426968.00    1857       397        2254      10143       2603      12746      12746       1.14       0.27     11197.32   8437.64     12746   
23562384.00    1949       384        2333      10051       2616      12667      12667       1.14       0.27     11101.58   8533.38     12667   
23697800.00    1758       348        2106      10242       2652      12894      12894       1.14       0.25     11322.02   8312.94     12894   
23833216.00    1744       332        2076      10256       2668      12924      12924       1.14       0.25     11382.14   8252.81     12924   
23968632.00    1790       343        2133      10210       2657      12867      12867       1.14       0.26     11333.00   8301.96     12867   
24104048.00    1842       384        2226      10158       2616      12774      12774       1.13       0.27     11261.16   8373.80     12774   
   0.00      12000       3000      15000        0          0          0          4         0.00       0.76       0.00     19634.96      0     
135416.00    12000       3000      15000        0          0          0         998        0.00       0.76       0.00     19634.96      0     
270832.00     9359       2300      11659       2641       700        3341       2215       1.01       0.71     3323.73    16311.23     1670   
406248.00     6075       1418       7493       5925       1582       7507       4303       1.03       0.61     7306.69    12328.26     3753   
541664.00     4430       1036       5466       7570       1964       9534       5651       1.05       0.52     9058.05    10576.91     4767   
677080.00     4056       890        4946       7944       2110      10054       5729       1.07       0.48     9378.43    10256.53     5027   
812496.00     3106       620        3726       8894       2380      11274       4952       1.08       0.41     10449.02   9185.94      3758   
947912.00     2718       568        3286       9282       2432      11714       5158       1.08       0.38     10895.94   8739.02      3904   
1083328.00    2528       503        3031       9472       2497      11969      11969       1.08       0.35     11032.33   8602.63     11969   
1218744.00    2997       606        3603       9003       2394      11397       5989       1.09       0.39     10456.14   9178.82      5698   
1354160.00    3013       649        3662       8987       2351      11338      11338       1.09       0.40     10366.22   9268.74     11338   
1489576.00    2974       624        3598       9026       2376      11402       5966       1.10       0.39     10341.84   9293.12      5701   
1624992.00    2685       595        3280       9315       2405      11720       6091       1.10       0.37     10658.94   8976.01      5860   
1760408.00    2482       560        3042       9518       2440      11958       6152       1.10       0.35     10904.77   8730.19      5979   
1895824.00    2357       504        2861       9643       2496      12139       6271       1.09       0.34     11105.97   8528.99      6069   
2031240.00    2364       501        2865       9636       2499      12135       6381       1.09       0.34     11105.21   8529.74      6067   
2166656.00    2373       476        2849       9627       2524      12151       6452       1.10       0.33     11051.54   8583.42      6075   
2302072.00    2218       460        2678       9782       2540      12322       6570       1.11       0.32     11142.92   8492.03      6161   
2437488.00    2077       425        2502       9923       2575      12498       6815       1.11       0.30     11297.20   8337.76      6249   
2572904.00    2196       454        2650       9804       2546      12350       6830       1.11       0.31     11167.66   8467.30      6175   
2708320.00    2183       451        2634       9817       2549      12366      12366       1.11       0.31     11162.16   8472.80     12366   
2843736.00    2054       401        2455       9946       2599      12545      12545       1.11       0.29     11267.68   8367.28     12545   
2979152.00    2032       443        2475       9968       2557      12525       7326       1.11       0.30     11252.99   8381.97      6262   
3114568.00    1997       430        2427      10003       2570      12573      12573       1.11       0.29     11322.28   8312.67     12573   
3249984.00    1907       398        2305      10093       2602      12695      12695       1.11       0.28     11476.23   8158.72     12695   
3385400.00    2057       391        2448       9943       2609      12552      11137       1.11       0.29     11302.95   8332.01      6276   
3520816.00    2019       422        2441       9981       2578      12559      11151       1.11       0.29     11313.77   8321.18      6279   
3656232.00    2148       451        2599       9852       2549      12401       7411       1.11       0.31     11128.79   8506.16      4133   
3791648.00    2109       432        2541       9891       2568      12459      11206       1.12       0.30     11104.53   8530.42      6229   
3927064.00    1929       400        2329      10071       2600      12671      11429       1.12       0.28     11291.34   8343.62      6335   
4062480.00    1793       386        2179      10207       2614      12821      11564       1.12       0.27     11491.79   8143.17      6410   
4197896.00    1923       410        2333      10077       2590      12667      11558       1.11       0.28     11392.18   8242.78      6333   
4333312.00    2092       462        2554       9908       2538      12446      11365       1.11       0.30     11256.27   8378.69      6223   
4468728.00    1957       433        2390      10043       2567      12610      11517       1.11       0.29     11322.42   8312.53      6305   
4604144.00    1913       420        2333      10087       2580      12667      11643       1.11       0.29     11458.27   8176.69      6333   
4739560.00    2875       626        3501       9125       2374      11499      11499       1.11       0.38     10315.82   9319.13     11499   
4874976.00    2853       609        3462       9147       2391      11538      11538       1.12       0.37     10276.37   9358.58     11538   
5010392.00    2703       598        3301       9297       2402      11699      11699       1.12       0.36     10403.80   9231.15     11699   
5145808.00    2576       577        3153       9424       2423      11847      11847       1.12       0.35     10583.26   9051.69     11847   
5281224.00    2615       582        3197       9385       2418      11803      11803       1.13       0.35     10431.11   9203.85     11803   
5416640.00    2426       536        2962       9574       2464      12038      12038       1.12       0.33     10733.88   8901.07     12038   
5552056.00    2441       528        2969       9559       2472      12031      12031       1.11       0.34     10831.74   8803.22     12031   
5687472.00    2516       562        3078       9484       2438      11922      11922       1.11       0.35     10718.14   8916.82     11922   
5822888.00    2476       535        3011       9524       2465      11989      11989       1.12       0.34     10683.27   8951.69     11989   
5958304.00    2272       503        2775       9728       2497      12225      12225       1.12       0.32     10933.96   8700.99     12225   
6093720.00    2262       515        2777       9738       2485      12223      12223       1.12       0.32     10906.00   8728.96     12223   
6229136.00    2273       488        2761       9727       2512      12239      12239       1.13       0.32     10870.30   8764.66     12239   
6364552.00    2235       493        2728       9765       2507      12272      12272       1.13       0.31     10821.28   8813.67     12272   
6499968.00    2084       449        2533       9916       2551      12467      12467       1.14       0.29     10968.86   8666.10     12467   
6635384.00    1969       427        2396      10031       2573      12604      12604       1.13       0.28     11121.47   8513.49     12604   
6770800.00    1882       389        2271      10118       2611      12729      12729       1.14       0.27     11156.00   8478.96     12729   
6906216.00    1733       343        2076      10267       2657      12924      12924       1.13       0.25     11401.69   8233.26     12924   
7041632.00    1655       357        2012      10345       2643      12988      12988       1.13       0.25     11493.93   8141.02     12988   
7177048.00    1685       347        2032      10315       2653      12968      12968       1.14       0.25     11403.52   8231.44     12968   
7312464.00    1655       354        2009      10345       2646      12991      12991       1.13       0.25     11517.57   8117.38     12991   
7447880.00    1713       361        2074      10287       2639      12926      12926       1.12       0.26     11556.43   8078.53     12926   
7583296.00    1787       390        2177      10213       2610      12823      12823       1.13       0.26     11364.34   8270.61     12823   
7718712.00    1794       378        2172      10206       2622      12828      12828       1.13       0.26     11351.99   8282.96     12828   
7854128.00    1856       403        2259      10144       2597      12741      12741       1.13       0.27     11237.48   8397.47     12741   
7989544.00    1829       378        2207      10171       2622      12793      12793       1.13       0.26     11286.05   8348.90     12793   
8124960.00    1793       358        2151      10207       2642      12849      12849       1.13       0.26     11404.39   8230.56     12849   
8260376.00    1858       368        2226      10142       2632      12774      12774       1.12       0.27     11365.95   8269.00     12774   
8395792.00    1868       364        2232      10132       2636      12768      12768       1.12       0.27     11391.33   8243.62     12768   
8531208.00    1898       383        2281      10102       2617      12719      12719       1.12       0.28     11399.01   8235.94     12719   
8666624.00    1924       426        2350      10076       2574      12650      12650       1.12       0.28     11254.83   8380.13     12650   
8802040.00    1916       411        2327      10084       2589      12673      12673       1.13       0.28     11192.73   8442.23     12673   
8937456.00    2001       433        2434       9999       2567      12566      12566       1.13       0.29     11125.76   8509.19     12566   
9072872.00    2032       449        2481       9968       2551      12519      12519       1.14       0.29     11019.92   8615.03     12519   
9208288.00    1768       381        2149      10232       2619      12851      12851       1.14       0.26     11275.44   8359.52     12851   
9343704.00    1698       362        2060      10302       2638      12940      12940       1.14       0.25     11400.06   8234.90     12940   
9479120.00    1774       385        2159      10226       2615      12841      12841       1.13       0.26     11343.15   8291.81     12841   
9614536.00    1774       420        2194      10226       2580      12806      12806       1.14       0.26     11273.74   8361.22     12806   
9749952.00    1747       387        2134      10253       2613      12866      12866       1.13       0.26     11350.35   8284.61     12866   
9885368.00    1679       326        2005      10321       2674      12995      12995       1.13       0.25     11535.50   8099.46     12995   
10020784.00    1805       347        2152      10195       2653      12848      12848       1.13       0.26     11407.94   8227.01     12848   
10156200.00    1689       336        2025      10311       2664      12975      12975       1.13       0.25     11498.45   8136.51     12975   
10291616.00    1830       350        2180      10170       2650      12820      12820       1.13       0.26     11385.75   8249.20     12820   
10427032.00    1887       395        2282      10113       2605      12718      12718       1.13       0.27     11291.72   8343.24     12718   
10562448.00    1794       383        2177      10206       2617      12823      12823       1.13       0.26     11373.30   8261.65     12823   
10697864.00    1814       405        2219      10186       2595      12781      12781       1.13       0.27     11312.51   8322.45     12781   
10833280.00    1754       368        2122      10246       2632      12878      12878       1.13       0.26     11412.03   8222.92     12878   
10968696.00    1879       435        2314      10121       2565      12686      12686       1.13       0.27     11196.14   8438.82     12686   
11104112.00    1809       411        2220      10191       2589      12780      12780       1.13       0.27     11281.83   8353.13     12780   
11239528.00    1715       378        2093      10285       2622      12907      12907       1.14       0.25     11353.02   8281.93     12907   
11374944.00    1708       378        2086      10292       2622      12914      12914       1.14       0.25     11337.37   8297.58     12914   
11510360.00    1486       323        1809      10514       2677      13191      13191       1.14       0.23     11599.39   8035.56     13191   
11645776.00    1506       311        1817      10494       2689      13183      13183       1.13       0.23     11615.06   8019.90     13183   
11781192.00    1534       338        1872      10466       2662      13128      13128       1.13       0.23     11621.18   8013.78     13128   
11916608.00    1752       376        2128      10248       2624      12872      12872       1.13       0.26     11367.45   8267.50     12872   
12052024.00    1873       407        2280      10127       2593      12720      12720       1.14       0.27     11135.10   8499.85     12720   
12187440.00    1763       394        2157      10237       2606      12843      12843       1.14       0.26     11299.79   8335.16     12843   
12322856.00    1702       340        2042      10298       2660      12958      12958       1.14       0.25     11352.37   8282.58     12958   
12458272.00    1682       337        2019      10318       2663      12981      12981       1.14       0.24     11373.76   8261.19     12981   
12593688.00    1656       308        1964      10344       2692      13036      13036       1.14       0.24     11399.65   8235.31     13036   
12729104.00    1671       360        2031      10329       2640      12969      12969       1.14       0.25     11375.93   8259.02     12969   
12864520.00    1716       355        2071      10284       2645      12929      12929       1.14       0.25     11327.99   8306.96     12929   
12999936.00    1768       355        2123      10232       2645      12877      12877       1.14       0.26     11313.66   8321.29     12877   
13135352.00    1749       337        2086      10251       2663      12914      12914       1.14       0.25     11321.70   8313.25     12914   
13270768.00    1729       335        2064      10271       2665      12936      12936       1.13       0.25     11413.09   8221.87     12936   
13406184.00    1673       352        2025      10327       2648      12975      12975       1.13       0.25     11455.29   8179.66     12975   
13541600.00    1651       336        1987      10349       2664      13013      13013       1.13       0.24     11520.23   8114.72     13013   
13677016.00    1786       367        2153      10214       2633      12847      12847       1.13       0.26     11397.00   8237.96     12847   
13812432.00    1909       394        2303      10091       2606      12697      12697       1.13       0.27     11210.79   8424.17     12697   
13947848.00    1809       371        2180      10191       2629      12820      12820       1.13       0.26     11305.74   8329.22     12820   
14083264.00    1955       419        2374      10045       2581      12626      12626       1.13       0.28     11131.62   8503.34     12626   
14218680.00    2019       427        2446       9981       2573      12554      12554       1.13       0.29     11066.28   8568.67     12554   
14354096.00    1823       393        2216      10177       2607      12784      12784       1.13       0.27     11278.89   8356.07     12784   
14489512.00    1838       413        2251      10162       2587      12749      12749       1.14       0.27     11182.12   8452.84     12749   
14624928.00    1979       441        2420      10021       2559      12580      12580       1.14       0.28     11028.38   8606.57     12580   
14760344.00    1948       449        2397      10052       2551      12603      12603       1.15       0.28     10992.48   8642.48     12603   
14895760.00    1777       390        2167      10223       2610      12833      12833       1.15       0.25     11115.23   8519.73     12833   
15031176.00    1606       344        1950      10394       2656      13050      13050       1.15       0.24     11396.50   8238.45     13050   
15166592.00    1674       356        2030      10326       2644      12970      12970       1.14       0.25     11362.96   8271.99     12970   
15302008.00    1666       367        2033      10334       2633      12967      12967       1.14       0.25     11394.40   8240.55     12967   
15437424.00    1669       379        2048      10331       2621      12952      12952       1.14       0.25     11375.73   8259.22     12952   
15572840.00    1639       351        1990      10361       2649      13010      13010       1.14       0.24     11404.84   8230.12     13010   
15708256.00    1646       371        2017      10354       2629      12983      12983       1.14       0.24     11387.04   8247.91     12983   
15843672.00    1870       402        2272      10130       2598      12728      12728       1.15       0.27     11112.59   8522.37     12728   
15979088.00    1895       399        2294      10105       2601      12706      12706       1.15       0.27     11062.19   8572.77     12706   
16114504.00    1742       350        2092      10258       2650      12908      12908       1.15       0.25     11181.92   8453.03     12908   
16249920.00    1646       329        1975      10354       2671      13025      13025       1.15       0.24     11282.96   8351.99     13025   
16385336.00    1576       299        1875      10424       2701      13125      13125       1.14       0.23     11512.47   8122.49     13125   
16520752.00    1530       292        1822      10470       2708      13178      13178       1.14       0.23     11547.66   8087.30     13178   
16656168.00    1613       305        1918      10387       2695      13082      13082       1.14       0.23     11463.26   8171.69     13082   
16791584.00    1631       312        1943      10369       2688      13057      13057       1.14       0.24     11487.42   8147.54     13057   
16927000.00    1742       319        2061      10258       2681      12939      12939       1.13       0.25     11419.13   8215.82     12939   
17062416.00    1801       345        2146      10199       2655      12854      12854       1.13       0.26     11340.10   8294.85     12854   
17197832.00    1770       333        2103      10230       2667      12897      12897       1.14       0.25     11316.59   8318.36     12897   
17333248.00    1754       351        2105      10246       2649      12895      12895       1.15       0.25     11260.74   8374.22     12895   
17468664.00    1600       351        1951      10400       2649      13049      13049       1.14       0.24     11413.73   8221.23     13049   
17604080.00    1632       317        1949      10368       2683      13051      13051       1.14       0.24     11471.89   8163.07     13051   
17739496.00    1723       357        2080      10277       2643      12920      12920       1.13       0.25     11384.94   8250.02     12920   
17874912.00    1838       365        2203      10162       2635      12797      12797       1.13       0.26     11297.57   8337.39     12797   
18010328.00    1722       370        2092      10278       2630      12908      12908       1.13       0.25     11383.61   8251.34     12908   
18145744.00    1773       383        2156      10227       2617      12844      12844       1.14       0.26     11304.00   8330.95     12844   
18281160.00    1902       406        2308      10098       2594      12692      12692       1.14       0.27     11176.06   8458.89     12692   
18416576.00    1777       359        2136      10223       2641      12864      12864       1.13       0.26     11343.62   8291.34     12864   
18551992.00    1804       391        2195      10196       2609      12805      12805       1.14       0.26     11279.08   8355.88     12805   
18687408.00    1685       372        2057      10315       2628      12943      12943       1.13       0.25     11440.24   8194.72     12943   
18822824.00    1743       368        2111      10257       2632      12889      12889       1.13       0.26     11451.74   8183.21     12889   
18958240.00    1722       400        2122      10278       2600      12878      12878       1.13       0.26     11385.21   8249.75     12878   
19093656.00    1630       342        1972      10370       2658      13028      13028       1.14       0.24     11472.16   8162.79     13028   
19229072.00    1634       338        1972      10366       2662      13028      13028       1.14       0.24     11401.36   8233.60     13028   
19364488.00    1579       308        1887      10421       2692      13113      13113       1.14       0.23     11525.81   8109.15     13113   
19499904.00    1615       325        1940      10385       2675      13060      13060       1.13       0.24     11507.12   8127.83     13060   
19635320.00    1537       323        1860      10463       2677      13140      13140       1.13       0.23     11597.36   8037.60     13140   
19770736.00    1723       368        2091      10277       2632      12909      12909       1.13       0.25     11432.74   8202.21     12909   
19906152.00    1819       401        2220      10181       2599      12780      12780       1.13       0.27     11315.91   8319.05     12780   
20041568.00    1797       384        2181      10203       2616      12819      12819       1.13       0.26     11326.51   8308.45     12819   
20176984.00    1875       403        2278      10125       2597      12722      12722       1.13       0.27     11276.34   8358.62     12722   
20312400.00    1841       385        2226      10159       2615      12774      12774       1.13       0.27     11326.10   8308.86     12774   
20447816.00    1832       368        2200      10168       2632      12800      12800       1.13       0.26     11323.36   8311.59     12800   
20583232.00    1741       371        2112      10259       2629      12888      12888       1.13       0.26     11371.05   8263.91     12888   
20718648.00    1646       357        2003      10354       2643      12997      12997       1.14       0.24     11422.23   8212.72     12997   
20854064.00    1667       359        2026      10333       2641      12974      12974       1.13       0.25     11440.39   8194.57     12974   
20989480.00    1623       375        1998      10377       2625      13002      13002       1.13       0.25     11502.36   8132.60     13002   
21124896.00    1750       378        2128      10250       2622      12872      12872       1.14       0.26     11329.37   8305.59     12872   
21260312.00    1843       388        2231      10157       2612      12769      12769       1.14       0.26     11190.01   8444.95     12769   
21395728.00    1853       357        2210      10147       2643      12790      12790       1.14       0.26     11250.38   8384.58     12790   
21531144.00    1836       398        2234      10164       2602      12766      12766       1.15       0.26     11140.71   8494.25     12766   
21666560.00    1788       373        2161      10212       2627      12839      12839       1.15       0.26     11207.04   8427.91     12839   
21801976.00    1737       366        2103      10263       2634      12897      12897       1.14       0.25     11301.74   8333.22     12897   
21937392.00    1622       334        1956      10378       2666      13044      13044       1.14       0.24     11410.09   8224.86     13044   
22072808.00    1662       348        2010      10338       2652      12990      12990       1.14       0.24     11350.37   8284.58     12990   
22208224.00    1887       387        2274      10113       2613      12726      12726       1.14       0.27     11125.83   8509.13     12726   
22343640.00    1776       342        2118      10224       2658      12882      12882       1.14       0.25     11302.28   8332.68     12882   
22479056.00    1761       327        2088      10239       2673      12912      12912       1.13       0.25     11395.78   8239.18     12912   
22614472.00    1703       339        2042      10297       2661      12958      12958       1.13       0.25     11502.34   8132.62     12958   
22749888.00    1707       342        2049      10293       2658      12951      12951       1.12       0.25     11540.96   8094.00     12951   
22885304.00    1865       378        2243      10135       2622      12757      12757       1.12       0.27     11356.10   8278.86     12757   
23020720.00    1714       372        2086      10286       2628      12914      12914       1.13       0.26     11468.45   8166.51     12914   
23156136.00    1827       374        2201      10173       2626      12799      12799       1.13       0.27     11362.90   8272.05     12799   
23291552.00    1775       374        2149      10225       2626      12851      12851       1.13       0.26     11366.05   8268.91     12851   
23426968.00    1857       397        2254      10143       2603      12746      12746       1.14       0.27     11197.32   8437.64     12746   
23562384.00    1949       384        2333      10051       2616      12667      12667       1.14       0.27     11101.58   8533.38     12667   
23697800.00    1758       348        2106      10242       2652      12894      12894       1.14       0.25     11322.02   8312.94     12894   
23833216.00    1744       332        2076      10256       2668      12924      12924       1.14       0.25     11382.14   8252.81     12924   
23968632.00    1790       343        2133      10210       2657      12867      12867       1.14       0.26     11333.00   8301.96     12867   
24104048.00    1842       384        2226      10158       2616      12774      12774       1.13       0.27     11261.16   8373.80     12774   
24239464.00    1837       370        2207      10163       2630      12793      12793       1.14       0.26     11241.65   8393.31     12793   
24374880.00    1765       368        2133      10235       2632      12867      12867       1.13       0.26     11377.17   8257.78     12867   
24510296.00    1808       367        2175      10192       2633      12825      12825       1.14       0.26     11284.28   8350.67     12825   
24645712.00    1773       380        2153      10227       2620      12847      12847       1.13       0.26     11380.24   8254.71     12847   
24781128.00    1862       401        2263      10138       2599      12737      12737       1.13       0.27     11287.78   8347.17     12737   
24916544.00    1811       401        2212      10189       2599      12788      12788       1.13       0.27     11306.11   8328.84     12788   
25051960.00    1754       360        2114      10246       2640      12886      12886       1.13       0.26     11406.06   8228.89     12886   
25187376.00    1703       317        2020      10297       2683      12980      12980       1.13       0.25     11465.87   8169.09     12980   
25322792.00    1544       296        1840      10456       2704      13160      13160       1.12       0.23     11733.44   7901.51     13160   
25458208.00    1632       320        1952      10368       2680      13048      13048       1.12       0.25     11669.26   7965.69     13048   
25593624.00    1836       373        2209      10164       2627      12791      12791       1.11       0.27     11476.00   8158.95     12791   
25729040.00    2123       456        2579       9877       2544      12421      12421       1.12       0.30     11126.17   8508.79     12421   
25864456.00    2184       436        2620       9816       2564      12380      12380       1.12       0.31     11081.58   8553.38     12380   
25999872.00    2378       494        2872       9622       2506      12128      12128       1.12       0.33     10849.98   8784.98     12128   
26135288.00    2423       500        2923       9577       2500      12077      12077       1.13       0.33     10664.30   8970.65     12077   
26270704.00    2262       487        2749       9738       2513      12251      12251       1.14       0.31     10765.47   8869.49     12251   
26406120.00    2049       437        2486       9951       2563      12514      12514       1.14       0.29     10941.45   8693.50     12514   
26541536.00    2010       401        2411       9990       2599      12589      12589       1.14       0.28     11017.27   8617.69     12589   
26676952.00    1838       352        2190      10162       2648      12810      12810       1.15       0.26     11175.59   8459.37     12810   
26812368.00    1770       326        2096      10230       2674      12904      12904       1.14       0.25     11327.49   8307.46     12904   
26947784.00    1680       320        2000      10320       2680      13000      13000       1.14       0.24     11354.44   8280.51     13000   
27083200.00    1558       301        1859      10442       2699      13141      13141       1.14       0.23     11479.88   8155.07     13141   
27218616.00    1647       324        1971      10353       2676      13029      13029       1.15       0.24     11345.67   8289.28     13029   
27354032.00    1601       313        1914      10399       2687      13086      13086       1.14       0.23     11439.14   8195.82     13086   
27489448.00    1582       289        1871      10418       2711      13129      13129       1.15       0.23     11465.48   8169.48     13129   
27624864.00    1489       284        1773      10511       2716      13227      13227       1.14       0.22     11617.22   8017.73     13227   
27760280.00    1575       285        1860      10425       2715      13140      13140       1.14       0.23     11538.55   8096.41     13140   
27895696.00    1663       324        1987      10337       2676      13013      13013       1.13       0.24     11468.92   8166.03     13013   
28031112.00    1764       370        2134      10236       2630      12866      12866       1.13       0.26     11359.04   8275.91     12866   
28166528.00    1815       377        2192      10185       2623      12808      12808       1.13       0.26     11317.00   8317.96     12808   
28301944.00    1794       389        2183      10206       2611      12817      12817       1.12       0.26     11395.11   8239.85     12817   
28437360.00    1892       431        2323      10108       2569      12677      12677       1.13       0.28     11227.97   8406.99     12677   
28572776.00    1835       399        2234      10165       2601      12766      12766       1.13       0.27     11269.64   8365.31     12766   
28708192.00    1812       391        2203      10188       2609      12797      12797       1.13       0.26     11292.55   8342.40     12797   
28843608.00    1801       375        2176      10199       2625      12824      12824       1.13       0.26     11313.73   8321.23     12824   
28979024.00    1876       405        2281      10124       2595      12719      12719       1.14       0.27     11186.38   8448.57     12719   
29114440.00    1791       384        2175      10209       2616      12825      12825       1.14       0.26     11236.37   8398.59     12825   
29249856.00    1782       347        2129      10218       2653      12871      12871       1.15       0.25     11181.61   8453.35     12871   
29385272.00    1723       346        2069      10277       2654      12931      12931       1.15       0.25     11224.10   8410.86     12931   
29520688.00    1618       325        1943      10382       2675      13057      13057       1.15       0.24     11378.67   8256.28     13057   
29656104.00    1598       336        1934      10402       2664      13066      13066       1.14       0.24     11427.86   8207.09     13066   
29791520.00    1666       342        2008      10334       2658      12992      12992       1.14       0.24     11353.32   8281.64     12992   
29926936.00    1736       357        2093      10264       2643      12907      12907       1.14       0.25     11295.29   8339.66     12907   
30062352.00    1770       349        2119      10230       2651      12881      12881       1.14       0.25     11324.53   8310.43     12881   
30197768.00    1719       357        2076      10281       2643      12924      12924       1.13       0.25     11389.25   8245.70     12924   
30333184.00    1776       373        2149      10224       2627      12851      12851       1.13       0.26     11405.89   8229.06     12851   
30468600.00    1782       397        2179      10218       2603      12821      12821       1.13       0.26     11330.95   8304.01     12821   
30604016.00    1945       417        2362      10055       2583      12638      12638       1.15       0.27     11016.29   8618.66     12638   
30739432.00    1847       388        2235      10153       2612      12765      12765       1.15       0.26     11111.19   8523.76     12765   
30874848.00    1735       351        2086      10265       2649      12914      12914       1.15       0.25     11246.03   8388.93     12914   
31010264.00    1544       338        1882      10456       2662      13118      13118       1.14       0.23     11477.42   8157.53     13118   
31145680.00    1594       359        1953      10406       2641      13047      13047       1.14       0.24     11451.68   8183.27     13047   
31281096.00    1659       393        2052      10341       2607      12948      12948       1.14       0.25     11328.21   8306.75     12948   
31416512.00    1715       352        2067      10285       2648      12933      12933       1.14       0.25     11323.49   8311.46     12933   
31551928.00    1654       341        1995      10346       2659      13005      13005       1.14       0.24     11419.16   8215.80     13005   
31687344.00    1778       379        2157      10222       2621      12843      12843       1.14       0.26     11244.73   8390.22     12843   
31822760.00    1751       374        2125      10249       2626      12875      12875       1.14       0.25     11263.42   8371.53     12875   
31958176.00    1702       357        2059      10298       2643      12941      12941       1.14       0.25     11305.21   8329.75     12941   
32093592.00    1664       326        1990      10336       2674      13010      13010       1.14       0.24     11400.57   8234.39     13010   
32229008.00    1624       326        1950      10376       2674      13050      13050       1.14       0.24     11456.67   8178.28     13050   
32364424.00    1612       327        1939      10388       2673      13061      13061       1.14       0.24     11445.38   8189.58     13061   
32499840.00    1492       305        1797      10508       2695      13203      13203       1.14       0.22     11570.92   8064.03     13203   
32635256.00    1484       314        1798      10516       2686      13202      13202       1.14       0.22     11578.95   8056.01     13202   
32770672.00    1450       293        1743      10550       2707      13257      13257       1.14       0.22     11660.01   7974.95     13257   
32906088.00    1419       284        1703      10581       2716      13297      13297       1.13       0.22     11766.36   7868.60     13297   
33041504.00    1539       307        1846      10461       2693      13154      13154       1.13       0.23     11640.79   7994.17     13154   
33176920.00    1614       322        1936      10386       2678      13064      13064       1.12       0.24     11669.20   7965.76     13064   
33312336.00    1679       335        2014      10321       2665      12986      12986       1.12       0.25     11600.51   8034.44     12986   
33447752.00    1862       363        2225      10138       2637      12775      12775       1.12       0.27     11407.02   8227.94     12775   
33583168.00    1887       356        2243      10113       2644      12757      12757       1.13       0.27     11338.12   8296.83     12757   
33718584.00    1846       360        2206      10154       2640      12794      12794       1.13       0.27     11330.20   8304.76     12794   
33854000.00    1879       375        2254      10121       2625      12746      12746       1.13       0.27     11303.30   8331.66     12746   
33989416.00    1979       381        2360      10021       2619      12640      12640       1.12       0.28     11256.49   8378.47     12640   
34124832.00    1946       380        2326      10054       2620      12674      12674       1.12       0.28     11275.47   8359.49     12674   
34260248.00    1859       386        2245      10141       2614      12755      12755       1.13       0.27     11264.19   8370.77     12755   
34395664.00    1723       354        2077      10277       2646      12923      12923       1.14       0.25     11358.71   8276.25     12923   
34531080.00    1822       358        2180      10178       2642      12820      12820       1.14       0.26     11241.64   8393.31     12820   
34666496.00    1775       365        2140      10225       2635      12860      12860       1.13       0.26     11346.83   8288.12     12860   
34801912.00    1852       372        2224      10148       2628      12776      12776       1.14       0.26     11223.05   8411.91     12776   
34937328.00    1839       358        2197      10161       2642      12803      12803       1.14       0.26     11260.90   8374.06     12803   
35072744.00    1835       388        2223      10165       2612      12777      12777       1.14       0.26     11238.06   8396.89     12777   
35208160.00    1822       389        2211      10178       2611      12789      12789       1.15       0.26     11158.37   8476.58     12789   
35343576.00    1768       353        2121      10232       2647      12879      12879       1.14       0.25     11263.57   8371.39     12879   
35478992.00    1806       371        2177      10194       2629      12823      12823       1.14       0.26     11226.57   8408.38     12823   
35614408.00    1783       351        2134      10217       2649      12866      12866       1.14       0.26     11303.78   8331.17     12866   
35749824.00    1811       348        2159      10189       2652      12841      12841       1.13       0.26     11347.11   8287.84     12841   
35885240.00    1742       330        2072      10258       2670      12928      12928       1.12       0.25     11506.30   8128.65     12928   
36020656.00    1852       371        2223      10148       2629      12777      12777       1.12       0.27     11379.00   8255.96     12777   
36156072.00    1867       404        2271      10133       2596      12729      12729       1.12       0.27     11323.31   8311.65     12729   
36291488.00    1818       396        2214      10182       2604      12786      12786       1.13       0.27     11360.26   8274.70     12786   
36426904.00    1946       421        2367      10054       2579      12633      12633       1.13       0.28     11210.50   8424.45     12633   
36562320.00    1979       416        2395      10021       2584      12605      12605       1.14       0.28     11092.29   8542.66     12605   
36697736.00    1896       388        2284      10104       2612      12716      12716       1.14       0.27     11173.13   8461.82     12716   
36833152.00    1940       382        2322      10060       2618      12678      12678       1.14       0.27     11161.05   8473.90     12678   
36968568.00    1893       396        2289      10107       2604      12711      12711       1.13       0.27     11208.90   8426.06     12711   
37103984.00    1826       352        2178      10174       2648      12822      12822       1.14       0.26     11288.45   8346.50     12822   
37239400.00    1833       367        2200      10167       2633      12800      12800       1.14       0.26     11268.23   8366.73     12800   
37374816.00    1793       383        2176      10207       2617      12824      12824       1.14       0.26     11298.24   8336.71     12824   
37510232.00    1971       418        2389      10029       2582      12611      12611       1.13       0.28     11114.90   8520.06     12611   
37645648.00    1801       384        2185      10199       2616      12815      12815       1.14       0.26     11274.30   8360.65     12815   
37781064.00    1804       369        2173      10196       2631      12827      12827       1.13       0.26     11309.12   8325.83     12827   
37916480.00    1836       378        2214      10164       2622      12786      12786       1.13       0.27     11304.45   8330.50     12786   
38051896.00    1901       383        2284      10099       2617      12716      12716       1.13       0.27     11294.63   8340.32     12716   
38187312.00    1861       391        2252      10139       2609      12748      12748       1.13       0.27     11295.81   8339.14     12748   
38322728.00    1893       377        2270      10107       2623      12730      12730       1.13       0.27     11272.15   8362.81     12730   
38458144.00    1791       324        2115      10209       2676      12885      12885       1.13       0.26     11359.19   8275.76     12885   
38593560.00    1777       357        2134      10223       2643      12866      12866       1.14       0.26     11309.93   8325.02     12866   
38728976.00    1721       323        2044      10279       2677      12956      12956       1.14       0.25     11387.36   8247.59     12956   
38864392.00    1858       357        2215      10142       2643      12785      12785       1.13       0.27     11316.27   8318.69     12785   
38999808.00    1973       425        2398      10027       2575      12602      12602       1.12       0.28     11203.97   8430.99     12602   
39135224.00    2098       455        2553       9902       2545      12447      12447       1.12       0.30     11068.39   8566.56     12447   
39270640.00    2234       450        2684       9766       2550      12316      12316       1.12       0.31     10948.71   8686.25     12316   
39406056.00    2119       435        2554       9881       2565      12446      12446       1.13       0.30     10986.37   8648.59     12446   
39541472.00    1897       368        2265      10103       2632      12735      12735       1.14       0.27     11159.20   8475.76     12735   
39676888.00    1785       361        2146      10215       2639      12854      12854       1.14       0.26     11263.45   8371.51     12854   
39812304.00    1715       368        2083      10285       2632      12917      12917       1.14       0.25     11341.47   8293.49     12917   
39947720.00    1748       361        2109      10252       2639      12891      12891       1.15       0.25     11250.40   8384.55     12891   
40083136.00    1617       339        1956      10383       2661      13044      13044       1.14       0.24     11395.30   8239.66     13044   
40218552.00    1653       336        1989      10347       2664      13011      13011       1.14       0.24     11386.37   8248.59     13011   
40353968.00    1647       331        1978      10353       2669      13022      13022       1.14       0.24     11411.43   8223.52     13022   
40489384.00    1760       350        2110      10240       2650      12890      12890       1.14       0.25     11330.74   8304.22     12890   
40624800.00    1700       326        2026      10300       2674      12974      12974       1.14       0.25     11369.14   8265.81     12974   
40760216.00    1638       323        1961      10362       2677      13039      13039       1.14       0.24     11480.24   8154.71     13039   
40895632.00    1747       341        2088      10253       2659      12912      12912       1.14       0.25     11359.07   8275.89     12912   
41031048.00    1850       349        2199      10150       2651      12801      12801       1.14       0.26     11235.95   8399.00     12801   
41166464.00    1921       357        2278      10079       2643      12722      12722       1.14       0.27     11154.54   8480.41     12722   
41301880.00    2014       379        2393       9986       2621      12607      12607       1.14       0.28     11076.24   8558.72     12607   
41437296.00    1865       374        2239      10135       2626      12761      12761       1.14       0.27     11208.17   8426.78     12761   
41572712.00    1807       345        2152      10193       2655      12848      12848       1.14       0.26     11265.50   8369.46     12848   
41708128.00    1850       352        2202      10150       2648      12798      12798       1.15       0.26     11166.92   8468.03     12798   
41843544.00    1819       352        2171      10181       2648      12829      12829       1.15       0.26     11141.75   8493.21     12829   
41978960.00    1784       333        2117      10216       2667      12883      12883       1.15       0.25     11206.58   8428.38     12883   
42114376.00    1725       347        2072      10275       2653      12928      12928       1.14       0.25     11317.77   8317.18     12928   
42249792.00    1783       345        2128      10217       2655      12872      12872       1.14       0.25     11286.80   8348.16     12872   
42385208.00    1774       342        2116      10226       2658      12884      12884       1.15       0.25     11201.21   8433.74     12884   
42520624.00    1736       331        2067      10264       2669      12933      12933       1.15       0.25     11237.01   8397.94     12933   
42656040.00    1730       338        2068      10270       2662      12932      12932       1.15       0.25     11223.39   8411.56     12932   
42791456.00    1712       335        2047      10288       2665      12953      12953       1.15       0.24     11275.37   8359.59     12953   
42926872.00    1683       329        2012      10317       2671      12988      12988       1.15       0.24     11314.64   8320.32     12988   
43062288.00    1651       302        1953      10349       2698      13047      13047       1.14       0.24     11405.46   8229.50     13047   
43197704.00    1568       298        1866      10432       2702      13134      13134       1.14       0.23     11472.08   8162.88     13134   
43333120.00    1583       295        1878      10417       2705      13122      13122       1.14       0.23     11535.23   8099.72     13122   
43468536.00    1643       333        1976      10357       2667      13024      13024       1.14       0.24     11396.87   8238.09     13024   
43603952.00    1690       378        2068      10310       2622      12932      12932       1.14       0.25     11345.83   8289.13     12932   
43739368.00    1657       367        2024      10343       2633      12976      12976       1.14       0.25     11412.79   8222.16     12976   
43874784.00    1696       372        2068      10304       2628      12932      12932       1.14       0.25     11355.23   8279.73     12932   
44010200.00    1629       315        1944      10371       2685      13056      13056       1.14       0.24     11425.98   8208.98     13056   
44145616.00    1630       324        1954      10370       2676      13046      13046       1.14       0.24     11439.21   8195.74     13046   
44281032.00    1627       314        1941      10373       2686      13059      13059       1.14       0.24     11443.96   8190.99     13059   
44416448.00    1614       315        1929      10386       2685      13071      13071       1.13       0.24     11535.32   8099.63     13071   
44551864.00    1778       363        2141      10222       2637      12859      12859       1.13       0.26     11332.47   8302.49     12859   
44687280.00    1787       382        2169      10213       2618      12831      12831       1.13       0.26     11307.35   8327.61     12831   
44822696.00    1789       402        2191      10211       2598      12809      12809       1.14       0.26     11263.75   8371.21     12809   
44958112.00    1740       353        2093      10260       2647      12907      12907       1.14       0.25     11347.43   8287.53     12907   
45093528.00    1743       365        2108      10257       2635      12892      12892       1.14       0.25     11315.79   8319.16     12892   
45228944.00    1762       353        2115      10238       2647      12885      12885       1.14       0.25     11298.86   8336.09     12885   
45364360.00    1622       315        1937      10378       2685      13063      13063       1.14       0.24     11468.83   8166.13     13063   
45499776.00    1636       341        1977      10364       2659      13023      13023       1.14       0.24     11442.54   8192.42     13023   
45635192.00    1657       362        2019      10343       2638      12981      12981       1.13       0.25     11483.08   8151.88     12981   
45770608.00    1735       369        2104      10265       2631      12896      12896       1.13       0.26     11418.06   8216.89     12896   
45906024.00    1686       335        2021      10314       2665      12979      12979       1.13       0.25     11471.13   8163.83     12979   
46041440.00    1701       350        2051      10299       2650      12949      12949       1.13       0.25     11429.46   8205.49     12949   
46176856.00    1846       357        2203      10154       2643      12797      12797       1.14       0.26     11234.82   8400.14     12797   
46312272.00    1854       375        2229      10146       2625      12771      12771       1.14       0.26     11186.24   8448.72     12771   
46447688.00    1864       371        2235      10136       2629      12765      12765       1.15       0.26     11147.26   8487.70     12765   
46583104.00    1803       364        2167      10197       2636      12833      12833       1.14       0.26     11210.99   8423.96     12833   
46718520.00    1773       341        2114      10227       2659      12886      12886       1.14       0.25     11332.73   8302.22     12886   
46853936.00    1643       337        1980      10357       2663      13020      13020       1.13       0.24     11525.26   8109.70     13020   
46989352.00    1803       388        2191      10197       2612      12809      12809       1.13       0.26     11359.01   8275.94     12809   
47124768.00    1787       363        2150      10213       2637      12850      12850       1.13       0.26     11333.39   8301.57     12850   
47260184.00    1749       352        2101      10251       2648      12899      12899       1.13       0.26     11412.50   8222.46     12899   
47395600.00    1724       335        2059      10276       2665      12941      12941       1.13       0.25     11457.96   8177.00     12941   
47531016.00    1650       354        2004      10350       2646      12996      12996       1.13       0.25     11467.59   8167.37     12996   
47666432.00    1747       376        2123      10253       2624      12877      12877       1.13       0.26     11378.35   8256.61     12877   
47801848.00    1734       358        2092      10266       2642      12908      12908       1.13       0.25     11415.53   8219.43     12908   
47937264.00    1684       339        2023      10316       2661      12977      12977       1.13       0.25     11499.89   8135.07     12977   
48072680.00    1815       363        2178      10185       2637      12822      12822       1.13       0.26     11383.03   8251.93     12822   
48208096.00    1784       374        2158      10216       2626      12842      12842       1.13       0.26     11373.58   8261.37     12842   
48343512.00    1719       354        2073      10281       2646      12927      12927       1.13       0.25     11433.30   8201.65     12927   
48478928.00    1688       339        2027      10312       2661      12973      12973       1.13       0.25     11502.89   8132.07     12973   
48614344.00    1744       342        2086      10256       2658      12914      12914       1.13       0.25     11410.85   8224.11     12914   
48749760.00    1769       366        2135      10231       2634      12865      12865       1.12       0.26     11494.49   8140.47     12865   
48885176.00    1888       368        2256      10112       2632      12744      12744       1.12       0.27     11329.49   8305.47     12744   
49020592.00    1944       403        2347      10056       2597      12653      12653       1.13       0.28     11183.40   8451.56     12653   
49156008.00    1874       415        2289      10126       2585      12711      12711       1.13       0.27     11235.93   8399.03     12711   
49291424.00    1799       337        2136      10201       2663      12864      12864       1.13       0.26     11361.40   8273.55     12864   
49426840.00    1713       346        2059      10287       2654      12941      12941       1.13       0.25     11428.03   8206.93     12941   
49562256.00    1743       327        2070      10257       2673      12930      12930       1.14       0.25     11338.20   8296.76     12930   
49697672.00    1789       324        2113      10211       2676      12887      12887       1.14       0.25     11324.44   8310.51     12887   
49833088.00    1828       332        2160      10172       2668      12840      12840       1.13       0.26     11374.06   8260.90     12840   
49968504.00    1936       379        2315      10064       2621      12685      12685       1.13       0.28     11241.67   8393.28     12685   
50103920.00    2083       439        2522       9917       2561      12478      12478       1.13       0.29     11030.20   8604.76     12478   
50239336.00    2250       453        2703       9750       2547      12297      12297       1.14       0.30     10751.49   8883.47     12297   
50374752.00    2124       422        2546       9876       2578      12454      12454       1.15       0.29     10803.90   8831.05     12454   
50510168.00    1964       410        2374      10036       2590      12626      12626       1.15       0.27     10960.76   8674.20     12626   
50645584.00    1800       360        2160      10200       2640      12840      12840       1.15       0.26     11200.38   8434.57     12840   
50781000.00    1727       337        2064      10273       2663      12936      12936       1.14       0.25     11327.24   8307.71     12936   
50916416.00    1653       338        1991      10347       2662      13009      13009       1.14       0.24     11423.96   8211.00     13009   
51051832.00    1751       327        2078      10249       2673      12922      12922       1.14       0.25     11297.85   8337.11     12922   
51187248.00    1658       315        1973      10342       2685      13027      13027       1.14       0.24     11398.56   8236.39     13027   
51322664.00    1689       320        2009      10311       2680      12991      12991       1.13       0.25     11458.02   8176.94     12991   
51458080.00    1851       378        2229      10149       2622      12771      12771       1.14       0.27     11242.37   8392.59     12771   
51593496.00    1749       357        2106      10251       2643      12894      12894       1.13       0.26     11383.35   8251.60     12894   
51728912.00    1827       355        2182      10173       2645      12818      12818       1.13       0.26     11312.51   8322.44     12818   
51864328.00    1864       350        2214      10136       2650      12786      12786       1.14       0.26     11200.33   8434.63     12786   
51999744.00    1712       312        2024      10288       2688      12976      12976       1.14       0.24     11344.33   8290.63     12976   
52135160.00    1738       327        2065      10262       2673      12935      12935       1.14       0.25     11332.70   8302.25     12935   
52270576.00    1842       383        2225      10158       2617      12775      12775       1.13       0.27     11299.10   8335.85     12775   
52405992.00    1935       399        2334      10065       2601      12666      12666       1.13       0.28     11243.52   8391.43     12666   
52541408.00    1935       395        2330      10065       2605      12670      12670       1.13       0.28     11254.95   8380.01     12670   
52676824.00    1953       404        2357      10047       2596      12643      12643       1.14       0.28     11129.04   8505.92     12643   
52812240.00    1926       377        2303      10074       2623      12697      12697       1.15       0.27     11088.52   8546.43     12697   
52947656.00    1632       339        1971      10368       2661      13029      13029       1.15       0.24     11375.41   8259.54     13029   
53083072.00    1558       317        1875      10442       2683      13125      13125       1.14       0.23     11490.07   8144.88     13125   
53218488.00    1581       315        1896      10419       2685      13104      13104       1.15       0.23     11437.07   8197.88     13104   
53353904.00    1654       328        1982      10346       2672      13018      13018       1.14       0.24     11369.56   8265.39     13018   
53489320.00    1687       346        2033      10313       2654      12967      12967       1.14       0.25     11344.77   8290.19     12967   
53624736.00    1755       340        2095      10245       2660      12905      12905       1.14       0.25     11333.44   8301.51     12905   
53760152.00    1847       360        2207      10153       2640      12793      12793       1.13       0.26     11290.16   8344.79     12793   
53895568.00    1865       371        2236      10135       2629      12764      12764       1.13       0.27     11252.32   8382.63     12764   
54030984.00    1798       359        2157      10202       2641      12843      12843       1.14       0.26     11305.65   8329.31     12843   
54166400.00    1777       355        2132      10223       2645      12868      12868       1.14       0.26     11284.89   8350.07     12868   
