 Timestep    Gas_A      Gas_B     Gas_tot    Dense_A    Dense_B   Dense_tot   Lg_clust  DP_density GP_density Clust_area  Gas_area     MCS    
   0.00       1500      13500      15000        0          0          0          6         0.00       0.76       0.00     19634.96      0     
114583.00     1500      13500      15000        0          0          0         962        0.00       0.76       0.00     19634.96      0     
229166.00     1359      12019      13378       141        1481       1622       1622       0.97       0.74     1673.97    17960.98     1622   
343749.00     1152       9947      11099       348        3553       3901       1743       1.01       0.70     3847.70    15787.26     1300   
458332.00     816        5801       6617       684        7699       8383       2279       1.04       0.57     8060.02    11574.93     1676   
572915.00     868        6136       7004       632        7364       7996       2445       1.07       0.58     7504.44    12130.52     1599   
687498.00     643        3352       3995       857       10148      11005       3546       1.07       0.43     10328.93   9306.02      1834   
802081.00     729        3850       4579       771        9650      10421       3474       1.09       0.46     9584.96    10049.99     2084   
916664.00     691        3628       4319       809        9872      10681       4860       1.09       0.44     9792.83    9842.12      2670   
1031247.00    685        3360       4045       815       10140      10955       6306       1.10       0.42     9973.18    9661.78      3651   
1145830.00    573        2539       3112       927       10961      11888       5094       1.09       0.36     10950.94   8684.01      2972   
1260413.00    567        2530       3097       933       10970      11903      10132       1.09       0.36     10967.65   8667.31      5951   
1374996.00    581        2644       3225       919       10856      11775       9970       1.08       0.37     10874.01   8760.94      5887   
1489579.00    597        2731       3328       903       10769      11672       4568       1.08       0.38     10782.77   8852.18      3890   
1604162.00    614        2979       3593       886       10521      11407       6854       1.09       0.39     10475.44   9159.51      5703   
1718745.00    619        2842       3461       881       10658      11539       7162       1.09       0.38     10587.78   9047.18      5769   
1833328.00    635        3338       3973       865       10162      11027       7351       1.10       0.41     9992.34    9642.62      5513   
1947911.00    554        2383       2937       946       11117      12063       5907       1.10       0.34     10946.19   8688.77      4021   
2062494.00    624        3237       3861       876       10263      11139       7438       1.11       0.40     10052.35   9582.61      5569   
2177077.00    612        3266       3878       888       10234      11122      11122       1.12       0.40     9967.52    9667.44     11122   
2291660.00    605        3006       3611       895       10494      11389      11389       1.12       0.38     10178.17   9456.79     11389   
2406243.00    555        2761       3316       945       10739      11684      11684       1.12       0.36     10474.69   9160.26     11684   
2520826.00    589        2727       3316       911       10773      11684      11684       1.11       0.36     10525.02   9109.93     11684   
2635409.00    587        2736       3323       913       10764      11677      11677       1.11       0.37     10551.43   9083.53     11677   
2749992.00    605        2796       3401       895       10704      11599      11599       1.11       0.37     10442.32   9192.63     11599   
2864575.00    579        2577       3156       921       10923      11844      11844       1.11       0.35     10628.49   9006.47     11844   
2979158.00    590        2476       3066       910       11024      11934      11934       1.11       0.34     10732.41   8902.55     11934   
3093741.00    620        2631       3251       880       10869      11749      11749       1.11       0.36     10557.99   9076.96     11749   
3208324.00    587        2506       3093       913       10994      11907      11907       1.11       0.35     10705.17   8929.79     11907   
3322907.00    584        2374       2958       916       11126      12042      12042       1.11       0.34     10828.48   8806.48     12042   
3437490.00    619        2670       3289       881       10830      11711      11711       1.12       0.36     10493.50   9141.46     11711   
3552073.00    607        2575       3182       893       10925      11818      11818       1.11       0.35     10635.42   8999.54     11818   
3666656.00    597        2358       2955       903       11142      12045      12045       1.12       0.33     10751.28   8883.68     12045   
3781239.00    587        2217       2804       913       11283      12196      12196       1.12       0.32     10935.01   8699.94     12196   
3895822.00    572        2289       2861       928       11211      12139      12139       1.12       0.33     10873.10   8761.85     12139   
4010405.00    588        2379       2967       912       11121      12033      12033       1.12       0.33     10750.20   8884.76     12033   
4124988.00    600        2477       3077       900       11023      11923      11923       1.13       0.34     10591.19   9043.76     11923   
4239571.00    594        2346       2940       906       11154      12060      12060       1.14       0.33     10621.22   9013.73     12060   
4354154.00    580        2386       2966       920       11114      12034      12034       1.13       0.33     10631.84   9003.11     12034   
4468737.00    587        2401       2988       913       11099      12012      12012       1.14       0.33     10581.47   9053.48     12012   
4583320.00    586        2368       2954       914       11132      12046      12046       1.13       0.33     10656.18   8978.77     12046   
4697903.00    555        2223       2778       945       11277      12222      12222       1.13       0.32     10833.83   8801.12     12222   
4812486.00    545        2045       2590       955       11455      12410      12410       1.13       0.30     10945.57   8689.39     12410   
4927069.00    583        2149       2732       917       11351      12268      12268       1.14       0.31     10772.50   8862.46     12268   
5041652.00    573        2127       2700       927       11373      12300      12300       1.13       0.31     10906.74   8728.22     12300   
5156235.00    586        2160       2746       914       11340      12254      12254       1.14       0.31     10789.87   8845.08     12254   
5270818.00    586        2226       2812       914       11274      12188      12188       1.14       0.31     10695.20   8939.76     12188   
5385401.00    598        2144       2742       902       11356      12258      12258       1.13       0.31     10819.28   8815.68     12258   
5499984.00    629        2479       3108       871       11021      11892      11892       1.13       0.34     10502.98   9131.98     11892   
5614567.00    610        2393       3003       890       11107      11997      11997       1.14       0.33     10551.78   9083.17     11997   
5729150.00    587        2416       3003       913       11084      11997      11997       1.14       0.33     10498.55   9136.40     11997   
5843733.00    586        2333       2919       914       11167      12081      12081       1.14       0.32     10591.42   9043.54     12081   
5958316.00    586        2269       2855       914       11231      12145      12145       1.15       0.31     10557.54   9077.42     12145   
6072899.00    582        2092       2674       918       11408      12326      12326       1.15       0.30     10719.09   8915.86     12326   
6187482.00    593        2264       2857       907       11236      12143      12143       1.15       0.31     10556.75   9078.21     12143   
6302065.00    601        2342       2943       899       11158      12057      12057       1.15       0.32     10527.50   9107.46     12057   
6416648.00    592        2309       2901       908       11191      12099      12099       1.15       0.32     10490.87   9144.09     12099   
6531231.00    564        2216       2780       936       11284      12220      12220       1.16       0.30     10518.84   9116.11     12220   
6645814.00    560        2023       2583       940       11477      12417      12417       1.16       0.29     10740.19   8894.76     12417   
6760397.00    555        1941       2496       945       11559      12504      12504       1.15       0.29     10895.71   8739.24     12504   
6874980.00    555        2009       2564       945       11491      12436      12436       1.14       0.29     10865.27   8769.68     12436   
6989563.00    535        1939       2474       965       11561      12526      12526       1.14       0.29     11024.10   8610.86     12526   
7104146.00    547        1929       2476       953       11571      12524      12524       1.13       0.29     11081.87   8553.08     12524   
7218729.00    579        2165       2744       921       11335      12256      12256       1.12       0.31     10909.35   8725.60     12256   
7333312.00    611        2452       3063       889       11048      11937      11937       1.13       0.34     10608.81   9026.15     11937   
7447895.00    607        2523       3130       893       10977      11870      11870       1.13       0.34     10490.96   9144.00     11870   
7562478.00    610        2413       3023       890       11087      11977      11977       1.14       0.33     10526.57   9108.38     11977   
7677061.00    622        2321       2943       878       11179      12057      12057       1.14       0.33     10590.63   9044.32     12057   
7791644.00    641        2425       3066       859       11075      11934      11934       1.14       0.33     10466.67   9168.29     11934   
7906227.00    628        2509       3137       872       10991      11863      11863       1.14       0.34     10418.24   9216.72     11863   
8020810.00    605        2348       2953       895       11152      12047      12047       1.14       0.33     10571.81   9063.15     12047   
8135393.00    608        2311       2919       892       11189      12081      12081       1.15       0.32     10546.57   9088.39     12081   
8249976.00    593        2214       2807       907       11286      12193      12193       1.15       0.31     10608.08   9026.88     12193   
8364559.00    588        2173       2761       912       11327      12239      12239       1.14       0.31     10700.67   8934.28     12239   
8479142.00    589        2213       2802       911       11287      12198      12198       1.14       0.31     10721.93   8913.03     12198   
8593725.00    602        2346       2948       898       11154      12052      12052       1.14       0.33     10576.18   9058.78     12052   
8708308.00    567        2125       2692       933       11375      12308      12308       1.14       0.31     10808.85   8826.11     12308   
8822891.00    579        2150       2729       921       11350      12271      12271       1.14       0.31     10796.47   8838.49     12271   
8937474.00    582        2231       2813       918       11269      12187      12187       1.14       0.32     10720.49   8914.46     12187   
9052057.00    578        2257       2835       922       11243      12165      12165       1.13       0.32     10763.27   8871.68     12165   
9166640.00    625        2466       3091       875       11034      11909      11909       1.12       0.34     10603.62   9031.33     11909   
9281223.00    638        2416       3054       862       11084      11946      11946       1.13       0.34     10599.08   9035.87     11946   
9395806.00    632        2609       3241       868       10891      11759      11759       1.13       0.35     10385.12   9249.84     11759   
9510389.00    617        2468       3085       883       11032      11915      11915       1.13       0.34     10537.98   9096.98     11915   
9624972.00    595        2218       2813       905       11282      12187      12187       1.13       0.32     10753.25   8881.71     12187   
9739555.00    570        2216       2786       930       11284      12214      12214       1.13       0.31     10765.62   8869.33     12214   
9854138.00    590        2246       2836       910       11254      12164      12164       1.13       0.32     10751.43   8883.53     12164   
9968721.00    602        2263       2865       898       11237      12135      12135       1.14       0.32     10675.47   8959.49     12135   
10083304.00    579        2206       2785       921       11294      12215      12215       1.14       0.31     10753.69   8881.26     12215   
10197887.00    624        2490       3114       876       11010      11886      11886       1.13       0.34     10476.17   9158.79     11886   
10312470.00    601        2408       3009       899       11092      11991      11991       1.14       0.33     10531.26   9103.70     11991   
10427053.00    579        2317       2896       921       11183      12104      12104       1.13       0.32     10686.72   8948.23     12104   
10541636.00    584        2271       2855       916       11229      12145      12145       1.13       0.32     10730.66   8904.30     12145   
10656219.00    567        2242       2809       933       11258      12191      12191       1.13       0.32     10836.41   8798.55     12191   
10770802.00    584        2290       2874       916       11210      12126      12126       1.12       0.32     10779.48   8855.47     12126   
10885385.00    583        2426       3009       917       11074      11991      11991       1.12       0.34     10674.62   8960.34     11991   
10999968.00    588        2337       2925       912       11163      12075      12075       1.13       0.33     10711.49   8923.47     12075   
11114551.00    621        2404       3025       879       11096      11975      11975       1.14       0.33     10548.10   9086.85     11975   
11229134.00    613        2369       2982       887       11131      12018      12018       1.14       0.33     10557.27   9077.68     12018   
11343717.00    598        2196       2794       902       11304      12206      12206       1.14       0.31     10687.57   8947.39     12206   
11458300.00    606        2233       2839       894       11267      12161      12161       1.14       0.32     10698.52   8936.44     12161   
11572883.00    604        2261       2865       896       11239      12135      12135       1.13       0.32     10704.02   8930.93     12135   
11687466.00    593        2270       2863       907       11230      12137      12137       1.13       0.32     10765.65   8869.31     12137   
11802049.00    590        2353       2943       910       11147      12057      12057       1.14       0.33     10582.92   9052.03     12057   
11916632.00    595        2145       2740       905       11355      12260      12260       1.14       0.31     10730.43   8904.52     12260   
12031215.00    599        2182       2781       901       11318      12219      12219       1.14       0.31     10739.25   8895.70     12219   
12145798.00    620        2146       2766       880       11354      12234      12234       1.14       0.31     10757.22   8877.74     12234   
12260381.00    587        2207       2794       913       11293      12206      12206       1.13       0.32     10776.53   8858.42     12206   
12374964.00    602        2263       2865       898       11237      12135      12135       1.13       0.32     10744.60   8890.35     12135   
12489547.00    634        2720       3354       866       10780      11646      11646       1.13       0.36     10297.48   9337.48     11646   
12604130.00    647        2627       3274       853       10873      11726      11726       1.14       0.35     10306.72   9328.23     11726   
12718713.00    627        2432       3059       873       11068      11941      11941       1.14       0.33     10503.50   9131.46     11941   
12833296.00    624        2492       3116       876       11008      11884      11884       1.14       0.34     10400.09   9234.87     11884   
12947879.00    641        2526       3167       859       10974      11833      11833       1.14       0.34     10408.79   9226.16     11833   
13062462.00    640        2575       3215       860       10925      11785      11785       1.14       0.35     10358.80   9276.16     11785   
13177045.00    634        2523       3157       866       10977      11843      11843       1.14       0.34     10399.70   9235.25     11843   
13291628.00    633        2555       3188       867       10945      11812      11812       1.14       0.34     10352.09   9282.87     11812   
13406211.00    673        2771       3444       827       10729      11556      11556       1.16       0.36     10005.06   9629.90     11556   
13520794.00    642        2490       3132       858       11010      11868      11868       1.14       0.34     10375.83   9259.12     11868   
13635377.00    627        2434       3061       873       11066      11939      11939       1.14       0.33     10482.31   9152.64     11939   
13749960.00    608        2233       2841       892       11267      12159      12159       1.14       0.32     10709.78   8925.17     12159   
13864543.00    608        2267       2875       892       11233      12125      12125       1.13       0.32     10733.70   8901.26     12125   
13979126.00    612        2302       2914       888       11198      12086      12086       1.13       0.32     10666.07   8968.89     12086   
14093709.00    605        2251       2856       895       11249      12144      12144       1.13       0.32     10706.80   8928.16     12144   
14208292.00    603        2411       3014       897       11089      11986      11986       1.13       0.33     10633.47   9001.48     11986   
14322875.00    635        2608       3243       865       10892      11757      11757       1.13       0.35     10408.69   9226.26     11757   
14437458.00    655        2612       3267       845       10888      11733      11733       1.14       0.35     10265.41   9369.54     11733   
14552041.00    658        2368       3026       842       11132      11974      11974       1.15       0.33     10427.18   9207.77     11974   
14666624.00    635        2227       2862       865       11273      12138      12138       1.13       0.32     10703.99   8930.96     12138   
14781207.00    639        2432       3071       861       11068      11929      11929       1.13       0.34     10542.19   9092.76     11929   
14895790.00    641        2408       3049       859       11092      11951      11951       1.13       0.33     10529.53   9105.42     11951   
15010373.00    635        2332       2967       865       11168      12033      12033       1.14       0.33     10549.16   9085.80     12033   
15124956.00    627        2231       2858       873       11269      12142      12142       1.14       0.32     10637.90   8997.05     12142   
15239539.00    612        2099       2711       888       11401      12289      12289       1.13       0.31     10876.01   8758.94     12289   
15354122.00    605        2288       2893       895       11212      12107      12107       1.12       0.33     10793.55   8841.40     12107   
15468705.00    623        2440       3063       877       11060      11937      11937       1.14       0.34     10516.39   9118.57     11937   
15583288.00    632        2415       3047       868       11085      11953      11953       1.14       0.33     10462.81   9172.15     11953   
15697871.00    628        2322       2950       872       11178      12050      12050       1.14       0.32     10545.82   9089.13     12050   
15812454.00    621        2244       2865       879       11256      12135      12135       1.14       0.32     10611.09   9023.86     12135   
15927037.00    604        2026       2630       896       11474      12370      12370       1.15       0.30     10774.14   8860.82     12370   
16041620.00    593        1998       2591       907       11502      12409      12409       1.14       0.30     10870.01   8764.94     12409   
16156203.00    608        2168       2776       892       11332      12224      12224       1.13       0.31     10778.81   8856.15     12224   
16270786.00    629        2268       2897       871       11232      12103      12103       1.13       0.32     10687.42   8947.54     12103   
16385369.00    618        2326       2944       882       11174      12056      12056       1.14       0.33     10610.89   9024.06     12056   
16499952.00    608        2239       2847       892       11261      12153      12153       1.13       0.32     10766.79   8868.16     12153   
16614535.00    622        2350       2972       878       11150      12028      12028       1.13       0.33     10603.99   9030.96     12028   
16729118.00    639        2449       3088       861       11051      11912      11912       1.13       0.34     10502.11   9132.84     11912   
16843701.00    649        2429       3078       851       11071      11922      11922       1.14       0.34     10476.95   9158.00     11922   
16958284.00    627        2271       2898       873       11229      12102      12102       1.14       0.32     10581.40   9053.56     12102   
17072867.00    616        2202       2818       884       11298      12182      12182       1.14       0.31     10639.90   8995.05     12182   
17187450.00    619        2125       2744       881       11375      12256      12256       1.15       0.31     10683.13   8951.82     12256   
17302033.00    626        2026       2652       874       11474      12348      12348       1.14       0.30     10827.43   8807.53     12348   
17416616.00    625        2146       2771       875       11354      12229      12229       1.14       0.31     10745.09   8889.87     12229   
17531199.00    625        2275       2900       875       11225      12100      12100       1.13       0.32     10690.36   8944.60     12100   
17645782.00    637        2322       2959       863       11178      12041      12041       1.13       0.33     10689.54   8945.41     12041   
17760365.00    634        2407       3041       866       11093      11959      11959       1.13       0.34     10567.91   9067.04     11959   
17874948.00    671        2778       3449       829       10722      11551      11551       1.14       0.36     10113.85   9521.10     11551   
17989531.00    653        2799       3452       847       10701      11548      11548       1.15       0.36     10082.34   9552.61     11548   
18104114.00    663        2781       3444       837       10719      11556      11556       1.15       0.36     10034.68   9600.27     11556   
18218697.00    666        2628       3294       834       10872      11706      11706       1.16       0.35     10124.72   9510.23     11706   
18333280.00    656        2533       3189       844       10967      11811      11811       1.16       0.34     10139.86   9495.10     11811   
18447863.00    636        2377       3013       864       11123      11987      11987       1.16       0.32     10296.71   9338.24     11987   
18562446.00    630        2263       2893       870       11237      12107      12107       1.17       0.31     10383.22   9251.74     12107   
18677029.00    622        2130       2752       878       11370      12248      12248       1.16       0.30     10560.29   9074.67     12248   
18791612.00    598        2105       2703       902       11395      12297      12297       1.16       0.30     10643.63   8991.32     12297   
18906195.00    596        2087       2683       904       11413      12317      12317       1.16       0.30     10649.44   8985.52     12317   
19020778.00    593        2074       2667       907       11426      12333      12333       1.16       0.30     10598.94   9036.01     12333   
19135361.00    592        1986       2578       908       11514      12422      12422       1.16       0.29     10737.14   8897.81     12422   
19249944.00    583        2006       2589       917       11494      12411      12411       1.16       0.29     10681.27   8953.68     12411   
19364527.00    603        2098       2701       897       11402      12299      12299       1.16       0.30     10592.82   9042.14     12299   
19479110.00    583        2048       2631       917       11452      12369      12369       1.16       0.29     10636.66   8998.30     12369   
19593693.00    580        2033       2613       920       11467      12387      12387       1.16       0.29     10661.80   8973.16     12387   
19708276.00    575        2094       2669       925       11406      12331      12331       1.17       0.29     10579.94   9055.02     12331   
19822859.00    576        1959       2535       924       11541      12465      12465       1.16       0.29     10768.30   8866.66     12465   
19937442.00    562        1874       2436       938       11626      12564      12564       1.16       0.28     10827.56   8807.40     12564   
20052025.00    572        1945       2517       928       11555      12483      12483       1.15       0.29     10850.29   8784.67     12483   
20166608.00    576        1986       2562       924       11514      12438      12438       1.14       0.29     10910.77   8724.18     12438   
20281191.00    591        2111       2702       909       11389      12298      12298       1.14       0.31     10803.87   8831.08     12298   
20395774.00    589        2224       2813       911       11276      12187      12187       1.15       0.31     10600.58   9034.38     12187   
20510357.00    602        2173       2775       898       11327      12225      12225       1.15       0.31     10620.79   9014.17     12225   
20624940.00    590        2052       2642       910       11448      12358      12358       1.15       0.30     10717.81   8917.15     12358   
20739523.00    593        2027       2620       907       11473      12380      12380       1.15       0.29     10729.44   8905.52     12380   
20854106.00    610        2222       2832       890       11278      12168      12168       1.16       0.31     10508.54   9126.42     12168   
20968689.00    604        2203       2807       896       11297      12193      12193       1.16       0.31     10521.09   9113.87     12193   
21083272.00    591        2194       2785       909       11306      12215      12215       1.16       0.31     10552.16   9082.80     12215   
21197855.00    591        2190       2781       909       11310      12219      12219       1.15       0.31     10597.02   9037.93     12219   
21312438.00    589        2149       2738       911       11351      12262      12262       1.16       0.30     10616.31   9018.65     12262   
21427021.00    577        2055       2632       923       11445      12368      12368       1.16       0.29     10664.51   8970.45     12368   
21541604.00    576        2038       2614       924       11462      12386      12386       1.16       0.29     10683.68   8951.27     12386   
21656187.00    561        1918       2479       939       11582      12521      12521       1.16       0.28     10799.32   8835.64     12521   
21770770.00    554        1878       2432       946       11622      12568      12568       1.16       0.28     10817.00   8817.95     12568   
21885353.00    560        1917       2477       940       11583      12523      12523       1.16       0.28     10801.94   8833.02     12523   
21999936.00    558        2032       2590       942       11468      12410      12410       1.16       0.29     10722.35   8912.61     12410   
22114519.00    565        2082       2647       935       11418      12353      12353       1.16       0.30     10691.52   8943.44     12353   
22229102.00    571        2131       2702       929       11369      12298      12298       1.15       0.30     10671.35   8963.60     12298   
22343685.00    586        2200       2786       914       11300      12214      12214       1.15       0.31     10659.77   8975.18     12214   
22458268.00    586        2156       2742       914       11344      12258      12258       1.15       0.31     10676.44   8958.51     12258   
22572851.00    585        2323       2908       915       11177      12092      12092       1.16       0.32     10461.85   9173.11     12092   
22687434.00    596        2389       2985       904       11111      12015      12015       1.15       0.32     10419.45   9215.51     12015   
22802017.00    584        2240       2824       916       11260      12176      12176       1.16       0.31     10541.57   9093.38     12176   
22916600.00    571        2126       2697       929       11374      12303      12303       1.15       0.30     10683.86   8951.09     12303   
23031183.00    594        2137       2731       906       11363      12269      12269       1.15       0.30     10655.97   8978.99     12269   
23145766.00    579        2147       2726       921       11353      12274      12274       1.15       0.30     10685.81   8949.15     12274   
23260349.00    601        2258       2859       899       11242      12141      12141       1.15       0.31     10558.35   9076.60     12141   
23374932.00    595        2243       2838       905       11257      12162      12162       1.15       0.31     10542.95   9092.00     12162   
23489515.00    609        2156       2765       891       11344      12235      12235       1.15       0.31     10631.43   9003.52     12235   
23604098.00    593        2052       2645       907       11448      12355      12355       1.16       0.29     10656.78   8978.17     12355   
23718681.00    608        2199       2807       892       11301      12193      12193       1.17       0.31     10455.82   9179.13     12193   
23833264.00    613        2282       2895       887       11218      12105      12105       1.16       0.31     10412.65   9222.30     12105   
23947847.00    619        2415       3034       881       11085      11966      11966       1.17       0.32     10242.82   9392.14     11966   
24062430.00    617        2300       2917       883       11200      12083      12083       1.17       0.31     10354.74   9280.22     12083   
24177013.00    607        2225       2832       893       11275      12168      12168       1.16       0.31     10462.58   9172.37     12168   
24291596.00    578        2044       2622       922       11456      12378      12378       1.16       0.29     10653.71   8981.24     12378   
24406179.00    564        1911       2475       936       11589      12525      12525       1.16       0.28     10811.28   8823.67     12525   
24520762.00    584        2002       2586       916       11498      12414      12414       1.16       0.29     10676.49   8958.47     12414   
24635345.00    581        1978       2559       919       11522      12441      12441       1.16       0.29     10701.36   8933.59     12441   
24749928.00    586        2062       2648       914       11438      12352      12352       1.16       0.29     10650.18   8984.78     12352   
24864511.00    580        2048       2628       920       11452      12372      12372       1.16       0.29     10668.04   8966.91     12372   
24979094.00    574        1971       2545       926       11529      12455      12455       1.16       0.29     10723.17   8911.78     12455   
25093677.00    568        1916       2484       932       11584      12516      12516       1.16       0.28     10809.94   8825.02     12516   
25208260.00    566        1938       2504       934       11562      12496      12496       1.16       0.28     10795.95   8839.01     12496   
25322843.00    591        2075       2666       909       11425      12334      12334       1.16       0.30     10615.16   9019.80     12334   
25437426.00    577        2057       2634       923       11443      12366      12366       1.16       0.29     10642.01   8992.95     12366   
25552009.00    564        1920       2484       936       11580      12516      12516       1.16       0.28     10829.82   8805.14     12516   
25666592.00    574        1959       2533       926       11541      12467      12467       1.16       0.29     10748.28   8886.68     12467   
25781175.00    555        1916       2471       945       11584      12529      12529       1.16       0.28     10819.26   8815.69     12529   
25895758.00    558        1933       2491       942       11567      12509      12509       1.16       0.28     10817.97   8816.98     12509   
26010341.00    568        1975       2543       932       11525      12457      12457       1.16       0.29     10776.20   8858.76     12457   
26124924.00    575        2109       2684       925       11391      12316      12316       1.16       0.30     10628.25   9006.70     12316   
26239507.00    589        2147       2736       911       11353      12264      12264       1.16       0.30     10589.62   9045.33     12264   
26354090.00    577        2239       2816       923       11261      12184      12184       1.16       0.31     10524.66   9110.30     12184   
26468673.00    577        2174       2751       923       11326      12249      12249       1.15       0.31     10628.30   9006.66     12249   
26583256.00    565        2061       2626       935       11439      12374      12374       1.15       0.29     10720.84   8914.12     12374   
26697839.00    550        2001       2551       950       11499      12449      12449       1.15       0.29     10794.48   8840.48     12449   
26812422.00    541        1927       2468       959       11573      12532      12532       1.15       0.28     10858.90   8776.05     12532   
26927005.00    552        1915       2467       948       11585      12533      12533       1.15       0.28     10917.55   8717.40     12533   
27041588.00    574        2001       2575       926       11499      12425      12425       1.15       0.29     10823.37   8811.59     12425   
27156171.00    581        2138       2719       919       11362      12281      12281       1.15       0.30     10646.53   8988.43     12281   
27270754.00    570        2078       2648       930       11422      12352      12352       1.16       0.30     10682.51   8952.44     12352   
27385337.00    571        2220       2791       929       11280      12209      12209       1.16       0.31     10554.24   9080.71     12209   
27499920.00    579        2112       2691       921       11388      12309      12309       1.16       0.30     10621.35   9013.60     12309   
27614503.00    576        2004       2580       924       11496      12420      12420       1.16       0.29     10726.52   8908.43     12420   
27729086.00    570        1959       2529       930       11541      12471      12471       1.15       0.29     10866.45   8768.51     12471   
27843669.00    570        1978       2548       930       11522      12452      12452       1.14       0.29     10880.80   8754.15     12452   
27958252.00    605        2116       2721       895       11384      12279      12279       1.15       0.30     10677.73   8957.22     12279   
28072835.00    576        2075       2651       924       11425      12349      12349       1.15       0.30     10777.90   8857.06     12349   
28187418.00    577        2084       2661       923       11416      12339      12339       1.16       0.30     10666.61   8968.35     12339   
28302001.00    577        1937       2514       923       11563      12486      12486       1.15       0.29     10854.65   8780.30     12486   
28416584.00    569        1999       2568       931       11501      12432      12432       1.15       0.29     10838.67   8796.29     12432   
28531167.00    564        1931       2495       936       11569      12505      12505       1.15       0.29     10883.65   8751.30     12505   
28645750.00    578        1902       2480       922       11598      12520      12520       1.15       0.28     10899.13   8735.83     12520   
28760333.00    614        2026       2640       886       11474      12360      12360       1.15       0.30     10720.04   8914.91     12360   
28874916.00    600        2096       2696       900       11404      12304      12304       1.16       0.30     10593.33   9041.63     12304   
28989499.00    597        2098       2695       903       11402      12305      12305       1.16       0.30     10573.71   9061.24     12305   
29104082.00    599        2137       2736       901       11363      12264      12264       1.17       0.30     10510.15   9124.81     12264   
29218665.00    574        2014       2588       926       11486      12412      12412       1.16       0.29     10708.84   8926.12     12412   
29333248.00    579        2080       2659       921       11420      12341      12341       1.16       0.30     10645.31   8989.65     12341   
29447831.00    591        2060       2651       909       11440      12349      12349       1.16       0.30     10666.42   8968.54     12349   
29562414.00    612        2200       2812       888       11300      12188      12188       1.17       0.31     10454.22   9180.74     12188   
29676997.00    602        2226       2828       898       11274      12172      12172       1.17       0.31     10415.59   9219.37     12172   
29791580.00    584        2133       2717       916       11367      12283      12283       1.17       0.30     10526.73   9108.22     12283   
29906163.00    579        2100       2679       921       11400      12321      12321       1.17       0.29     10540.81   9094.15     12321   
30020746.00    598        2110       2708       902       11390      12292      12292       1.17       0.30     10488.25   9146.71     12292   
30135329.00    584        2039       2623       916       11461      12377      12377       1.17       0.29     10572.54   9062.42     12377   
30249912.00    570        2084       2654       930       11416      12346      12346       1.16       0.29     10597.73   9037.23     12346   
30364495.00    587        2118       2705       913       11382      12295      12295       1.17       0.30     10507.43   9127.53     12295   
30479078.00    589        2073       2662       911       11427      12338      12338       1.18       0.29     10478.10   9156.86     12338   
30593661.00    567        1958       2525       933       11542      12475      12475       1.17       0.28     10624.36   9010.60     12475   
30708244.00    561        1957       2518       939       11543      12482      12482       1.17       0.28     10697.22   8937.73     12482   
30822827.00    563        1890       2453       937       11610      12547      12547       1.16       0.28     10793.66   8841.30     12547   
30937410.00    598        2069       2667       902       11431      12333      12333       1.17       0.29     10569.04   9065.91     12333   
31051993.00    592        2010       2602       908       11490      12398      12398       1.16       0.29     10662.07   8972.88     12398   
31166576.00    578        2003       2581       922       11497      12419      12419       1.16       0.29     10730.94   8904.01     12419   
31281159.00    593        2007       2600       907       11493      12400      12400       1.16       0.29     10731.43   8903.52     12400   
31395742.00    609        2181       2790       891       11319      12210      12210       1.15       0.31     10573.70   9061.25     12210   
31510325.00    601        2248       2849       899       11252      12151      12151       1.15       0.31     10541.62   9093.33     12151   
31624908.00    633        2363       2996       867       11137      12004      12004       1.16       0.32     10366.59   9268.37     12004   
31739491.00    613        2368       2981       887       11132      12019      12019       1.17       0.32     10309.00   9325.95     12019   
31854074.00    591        2267       2858       909       11233      12142      12142       1.17       0.31     10369.24   9265.72     12142   
31968657.00    601        2117       2718       899       11383      12282      12282       1.18       0.30     10445.49   9189.46     12282   
32083240.00    580        2053       2633       920       11447      12367      12367       1.17       0.29     10554.29   9080.66     12367   
32197823.00    579        1922       2501       921       11578      12499      12499       1.17       0.28     10711.32   8923.64     12499   
32312406.00    562        1891       2453       938       11609      12547      12547       1.16       0.28     10790.67   8844.29     12547   
32426989.00    573        1804       2377       927       11696      12623      12623       1.16       0.27     10845.96   8789.00     12623   
32541572.00    554        1676       2230       946       11824      12770      12770       1.16       0.26     10981.13   8653.82     12770   
32656155.00    553        1704       2257       947       11796      12743      12743       1.15       0.26     11049.09   8585.87     12743   
32770738.00    589        1835       2424       911       11665      12576      12576       1.15       0.28     10935.50   8699.45     12576   
32885321.00    584        1972       2556       916       11528      12444      12444       1.15       0.29     10854.00   8780.96     12444   
32999904.00    616        2010       2626       884       11490      12374      12374       1.14       0.30     10855.34   8779.61     12374   
33114487.00    626        2144       2770       874       11356      12230      12230       1.14       0.31     10702.62   8932.34     12230   
33229070.00    620        2194       2814       880       11306      12186      12186       1.13       0.32     10766.29   8868.66     12186   
33343653.00    651        2370       3021       849       11130      11979      11979       1.14       0.33     10548.51   9086.45     11979   
33458236.00    657        2369       3026       843       11131      11974      11974       1.14       0.33     10471.41   9163.54     11974   
33572819.00    632        2217       2849       868       11283      12151      12151       1.15       0.32     10602.03   9032.93     12151   
33687402.00    623        2176       2799       877       11324      12201      12201       1.16       0.31     10547.14   9087.82     12201   
33801985.00    612        2043       2655       888       11457      12345      12345       1.15       0.30     10710.12   8924.83     12345   
33916568.00    616        2121       2737       884       11379      12263      12263       1.15       0.31     10680.66   8954.29     12263   
34031151.00    614        2137       2751       886       11363      12249      12249       1.15       0.31     10644.98   8989.98     12249   
34145734.00    615        2046       2661       885       11454      12339      12339       1.15       0.30     10690.61   8944.35     12339   
34260317.00    578        2041       2619       922       11459      12381      12381       1.16       0.29     10693.29   8941.67     12381   
34374900.00    601        2035       2636       899       11465      12364      12364       1.15       0.30     10735.81   8899.14     12364   
34489483.00    609        2021       2630       891       11479      12370      12370       1.15       0.30     10742.55   8892.40     12370   
34604066.00    610        2170       2780       890       11330      12220      12220       1.16       0.31     10574.14   9060.82     12220   
34718649.00    633        2336       2969       867       11164      12031      12031       1.17       0.32     10319.44   9315.52     12031   
34833232.00    640        2162       2802       860       11338      12198      12198       1.17       0.30     10434.66   9200.29     12198   
34947815.00    628        2182       2810       872       11318      12190      12190       1.17       0.31     10462.78   9172.18     12190   
35062398.00    612        2063       2675       888       11437      12325      12325       1.16       0.30     10618.35   9016.61     12325   
35176981.00    610        2093       2703       890       11407      12297      12297       1.16       0.30     10609.85   9025.11     12297   
35291564.00    628        2061       2689       872       11439      12311      12311       1.16       0.30     10621.59   9013.37     12311   
35406147.00    625        2031       2656       875       11469      12344      12344       1.16       0.30     10670.23   8964.72     12344   
35520730.00    614        2022       2636       886       11478      12364      12364       1.16       0.29     10671.72   8963.24     12364   
35635313.00    609        2007       2616       891       11493      12384      12384       1.15       0.30     10787.06   8847.90     12384   
35749896.00    602        1907       2509       898       11593      12491      12491       1.15       0.29     10889.46   8745.49     12491   
35864479.00    594        1968       2562       906       11532      12438      12438       1.15       0.29     10842.11   8792.85     12438   
35979062.00    587        1960       2547       913       11540      12453      12453       1.14       0.29     10894.26   8740.69     12453   
36093645.00    574        1902       2476       926       11598      12524      12524       1.14       0.28     10941.82   8693.13     12524   
36208228.00    568        1952       2520       932       11548      12480      12480       1.15       0.29     10860.98   8773.97     12480   
36322811.00    616        2087       2703       884       11413      12297      12297       1.15       0.30     10666.94   8968.02     12297   
36437394.00    644        2199       2843       856       11301      12157      12157       1.15       0.31     10579.77   9055.18     12157   
36551977.00    641        2301       2942       859       11199      12058      12058       1.15       0.32     10451.11   9183.85     12058   
36666560.00    654        2287       2941       846       11213      12059      12059       1.16       0.32     10423.56   9211.40     12059   
36781143.00    636        2169       2805       864       11331      12195      12195       1.16       0.31     10524.98   9109.97     12195   
36895726.00    621        2100       2721       879       11400      12279      12279       1.16       0.30     10617.88   9017.08     12279   
37010309.00    598        1962       2560       902       11538      12440      12440       1.16       0.29     10744.39   8890.56     12440   
37124892.00    571        1902       2473       929       11598      12527      12527       1.15       0.28     10877.10   8757.85     12527   
37239475.00    561        1940       2501       939       11560      12499      12499       1.15       0.29     10878.24   8756.72     12499   
37354058.00    599        2050       2649       901       11450      12351      12351       1.14       0.30     10821.10   8813.86     12351   
37468641.00    606        2138       2744       894       11362      12256      12256       1.14       0.31     10721.62   8913.33     12256   
37583224.00    626        2258       2884       874       11242      12116      12116       1.15       0.32     10511.48   9123.47     12116   
37697807.00    630        2319       2949       870       11181      12051      12051       1.16       0.32     10427.22   9207.73     12051   
37812390.00    638        2260       2898       862       11240      12102      12102       1.15       0.32     10481.20   9153.76     12102   
37926973.00    621        2128       2749       879       11372      12251      12251       1.15       0.31     10654.90   8980.06     12251   
38041556.00    614        2062       2676       886       11438      12324      12324       1.15       0.30     10727.09   8907.87     12324   
38156139.00    602        2077       2679       898       11423      12321      12321       1.15       0.30     10678.93   8956.02     12321   
38270722.00    596        2093       2689       904       11407      12311      12311       1.15       0.30     10690.18   8944.77     12311   
38385305.00    590        2100       2690       910       11400      12310      12310       1.14       0.30     10764.10   8870.86     12310   
38499888.00    629        2300       2929       871       11200      12071      12071       1.15       0.32     10490.48   9144.47     12071   
38614471.00    630        2274       2904       870       11226      12096      12096       1.15       0.32     10505.78   9129.17     12096   
38729054.00    612        2198       2810       888       11302      12190      12190       1.16       0.31     10543.01   9091.95     12190   
38843637.00    589        2180       2769       911       11320      12231      12231       1.15       0.31     10598.89   9036.07     12231   
38958220.00    588        2066       2654       912       11434      12346      12346       1.15       0.30     10702.86   8932.09     12346   
39072803.00    593        2012       2605       907       11488      12395      12395       1.15       0.29     10757.20   8877.76     12395   
39187386.00    591        1962       2553       909       11538      12447      12447       1.15       0.29     10841.54   8793.41     12447   
39301969.00    605        2070       2675       895       11430      12325      12325       1.16       0.30     10614.37   9020.59     12325   
39416552.00    609        1998       2607       891       11502      12393      12393       1.17       0.29     10633.44   9001.51     12393   
39531135.00    603        1947       2550       897       11553      12450      12450       1.16       0.29     10712.08   8922.88     12450   
39645718.00    587        1888       2475       913       11612      12525      12525       1.15       0.28     10891.66   8743.30     12525   
39760301.00    601        1979       2580       899       11521      12420      12420       1.15       0.29     10773.30   8861.66     12420   
39874884.00    600        1944       2544       900       11556      12456      12456       1.15       0.29     10824.96   8810.00     12456   
39989467.00    607        1983       2590       893       11517      12410      12410       1.14       0.30     10864.80   8770.16     12410   
40104050.00    620        2167       2787       880       11333      12213      12213       1.15       0.31     10643.55   8991.41     12213   
40218633.00    648        2243       2891       852       11257      12109      12109       1.15       0.32     10515.42   9119.53     12109   
40333216.00    631        2154       2785       869       11346      12215      12215       1.15       0.31     10600.95   9034.01     12215   
40447799.00    617        2128       2745       883       11372      12255      12255       1.15       0.31     10657.13   8977.82     12255   
40562382.00    633        2130       2763       867       11370      12237      12237       1.15       0.31     10623.95   9011.00     12237   
40676965.00    632        2181       2813       868       11319      12187      12187       1.16       0.31     10547.67   9087.29     12187   
40791548.00    649        2233       2882       851       11267      12118      12118       1.16       0.31     10462.48   9172.48     12118   
40906131.00    657        2302       2959       843       11198      12041      12041       1.15       0.32     10453.67   9181.29     12041   
41020714.00    647        2238       2885       853       11262      12115      12115       1.14       0.32     10593.98   9040.98     12115   
41135297.00    652        2259       2911       848       11241      12089      12089       1.14       0.32     10584.52   9050.43     12089   
41249880.00    645        2179       2824       855       11321      12176      12176       1.14       0.32     10671.54   8963.42     12176   
41364463.00    651        2185       2836       849       11315      12164      12164       1.14       0.32     10646.77   8988.18     12164   
41479046.00    635        2188       2823       865       11312      12177      12177       1.14       0.31     10644.36   8990.60     12177   
41593629.00    630        2221       2851       870       11279      12149      12149       1.15       0.31     10565.01   9069.95     12149   
41708212.00    653        2357       3010       847       11143      11990      11990       1.16       0.32     10343.38   9291.58     11990   
41822795.00    629        2206       2835       871       11294      12165      12165       1.16       0.31     10493.85   9141.10     12165   
41937378.00    622        2163       2785       878       11337      12215      12215       1.16       0.31     10519.81   9115.15     12215   
42051961.00    606        2105       2711       894       11395      12289      12289       1.16       0.30     10623.66   9011.30     12289   
42166544.00    598        2024       2622       902       11476      12378      12378       1.15       0.30     10788.08   8846.88     12378   
42281127.00    607        2207       2814       893       11293      12186      12186       1.15       0.31     10613.23   9021.73     12186   
42395710.00    622        2239       2861       878       11261      12139      12139       1.15       0.32     10596.25   9038.70     12139   
42510293.00    610        2237       2847       890       11263      12153      12153       1.15       0.31     10524.56   9110.39     12153   
42624876.00    609        2187       2796       891       11313      12204      12204       1.15       0.31     10616.02   9018.94     12204   
42739459.00    613        2157       2770       887       11343      12230      12230       1.15       0.31     10654.16   8980.80     12230   
42854042.00    576        2139       2715       924       11361      12285      12285       1.15       0.30     10694.80   8940.15     12285   
42968625.00    590        2114       2704       910       11386      12296      12296       1.15       0.30     10674.42   8960.54     12296   
43083208.00    591        2123       2714       909       11377      12286      12286       1.15       0.30     10664.14   8970.81     12286   
43197791.00    583        2123       2706       917       11377      12294      12294       1.16       0.30     10630.96   9004.00     12294   
43312374.00    573        2110       2683       927       11390      12317      12317       1.15       0.30     10668.73   8966.22     12317   
43426957.00    564        1961       2525       936       11539      12475      12475       1.16       0.28     10747.63   8887.33     12475   
43541540.00    549        1872       2421       951       11628      12579      12579       1.16       0.28     10851.82   8783.14     12579   
43656123.00    558        1859       2417       942       11641      12583      12583       1.16       0.27     10838.03   8796.93     12583   
43770706.00    566        1921       2487       934       11579      12513      12513       1.16       0.28     10815.83   8819.12     12513   
43885289.00    558        2002       2560       942       11498      12440      12440       1.16       0.29     10758.40   8876.55     12440   
43999872.00    570        2037       2607       930       11463      12393      12393       1.15       0.29     10759.51   8875.44     12393   
44114455.00    606        2187       2793       894       11313      12207      12207       1.15       0.31     10603.58   9031.37     12207   
44229038.00    606        2296       2902       894       11204      12098      12098       1.15       0.32     10476.22   9158.73     12098   
44343621.00    598        2254       2852       902       11246      12148      12148       1.16       0.31     10507.19   9127.77     12148   
44458204.00    600        2174       2774       900       11326      12226      12226       1.16       0.31     10577.12   9057.83     12226   
44572787.00    581        2048       2629       919       11452      12371      12371       1.16       0.29     10710.78   8924.17     12371   
44687370.00    583        2122       2705       917       11378      12295      12295       1.16       0.30     10634.24   9000.71     12295   
44801953.00    599        2186       2785       901       11314      12215      12215       1.16       0.31     10512.43   9122.53     12215   
44916536.00    581        2046       2627       919       11454      12373      12373       1.16       0.29     10641.82   8993.13     12373   
45031119.00    575        2063       2638       925       11437      12362      12362       1.16       0.29     10646.29   8988.66     12362   
45145702.00    566        1981       2547       934       11519      12453      12453       1.16       0.29     10752.55   8882.40     12453   
45260285.00    571        2062       2633       929       11438      12367      12367       1.15       0.30     10737.46   8897.49     12367   
45374868.00    574        2047       2621       926       11453      12379      12379       1.15       0.30     10809.25   8825.71     12379   
45489451.00    565        1990       2555       935       11510      12445      12445       1.15       0.29     10867.44   8767.51     12445   
45604034.00    605        2149       2754       895       11351      12246      12246       1.15       0.31     10663.58   8971.37     12246   
45718617.00    610        2316       2926       890       11184      12074      12074       1.15       0.32     10527.23   9107.73     12074   
45833200.00    635        2376       3011       865       11124      11989      11989       1.15       0.33     10420.58   9214.37     11989   
