 Timestep    Gas_A      Gas_B     Gas_tot    Dense_A    Dense_B   Dense_tot   Lg_clust  DP_density GP_density Clust_area  Gas_area     MCS    
   0.00       4500      10500      15000        0          0          0          6         0.00       0.76       0.00     19634.96      0     
 83333.00     4500      10500      15000        0          0          0         325        0.00       0.76       0.00     19634.96      0     
166666.00     4154       9670      13824       346        830        1176       1176       0.95       0.75     1241.09    18393.86     1176   
249999.00     4155       9747      13902       345        753        1098       1098       0.97       0.75     1133.47    18501.49     1098   
333332.00     3856       8709      12565       644        1791       2435       2435       1.00       0.73     2423.73    17211.22     2435   
416665.00     3230       7426      10656       1270       3074       4344       3339       1.02       0.69     4248.20    15386.75     2172   
499998.00     3145       7100      10245       1355       3400       4755       2052       1.04       0.68     4590.20    15044.76     1585   
583331.00     2749       6038       8787       1751       4462       6213       4871       1.03       0.65     6036.71    13598.25     3106   
666664.00     1936       4065       6001       2564       6435       8999       3805       1.04       0.55     8652.74    10982.22     2249   
749997.00     1973       4122       6095       2527       6378       8905       4564       1.05       0.55     8470.71    11164.25     2968   
833330.00     1875       3877       5752       2625       6623       9248       7349       1.05       0.53     8783.02    10851.94     4624   
916663.00     1787       3645       5432       2713       6855       9568       7527       1.07       0.51     8960.68    10674.27     4784   
999996.00     1548       3099       4647       2952       7401      10353       8144       1.07       0.47     9688.60    9946.35      5176   
1083329.00    1556       3027       4583       2944       7473      10417       6417       1.08       0.46     9653.33    9981.62      3472   
1166662.00    1467       2817       4284       3033       7683      10716       6431       1.09       0.44     9849.14    9785.82      3572   
1249995.00    1399       2671       4070       3101       7829      10930       6576       1.09       0.43     10066.00   9568.95      3643   
1333328.00    1290       2445       3735       3210       8055      11265       6908       1.08       0.40     10385.79   9249.17      3755   
1416661.00    1265       2410       3675       3235       8090      11325       9158       1.08       0.40     10469.54   9165.42      5662   
1499994.00    1293       2491       3784       3207       8009      11216       9235       1.08       0.41     10384.74   9250.22      5608   
1583327.00    1400       2770       4170       3100       7730      10830      10830       1.08       0.43     9988.26    9646.70     10830   
1666660.00    1282       2460       3742       3218       8040      11258       9242       1.08       0.41     10402.86   9232.10      5629   
1749993.00    1274       2468       3742       3226       8032      11258      11258       1.09       0.40     10307.93   9327.03     11258   
1833326.00    1219       2225       3444       3281       8275      11556      11556       1.09       0.38     10585.23   9049.73     11556   
1916659.00    1249       2291       3540       3251       8209      11460       5747       1.09       0.39     10525.76   9109.19      5730   
1999992.00    1284       2396       3680       3216       8104      11320       5706       1.09       0.40     10365.13   9269.83      5660   
2083325.00    1342       2544       3886       3158       7956      11114       5624       1.09       0.41     10197.66   9437.29      3704   
2166658.00    1292       2530       3822       3208       7970      11178       5733       1.09       0.41     10285.32   9349.64      3726   
2249991.00    1238       2460       3698       3262       8040      11302       5737       1.09       0.40     10377.85   9257.10      3767   
2333324.00    1260       2517       3777       3240       7983      11223       5847       1.09       0.40     10289.79   9345.16      3741   
2416657.00    1234       2383       3617       3266       8117      11383       5925       1.09       0.39     10430.23   9204.72      3794   
2499990.00    1299       2511       3810       3201       7989      11190       5914       1.09       0.41     10297.07   9337.88      3730   
2583323.00    1311       2555       3866       3189       7945      11134       5838       1.09       0.41     10253.19   9381.77      3711   
2666656.00    1259       2409       3668       3241       8091      11332       5892       1.09       0.40     10443.98   9190.97      3777   
2749989.00    1279       2444       3723       3221       8056      11277       5777       1.09       0.40     10391.87   9243.08      3759   
2833322.00    1357       2552       3909       3143       7948      11091       7651       1.09       0.41     10169.03   9465.93      5545   
2916655.00    1339       2582       3921       3161       7918      11079       7795       1.09       0.41     10165.15   9469.80      5539   
2999988.00    1314       2513       3827       3186       7987      11173       7885       1.10       0.41     10200.05   9434.91      5586   
3083321.00    1279       2415       3694       3221       8085      11306      11306       1.10       0.40     10297.66   9337.30     11306   
3166654.00    1258       2446       3704       3242       8054      11296       8149       1.10       0.40     10260.80   9374.15      5648   
3249987.00    1237       2410       3647       3263       8090      11353       8299       1.10       0.39     10359.85   9275.11      5676   
3333320.00    1187       2236       3423       3313       8264      11577       8511       1.10       0.38     10552.50   9082.45      5788   
3416653.00    1290       2523       3813       3210       7977      11187       5982       1.10       0.40     10161.56   9473.39      3729   
3499986.00    1289       2565       3854       3211       7935      11146       6068       1.10       0.40     10115.57   9519.39      3715   
3583319.00    1307       2555       3862       3193       7945      11138       6127       1.10       0.40     10096.94   9538.02      3712   
3666652.00    1328       2575       3903       3172       7925      11097       6196       1.10       0.41     10063.07   9571.88      3699   
3749985.00    1330       2491       3821       3170       8009      11179       6252       1.10       0.40     10148.48   9486.47      3726   
3833318.00    1315       2459       3774       3185       8041      11226       6283       1.10       0.40     10212.10   9422.85      3742   
3916651.00    1266       2507       3773       3234       7993      11227       6288       1.10       0.40     10191.99   9442.97      3742   
3999984.00    1237       2401       3638       3263       8099      11362       6330       1.10       0.39     10298.70   9336.25      3787   
4083317.00    1188       2365       3553       3312       8135      11447       6348       1.10       0.39     10432.13   9202.83      3815   
4166650.00    1250       2459       3709       3250       8041      11291       6303       1.10       0.40     10266.61   9368.34      3763   
4249983.00    1279       2424       3703       3221       8076      11297       6329       1.10       0.40     10263.87   9371.08      3765   
4333316.00    1236       2410       3646       3264       8090      11354       6305       1.10       0.39     10360.67   9274.28      3784   
4416649.00    1261       2473       3734       3239       8027      11266       6372       1.10       0.40     10286.51   9348.45      3755   
4499982.00    1259       2530       3789       3241       7970      11211       6393       1.09       0.41     10286.90   9348.06      3737   
4583315.00    1261       2416       3677       3239       8084      11323       6562       1.09       0.40     10380.16   9254.80      3774   
4666648.00    1240       2475       3715       3260       8025      11285       6613       1.08       0.40     10410.36   9224.59      3761   
4749981.00    1261       2474       3735       3239       8026      11265       6591       1.08       0.41     10419.01   9215.94      5632   
4833314.00    1257       2475       3732       3243       8025      11268       6609       1.08       0.41     10422.71   9212.24      5634   
4916647.00    1344       2766       4110       3156       7734      10890       6429       1.09       0.43     10002.74   9632.21      3630   
4999980.00    1300       2709       4009       3200       7791      10991       6579       1.09       0.42     10038.20   9596.76      3663   
5083313.00    1264       2537       3801       3236       7963      11199       6594       1.10       0.40     10149.45   9485.50      3733   
5166646.00    1203       2436       3639       3297       8064      11361       6660       1.10       0.39     10286.71   9348.24      3787   
5249979.00    1207       2452       3659       3293       8048      11341       6585       1.10       0.39     10304.20   9330.75      3780   
5333312.00    1196       2354       3550       3304       8146      11450       6679       1.10       0.39     10452.54   9182.41      3816   
5416645.00    1219       2323       3542       3281       8177      11458       6611       1.08       0.39     10574.94   9060.02      3819   
5499978.00    1295       2416       3711       3205       8084      11289       6456       1.09       0.40     10402.57   9232.38      3763   
5583311.00    1342       2530       3872       3158       7970      11128       6291       1.09       0.41     10254.52   9380.43      3709   
5666644.00    1385       2759       4144       3115       7741      10856       6188       1.09       0.43     9996.64    9638.32      3618   
5749977.00    1365       2729       4094       3135       7771      10906       6197       1.08       0.43     10128.93   9506.02      3635   
5833310.00    1408       2758       4166       3092       7742      10834       6183       1.08       0.43     10005.72   9629.23      3611   
5916643.00    1472       2792       4264       3028       7708      10736       6164       1.09       0.44     9841.06    9793.89      3578   
5999976.00    1477       2790       4267       3023       7710      10733       6136       1.09       0.44     9854.78    9780.17      3577   
6083309.00    1399       2686       4085       3101       7814      10915       6228       1.09       0.43     10042.05   9592.91      3638   
6166642.00    1354       2561       3915       3146       7939      11085       6123       1.09       0.41     10196.77   9438.18      3695   
6249975.00    1296       2446       3742       3204       8054      11258       4877       1.09       0.40     10353.87   9281.08      2814   
6333308.00    1305       2416       3721       3195       8084      11279       6320       1.08       0.40     10415.47   9219.48      3759   
6416641.00    1357       2517       3874       3143       7983      11126       6390       1.09       0.41     10236.02   9398.93      3708   
6499974.00    1374       2648       4022       3126       7852      10978       6265       1.10       0.42     10004.95   9630.00      3659   
6583307.00    1304       2545       3849       3196       7955      11151      11151       1.10       0.41     10171.15   9463.80     11151   
6666640.00    1294       2619       3913       3206       7881      11087       6457       1.09       0.41     10143.38   9491.57      5543   
6749973.00    1396       2825       4221       3104       7675      10779       6525       1.10       0.43     9831.45    9803.51      5389   
6833306.00    1384       2794       4178       3116       7706      10822       6601       1.10       0.43     9824.02    9810.93      5411   
6916639.00    1208       2343       3551       3292       8157      11449       6684       1.10       0.38     10380.47   9254.48      5724   
6999972.00    1239       2366       3605       3261       8134      11395       6695       1.10       0.39     10358.08   9276.87      5697   
7083305.00    1232       2389       3621       3268       8111      11379       6754       1.09       0.39     10408.79   9226.16      5689   
7166638.00    1229       2472       3701       3271       8028      11299      11299       1.09       0.40     10401.92   9233.03     11299   
7249971.00    1371       2764       4135       3129       7736      10865       6649       1.09       0.43     9956.90    9678.05      5432   
7333304.00    1322       2649       3971       3178       7851      11029       6714       1.10       0.42     10066.31   9568.65      5514   
7416637.00    1388       2841       4229       3112       7659      10771      10771       1.10       0.43     9754.52    9880.43     10771   
7499970.00    1270       2554       3824       3230       7946      11176      11176       1.10       0.40     10184.89   9450.07     11176   
7583303.00    1238       2494       3732       3262       8006      11268      11268       1.10       0.40     10265.07   9369.89     11268   
7666636.00    1262       2463       3725       3238       8037      11275      11275       1.10       0.40     10289.04   9345.91     11275   
7749969.00    1205       2316       3521       3295       8184      11479       6484       1.09       0.38     10489.27   9145.69      5739   
7833302.00    1150       2401       3551       3350       8099      11449      11449       1.09       0.39     10466.41   9168.55     11449   
7916635.00    1059       2177       3236       3441       8323      11764      11764       1.09       0.37     10827.28   8807.67     11764   
7999968.00    1147       2306       3453       3353       8194      11547      11547       1.09       0.38     10578.14   9056.82     11547   
8083301.00    1191       2353       3544       3309       8147      11456      11456       1.10       0.39     10455.33   9179.62     11456   
8166634.00    1229       2414       3643       3271       8086      11357      11357       1.10       0.39     10366.62   9268.34     11357   
8249967.00    1221       2394       3615       3279       8106      11385      11385       1.10       0.39     10386.28   9248.68     11385   
8333300.00    1152       2215       3367       3348       8285      11633      11633       1.09       0.37     10642.67   8992.28     11633   
8416633.00    1221       2301       3522       3279       8199      11478      11478       1.10       0.38     10480.70   9154.26     11478   
8499966.00    1297       2547       3844       3203       7953      11156      11156       1.09       0.41     10244.60   9390.35     11156   
8583299.00    1269       2522       3791       3231       7978      11209      11209       1.09       0.40     10259.61   9375.34     11209   
8666632.00    1278       2551       3829       3222       7949      11171      11171       1.10       0.40     10162.09   9472.87     11171   
8749965.00    1316       2554       3870       3184       7946      11130      11130       1.10       0.41     10108.51   9526.45     11130   
8833298.00    1303       2521       3824       3197       7979      11176      11176       1.10       0.40     10185.45   9449.50     11176   
8916631.00    1293       2534       3827       3207       7966      11173      11173       1.10       0.40     10140.79   9494.17     11173   
8999964.00    1308       2525       3833       3192       7975      11167      11167       1.10       0.40     10149.06   9485.90     11167   
9083297.00    1330       2554       3884       3170       7946      11116      11116       1.10       0.41     10093.63   9541.32     11116   
9166630.00    1357       2606       3963       3143       7894      11037      11037       1.11       0.41     9968.72    9666.23     11037   
9249963.00    1263       2471       3734       3237       8029      11266      11266       1.10       0.40     10201.12   9433.83     11266   
9333296.00    1287       2457       3744       3213       8043      11256      11256       1.11       0.40     10168.11   9466.84     11256   
9416629.00    1284       2471       3755       3216       8029      11245       7023       1.11       0.40     10138.58   9496.37      5622   
9499962.00    1219       2340       3559       3281       8160      11441       7172       1.12       0.38     10242.16   9392.79      5720   
9583295.00    1146       2086       3232       3354       8414      11768       7305       1.12       0.36     10536.18   9098.78      5884   
9666628.00    1162       2198       3360       3338       8302      11640       7140       1.12       0.36     10425.68   9209.28      5820   
9749961.00    1166       2240       3406       3334       8260      11594       7155       1.12       0.37     10395.17   9239.78      5797   
9833294.00    1203       2315       3518       3297       8185      11482       7076       1.12       0.38     10286.82   9348.13      5741   
9916627.00    1234       2332       3566       3266       8168      11434      11434       1.12       0.38     10228.96   9405.99     11434   
9999960.00    1218       2211       3429       3282       8289      11571      11571       1.12       0.37     10325.07   9309.89     11571   
10083293.00    1238       2335       3573       3262       8165      11427      11427       1.12       0.38     10236.21   9398.75     11427   
10166626.00    1185       2260       3445       3315       8240      11555      11555       1.11       0.37     10415.54   9219.42     11555   
10249959.00    1190       2330       3520       3310       8170      11480      11480       1.11       0.38     10369.06   9265.89     11480   
10333292.00    1181       2344       3525       3319       8156      11475      11475       1.10       0.38     10408.98   9225.98     11475   
10416625.00    1273       2445       3718       3227       8055      11282      11282       1.10       0.40     10245.57   9389.39     11282   
10499958.00    1292       2477       3769       3208       8023      11231      11231       1.10       0.40     10241.42   9393.54     11231   
10583291.00    1288       2534       3822       3212       7966      11178      11178       1.10       0.40     10190.96   9444.00     11178   
10666624.00    1281       2501       3782       3219       7999      11218      11218       1.09       0.40     10245.07   9389.88     11218   
10749957.00    1235       2404       3639       3265       8096      11361      11361       1.10       0.39     10316.81   9318.15     11361   
10833290.00    1253       2451       3704       3247       8049      11296      11296       1.10       0.39     10255.19   9379.76     11296   
10916623.00    1315       2601       3916       3185       7899      11084      11084       1.10       0.41     10038.39   9596.56     11084   
10999956.00    1385       2744       4129       3115       7756      10871      10871       1.11       0.42     9784.98    9849.98     10871   
11083289.00    1287       2506       3793       3213       7994      11207      11207       1.12       0.39     10018.48   9616.48     11207   
11166622.00    1250       2530       3780       3250       7970      11220      11220       1.12       0.39     10035.52   9599.43     11220   
11249955.00    1229       2412       3641       3271       8088      11359      11359       1.11       0.39     10227.11   9407.84     11359   
11333288.00    1186       2347       3533       3314       8153      11467      11467       1.11       0.38     10354.82   9280.14     11467   
11416621.00    1253       2454       3707       3247       8046      11293      11293       1.11       0.39     10190.25   9444.70     11293   
11499954.00    1202       2348       3550       3298       8152      11450      11450       1.11       0.38     10322.51   9312.44     11450   
11583287.00    1527       3091       4618       2973       7409      10382      10382       1.12       0.45     9294.74    10340.21    10382   
11666620.00    1208       2248       3456       3292       8252      11544      11544       1.11       0.37     10366.86   9268.09     11544   
11749953.00    1212       2279       3491       3288       8221      11509      11509       1.11       0.38     10387.72   9247.24     11509   
11833286.00    1213       2320       3533       3287       8180      11467      11467       1.10       0.38     10412.34   9222.61     11467   
11916619.00    1252       2412       3664       3248       8088      11336      11336       1.10       0.39     10262.40   9372.56     11336   
11999952.00    1287       2580       3867       3213       7920      11133      11133       1.11       0.40     10047.80   9587.15     11133   
12083285.00    1344       2631       3975       3156       7869      11025      11025       1.11       0.41     9922.24    9712.71     11025   
12166618.00    1361       2613       3974       3139       7887      11026      11026       1.10       0.41     10004.30   9630.65     11026   
12249951.00    1378       2727       4105       3122       7773      10895      10895       1.11       0.42     9820.52    9814.43     10895   
12333284.00    1377       2703       4080       3123       7797      10920      10920       1.11       0.41     9802.29    9832.67     10920   
12416617.00    1373       2768       4141       3127       7732      10859      10859       1.12       0.42     9729.62    9905.34     10859   
12499950.00    1388       2757       4145       3112       7743      10855      10855       1.11       0.42     9738.07    9896.89     10855   
12583283.00    1411       2743       4154       3089       7757      10846      10846       1.11       0.42     9739.25    9895.71     10846   
12666616.00    1410       2752       4162       3090       7748      10838      10838       1.12       0.42     9711.19    9923.77     10838   
12749949.00    1394       2648       4042       3106       7852      10958      10958       1.12       0.41     9816.34    9818.62     10958   
12833282.00    1355       2559       3914       3145       7941      11086      11086       1.12       0.40     9869.98    9764.98     11086   
12916615.00    1323       2479       3802       3177       8021      11198      11198       1.12       0.39     9989.01    9645.95     11198   
12999948.00    1330       2423       3753       3170       8077      11247      11247       1.12       0.39     10071.52   9563.44     11247   
13083281.00    1255       2295       3550       3245       8205      11450      11450       1.12       0.38     10233.05   9401.91     11450   
13166614.00    1171       2172       3343       3329       8328      11657      11657       1.11       0.37     10484.49   9150.47     11657   
13249947.00    1179       2160       3339       3321       8340      11661      11661       1.11       0.36     10462.01   9172.95     11661   
13333280.00    1175       2204       3379       3325       8296      11621      11621       1.12       0.37     10421.85   9213.10     11621   
13416613.00    1185       2199       3384       3315       8301      11616      11616       1.12       0.37     10365.98   9268.98     11616   
13499946.00    1165       2193       3358       3335       8307      11642      11642       1.11       0.37     10453.75   9181.21     11642   
13583279.00    1185       2276       3461       3315       8224      11539      11539       1.11       0.37     10392.68   9242.28     11539   
13666612.00    1240       2421       3661       3260       8079      11339      11339       1.11       0.39     10175.13   9459.83     11339   
13749945.00    1201       2408       3609       3299       8092      11391      11391       1.12       0.38     10214.64   9420.32     11391   
13833278.00    1131       2237       3368       3369       8263      11632      11632       1.12       0.37     10425.18   9209.77     11632   
13916611.00    1154       2160       3314       3346       8340      11686      11686       1.12       0.36     10435.49   9199.46     11686   
13999944.00    1170       2182       3352       3330       8318      11648      11648       1.11       0.36     10448.92   9186.03     11648   
14083277.00    1110       2147       3257       3390       8353      11743      11743       1.12       0.36     10524.00   9110.96     11743   
14166610.00    1138       2229       3367       3362       8271      11633      11633       1.11       0.37     10470.28   9164.68     11633   
14249943.00    1130       2189       3319       3370       8311      11681       5972       1.11       0.37     10568.64   9066.32      5840   
14333276.00    1166       2238       3404       3334       8262      11596      11596       1.11       0.37     10441.20   9193.75     11596   
14416609.00    1176       2223       3399       3324       8277      11601      11601       1.11       0.37     10416.46   9218.49     11601   
14499942.00    1139       2151       3290       3361       8349      11710      11710       1.12       0.36     10462.95   9172.00     11710   
14583275.00    1117       2118       3235       3383       8382      11765      11765       1.12       0.35     10504.43   9130.52     11765   
14666608.00    1135       2149       3284       3365       8351      11716      11716       1.11       0.36     10528.89   9106.07     11716   
14749941.00    1159       2190       3349       3341       8310      11651      11651       1.11       0.37     10537.54   9097.42     11651   
14833274.00    1104       2146       3250       3396       8354      11750      11750       1.10       0.36     10645.61   8989.34     11750   
14916607.00    1152       2181       3333       3348       8319      11667      11667       1.11       0.37     10548.12   9086.83     11667   
14999940.00    1200       2308       3508       3300       8192      11492      11492       1.10       0.38     10404.97   9229.99     11492   
15083273.00    1178       2229       3407       3322       8271      11593      11593       1.11       0.37     10475.85   9159.10     11593   
15166606.00    1299       2592       3891       3201       7908      11109      11109       1.11       0.40     10008.00   9626.95     11109   
15249939.00    1201       2399       3600       3299       8101      11400      11400       1.11       0.39     10298.46   9336.49     11400   
15333272.00    1264       2557       3821       3236       7943      11179      11179       1.11       0.40     10051.74   9583.22     11179   
15416605.00    1245       2534       3779       3255       7966      11221      11221       1.11       0.40     10071.58   9563.38     11221   
15499938.00    1276       2518       3794       3224       7982      11206      11206       1.12       0.39     9988.04    9646.91     11206   
15583271.00    1262       2442       3704       3238       8058      11296      11296       1.12       0.39     10044.05   9590.90     11296   
15666604.00    1218       2369       3587       3282       8131      11413      11413       1.12       0.38     10222.20   9412.76     11413   
15749937.00    1190       2399       3589       3310       8101      11411      11411       1.12       0.38     10171.74   9463.21     11411   
15833270.00    1172       2278       3450       3328       8222      11550      11550       1.12       0.37     10356.47   9278.49     11550   
15916603.00    1108       2236       3344       3392       8264      11656      11656       1.11       0.36     10460.25   9174.70     11656   
15999936.00    1108       2163       3271       3392       8337      11729      11729       1.11       0.36     10573.84   9061.12     11729   
16083269.00    1153       2201       3354       3347       8299      11646      11646       1.11       0.37     10471.69   9163.27     11646   
16166602.00    1181       2246       3427       3319       8254      11573      11573       1.12       0.37     10353.61   9281.34     11573   
16249935.00    1083       2062       3145       3417       8438      11855      11855       1.11       0.35     10647.24   8987.71     11855   
16333268.00    1069       2088       3157       3431       8412      11843      11843       1.11       0.35     10687.78   8947.17     11843   
16416601.00    1116       2088       3204       3384       8412      11796      11796       1.11       0.35     10604.51   9030.44     11796   
16499934.00    1032       2042       3074       3468       8458      11926      11926       1.11       0.35     10770.68   8864.27     11926   
16583267.00    1135       2152       3287       3365       8348      11713      11713       1.11       0.36     10580.89   9054.06     11713   
16666600.00    1134       2236       3370       3366       8264      11630      11630       1.11       0.37     10518.72   9116.23     11630   
16749933.00    1143       2309       3452       3357       8191      11548      11548       1.10       0.38     10464.37   9170.58     11548   
16833266.00    1109       2274       3383       3391       8226      11617      11617       1.10       0.37     10556.66   9078.29     11617   
16916599.00    1159       2311       3470       3341       8189      11530      11530       1.10       0.38     10437.44   9197.51     11530   
16999932.00    1170       2386       3556       3330       8114      11444      11444       1.11       0.38     10321.81   9313.15     11444   
17083265.00    1204       2437       3641       3296       8063      11359      11359       1.11       0.39     10251.52   9383.43     11359   
17166598.00    1205       2366       3571       3295       8134      11429      11429       1.11       0.38     10317.34   9317.62     11429   
17249931.00    1216       2428       3644       3284       8072      11356      11356       1.12       0.39     10183.55   9451.41     11356   
17333264.00    1134       2270       3404       3366       8230      11596      11596       1.11       0.37     10475.98   9158.97     11596   
17416597.00    1081       2205       3286       3419       8295      11714      11714       1.11       0.36     10570.86   9064.10     11714   
17499930.00    1160       2277       3437       3340       8223      11563      11563       1.11       0.37     10385.12   9249.84     11563   
17583263.00    1162       2261       3423       3338       8239      11577      11577       1.11       0.37     10386.56   9248.39     11577   
17666596.00    1158       2322       3480       3342       8178      11520      11520       1.11       0.38     10386.34   9248.62     11520   
17749929.00    1140       2205       3345       3360       8295      11655      11655       1.11       0.37     10507.94   9127.02     11655   
17833262.00    1108       2126       3234       3392       8374      11766      11766       1.11       0.36     10628.70   9006.26     11766   
17916595.00    1125       2158       3283       3375       8342      11717      11717       1.10       0.36     10628.65   9006.31     11717   
17999928.00    1165       2209       3374       3335       8291      11626      11626       1.11       0.37     10472.01   9162.95     11626   
18083261.00    1180       2251       3431       3320       8249      11569      11569       1.11       0.37     10395.09   9239.87     11569   
18166594.00    1235       2365       3600       3265       8135      11400      11400       1.12       0.38     10184.38   9450.58     11400   
18249927.00    1241       2312       3553       3259       8188      11447      11447       1.12       0.38     10205.03   9429.93     11447   
18333260.00    1208       2301       3509       3292       8199      11491      11491       1.12       0.37     10273.62   9361.34     11491   
18416593.00    1206       2269       3475       3294       8231      11525      11525       1.11       0.38     10373.95   9261.00     11525   
18499926.00    1199       2224       3423       3301       8276      11577      11577       1.11       0.37     10432.71   9202.25     11577   
18583259.00    1277       2373       3650       3223       8127      11350      11350       1.10       0.39     10276.73   9358.23     11350   
18666592.00    1278       2484       3762       3222       8016      11238      11238       1.11       0.40     10152.14   9482.81     11238   
18749925.00    1196       2454       3650       3304       8046      11350      11350       1.11       0.39     10204.64   9430.32     11350   
18833258.00    1232       2397       3629       3268       8103      11371      11371       1.12       0.38     10152.81   9482.15     11371   
18916591.00    1202       2400       3602       3298       8100      11398      11398       1.12       0.38     10199.16   9435.80     11398   
18999924.00    1201       2244       3445       3299       8256      11555      11555       1.12       0.37     10325.55   9309.41     11555   
19083257.00    1144       2205       3349       3356       8295      11651      11651       1.12       0.36     10410.27   9224.68     11651   
19166590.00    1098       2138       3236       3402       8362      11764      11764       1.12       0.35     10510.24   9124.71     11764   
19249923.00    1146       2266       3412       3354       8234      11588      11588       1.13       0.36     10274.96   9360.00     11588   
19333256.00    1155       2266       3421       3345       8234      11579      11579       1.12       0.37     10307.21   9327.75     11579   
19416589.00    1147       2246       3393       3353       8254      11607      11607       1.11       0.37     10417.63   9217.33     11607   
19499922.00    1158       2162       3320       3342       8338      11680      11680       1.11       0.36     10512.79   9122.16     11680   
19583255.00    1203       2234       3437       3297       8266      11563      11563       1.11       0.37     10398.17   9236.79     11563   
19666588.00    1161       2198       3359       3339       8302      11641      11641       1.11       0.37     10495.89   9139.06     11641   
19749921.00    1165       2202       3367       3335       8298      11633      11633       1.11       0.37     10465.07   9169.89     11633   
19833254.00    1224       2289       3513       3276       8211      11487      11487       1.12       0.37     10237.15   9397.80     11487   
19916587.00    1186       2320       3506       3314       8180      11494      11494       1.13       0.37     10203.94   9431.02     11494   
19999920.00    1231       2447       3678       3269       8053      11322      11322       1.13       0.38     10020.61   9614.34     11322   
20083253.00    1182       2344       3526       3318       8156      11474      11474       1.13       0.37     10187.63   9447.33     11474   
20166586.00    1219       2373       3592       3281       8127      11408      11408       1.12       0.38     10188.87   9446.08     11408   
20249919.00    1177       2247       3424       3323       8253      11576      11576       1.12       0.37     10332.21   9302.75     11576   
20333252.00    1151       2270       3421       3349       8230      11579      11579       1.12       0.37     10331.54   9303.41     11579   
20416585.00    1155       2169       3324       3345       8331      11676      11676       1.12       0.36     10411.37   9223.59     11676   
20499918.00    1227       2284       3511       3273       8216      11489      11489       1.13       0.37     10207.20   9427.75     11489   
20583251.00    1173       2193       3366       3327       8307      11634      11634       1.12       0.36     10381.32   9253.64     11634   
20666584.00    1194       2148       3342       3306       8352      11658      11658       1.11       0.36     10476.84   9158.11     11658   
20749917.00    1186       2254       3440       3314       8246      11560      11560       1.12       0.37     10332.63   9302.32     11560   
20833250.00    1235       2333       3568       3265       8167      11432      11432       1.13       0.38     10161.49   9473.46     11432   
20916583.00    1198       2277       3475       3302       8223      11525      11525       1.12       0.37     10303.81   9331.14     11525   
20999916.00    1266       2283       3549       3234       8217      11451      11451       1.12       0.38     10234.42   9400.54     11451   
21083249.00    1248       2340       3588       3252       8160      11412      11412       1.11       0.38     10242.08   9392.88     11412   
21166582.00    1280       2375       3655       3220       8125      11345      11345       1.11       0.39     10218.31   9416.64     11345   
21249915.00    1311       2464       3775       3189       8036      11225      11225       1.11       0.39     10069.55   9565.41     11225   
21333248.00    1330       2503       3833       3170       7997      11167      11167       1.12       0.40     9937.89    9697.06     11167   
21416581.00    1278       2404       3682       3222       8096      11318      11318       1.13       0.38     9993.47    9641.48     11318   
21499914.00    1358       2610       3968       3142       7890      11032      11032       1.14       0.40     9663.76    9971.19     11032   
21583247.00    1315       2497       3812       3185       8003      11188      11188       1.14       0.39     9812.03    9822.92     11188   
21666580.00    1375       2582       3957       3125       7918      11043      11043       1.15       0.40     9627.09    10007.87    11043   
21749913.00    1281       2412       3693       3219       8088      11307      11307       1.14       0.38     9927.03    9707.92     11307   
21833246.00    1281       2380       3661       3219       8120      11339      11339       1.14       0.38     9939.03    9695.92     11339   
21916579.00    1219       2239       3458       3281       8261      11542      11542       1.14       0.36     10136.27   9498.68     11542   
21999912.00    1211       2292       3503       3289       8208      11497      11497       1.13       0.37     10133.41   9501.55     11497   
22083245.00    1193       2225       3418       3307       8275      11582      11582       1.13       0.37     10271.08   9363.88     11582   
22166578.00    1170       2246       3416       3330       8254      11584      11584       1.12       0.37     10311.10   9323.86     11584   
22249911.00    1182       2269       3451       3318       8231      11549      11549       1.12       0.37     10286.64   9348.32     11549   
22333244.00    1197       2275       3472       3303       8225      11528      11528       1.12       0.37     10248.66   9386.30     11528   
22416577.00    1174       2202       3376       3326       8298      11624      11624       1.13       0.36     10326.47   9308.48     11624   
22499910.00    1130       2168       3298       3370       8332      11702      11702       1.13       0.36     10364.17   9270.79     11702   
22583243.00    1072       2093       3165       3428       8407      11835      11835       1.13       0.35     10492.93   9142.02     11835   
22666576.00    1083       2044       3127       3417       8456      11873      11873       1.12       0.34     10566.98   9067.98     11873   
22749909.00    1103       2065       3168       3397       8435      11832      11832       1.11       0.35     10614.17   9020.79     11832   
22833242.00    1116       2140       3256       3384       8360      11744      11744       1.11       0.36     10608.40   9026.55     11744   
22916575.00    1188       2202       3390       3312       8298      11610      11610       1.11       0.37     10454.90   9180.05     11610   
22999908.00    1180       2294       3474       3320       8206      11526      11526       1.12       0.37     10323.64   9311.32     11526   
23083241.00    1141       2190       3331       3359       8310      11669      11669       1.12       0.36     10450.64   9184.32     11669   
23166574.00    1110       2157       3267       3390       8343      11733      11733       1.12       0.36     10500.89   9134.07     11733   
23249907.00    1149       2228       3377       3351       8272      11623      11623       1.12       0.36     10346.55   9288.40     11623   
23333240.00    1135       2232       3367       3365       8268      11633      11633       1.12       0.36     10345.79   9289.16     11633   
23416573.00    1171       2301       3472       3329       8199      11528      11528       1.12       0.37     10250.68   9384.27     11528   
23499906.00    1145       2184       3329       3355       8316      11671      11671       1.12       0.36     10388.30   9246.65     11671   
23583239.00    1098       2121       3219       3402       8379      11781      11781       1.12       0.35     10478.91   9156.04     11781   
23666572.00    1059       2019       3078       3441       8481      11922      11922       1.12       0.34     10613.58   9021.38     11922   
23749905.00    1081       2026       3107       3419       8474      11893      11893       1.11       0.35     10687.43   8947.52     11893   
23833238.00    1068       2066       3134       3432       8434      11866      11866       1.10       0.35     10772.75   8862.21     11866   
23916571.00    1101       2169       3270       3399       8331      11730      11730       1.11       0.36     10594.44   9040.52     11730   
23999904.00    1094       2123       3217       3406       8377      11783      11783       1.11       0.36     10579.80   9055.16     11783   
24083237.00    1090       2063       3153       3410       8437      11847      11847       1.12       0.35     10588.34   9046.62     11847   
24166570.00    1064       2039       3103       3436       8461      11897      11897       1.11       0.35     10685.84   8949.12     11897   
24249903.00    1135       2044       3179       3365       8456      11821      11821       1.12       0.35     10569.41   9065.55     11821   
24333236.00    1180       2108       3288       3320       8392      11712      11712       1.12       0.36     10487.27   9147.69     11712   
24416569.00    1169       2069       3238       3331       8431      11762      11762       1.11       0.36     10550.87   9084.09     11762   
24499902.00    1132       2063       3195       3368       8437      11805      11805       1.12       0.35     10563.67   9071.29     11805   
24583235.00    1171       2137       3308       3329       8363      11692      11692       1.12       0.36     10475.64   9159.32     11692   
24666568.00    1175       2162       3337       3325       8338      11663      11663       1.12       0.36     10425.27   9209.69     11663   
24749901.00    1139       2149       3288       3361       8351      11712      11712       1.12       0.36     10432.42   9202.53     11712   
24833234.00    1110       2100       3210       3390       8400      11790      11790       1.12       0.35     10504.16   9130.79     11790   
24916567.00    1096       2060       3156       3404       8440      11844      11844       1.12       0.35     10601.47   9033.49     11844   
24999900.00    1085       1966       3051       3415       8534      11949      11949       1.11       0.34     10776.04   8858.92     11949   
25083233.00    1084       2012       3096       3416       8488      11904      11904       1.11       0.35     10754.11   8880.84     11904   
25166566.00    1088       2053       3141       3412       8447      11859      11859       1.11       0.35     10691.82   8943.14     11859   
25249899.00    1057       2026       3083       3443       8474      11917      11917       1.11       0.35     10727.30   8907.65     11917   
25333232.00    1106       2108       3214       3394       8392      11786      11786       1.12       0.35     10561.46   9073.50     11786   
25416565.00    1118       2116       3234       3382       8384      11766      11766       1.11       0.36     10612.66   9022.29     11766   
25499898.00    1173       2237       3410       3327       8263      11590      11590       1.12       0.37     10392.05   9242.90     11590   
25583231.00    1193       2221       3414       3307       8279      11586      11586       1.12       0.37     10363.04   9271.91     11586   
25666564.00    1210       2214       3424       3290       8286      11576      11576       1.12       0.37     10316.55   9318.40     11576   
25749897.00    1182       2132       3314       3318       8368      11686      11686       1.12       0.36     10425.90   9209.06     11686   
25833230.00    1200       2158       3358       3300       8342      11642      11642       1.12       0.36     10411.99   9222.97     11642   
25916563.00    1196       2157       3353       3304       8343      11647      11647       1.12       0.36     10426.31   9208.64     11647   
25999896.00    1183       2100       3283       3317       8400      11717      11717       1.12       0.36     10457.75   9177.20     11717   
26083229.00    1134       2109       3243       3366       8391      11757      11757       1.12       0.36     10503.19   9131.76     11757   
26166562.00    1141       2141       3282       3359       8359      11718      11718       1.12       0.36     10444.42   9190.54     11718   
26249895.00    1159       2162       3321       3341       8338      11679      11679       1.13       0.36     10371.04   9263.92     11679   
26333228.00    1144       2065       3209       3356       8435      11791      11791       1.12       0.35     10501.31   9133.65     11791   
26416561.00    1066       1927       2993       3434       8573      12007      12007       1.12       0.34     10717.25   8917.70     12007   
26499894.00    1092       1981       3073       3408       8519      11927      11927       1.12       0.34     10654.18   8980.78     11927   
26583227.00    1082       1993       3075       3418       8507      11925      11925       1.12       0.34     10631.94   9003.01     11925   
26666560.00    1149       2107       3256       3351       8393      11744      11744       1.13       0.35     10398.12   9236.83     11744   
26749893.00    1093       1954       3047       3407       8546      11953      11953       1.13       0.34     10595.55   9039.41     11953   
26833226.00    1071       1961       3032       3429       8539      11968      11968       1.12       0.34     10653.79   8981.16     11968   
26916559.00    1089       2021       3110       3411       8479      11890      11890       1.12       0.35     10662.61   8972.35     11890   
26999892.00    1182       2255       3437       3318       8245      11563      11563       1.12       0.37     10314.87   9320.09     11563   
27083225.00    1123       2140       3263       3377       8360      11737      11737       1.13       0.35     10400.66   9234.29     11737   
27166558.00    1119       2057       3176       3381       8443      11824      11824       1.12       0.35     10519.81   9115.15     11824   
27249891.00    1117       2090       3207       3383       8410      11793      11793       1.12       0.35     10517.42   9117.53     11793   
27333224.00    1140       2077       3217       3360       8423      11783      11783       1.12       0.35     10511.87   9123.09     11783   
27416557.00    1126       2149       3275       3374       8351      11725      11725       1.12       0.36     10503.21   9131.75     11725   
27499890.00    1189       2270       3459       3311       8230      11541      11541       1.12       0.37     10294.72   9340.24     11541   
27583223.00    1155       2198       3353       3345       8302      11647      11647       1.13       0.36     10330.40   9304.56     11647   
27666556.00    1155       2162       3317       3345       8338      11683      11683       1.13       0.36     10349.06   9285.90     11683   
27749889.00    1103       2081       3184       3397       8419      11816      11816       1.13       0.35     10450.94   9184.02     11816   
27833222.00    1054       1956       3010       3446       8544      11990      11990       1.13       0.33     10607.32   9027.64     11990   
27916555.00    1027       1929       2956       3473       8571      12044      12044       1.13       0.33     10664.36   8970.59     12044   
27999888.00    1062       1947       3009       3438       8553      11991      11991       1.13       0.33     10600.98   9033.97     11991   
28083221.00    1062       1933       2995       3438       8567      12005      12005       1.13       0.33     10632.87   9002.09     12005   
28166554.00    1033       1884       2917       3467       8616      12083      12083       1.12       0.33     10754.44   8880.51     12083   
28249887.00    1030       2011       3041       3470       8489      11959      11959       1.12       0.34     10690.45   8944.51     11959   
28333220.00    1021       1989       3010       3479       8511      11990      11990       1.12       0.34     10733.49   8901.46     11990   
28416553.00    1030       1964       2994       3470       8536      12006      12006       1.11       0.34     10820.84   8814.11     12006   
28499886.00    1129       2140       3269       3371       8360      11731      11731       1.11       0.36     10535.95   9099.01     11731   
28583219.00    1106       2104       3210       3394       8396      11790      11790       1.12       0.35     10563.78   9071.18     11790   
28666552.00    1082       2001       3083       3418       8499      11917      11917       1.11       0.34     10693.99   8940.97     11917   
28749885.00    1053       1949       3002       3447       8551      11998      11998       1.11       0.34     10766.73   8868.23     11998   
28833218.00    1021       1928       2949       3479       8572      12051      12051       1.12       0.33     10758.74   8876.22     12051   
28916551.00    1070       1864       2934       3430       8636      12066      12066       1.12       0.33     10787.77   8847.18     12066   
28999884.00    1066       1867       2933       3434       8633      12067      12067       1.11       0.33     10835.97   8798.98     12067   
29083217.00    1088       1940       3028       3412       8560      11972      11972       1.11       0.34     10785.46   8849.50     11972   
29166550.00    1149       2004       3153       3351       8496      11847      11847       1.11       0.35     10677.04   8957.91     11847   
29249883.00    1087       1966       3053       3413       8534      11947      11947       1.12       0.34     10680.05   8954.90     11947   
29333216.00    1064       1962       3026       3436       8538      11974      11974       1.12       0.34     10736.71   8898.25     11974   
29416549.00    1095       2040       3135       3405       8460      11865      11865       1.12       0.35     10629.07   9005.88     11865   
29499882.00    1087       1969       3056       3413       8531      11944      11944       1.12       0.34     10678.17   8956.78     11944   
29583215.00    1102       2100       3202       3398       8400      11798      11798       1.12       0.35     10543.06   9091.90     11798   
29666548.00    1137       2107       3244       3363       8393      11756      11756       1.12       0.35     10494.01   9140.95     11756   
29749881.00    1096       2074       3170       3404       8426      11830      11830       1.12       0.35     10520.04   9114.92     11830   
29833214.00    1089       2110       3199       3411       8390      11801      11801       1.12       0.35     10542.32   9092.64     11801   
29916547.00    1107       2053       3160       3393       8447      11840      11840       1.12       0.35     10559.13   9075.82     11840   
29999880.00    1087       2027       3114       3413       8473      11886      11886       1.11       0.35     10674.43   8960.52     11886   
30083213.00    1127       2049       3176       3373       8451      11824      11824       1.11       0.35     10620.63   9014.33     11824   
30166546.00    1130       2166       3296       3370       8334      11704      11704       1.11       0.36     10583.05   9051.90     11704   
30249879.00    1209       2284       3493       3291       8216      11507      11507       1.11       0.38     10322.07   9312.89     11507   
30333212.00    1140       2241       3381       3360       8259      11619      11619       1.12       0.37     10392.92   9242.03     11619   
30416545.00    1207       2347       3554       3293       8153      11446      11446       1.12       0.38     10194.35   9440.60     11446   
30499878.00    1253       2402       3655       3247       8098      11345      11345       1.12       0.38     10118.41   9516.54     11345   
30583211.00    1218       2316       3534       3282       8184      11466      11466       1.12       0.38     10235.56   9399.40     11466   
30666544.00    1224       2245       3469       3276       8255      11531      11531       1.11       0.37     10375.46   9259.50     11531   
30749877.00    1162       2269       3431       3338       8231      11569      11569       1.12       0.37     10306.62   9328.34     11569   
30833210.00    1139       2117       3256       3361       8383      11744      11744       1.12       0.36     10493.72   9141.23     11744   
30916543.00    1148       2138       3286       3352       8362      11714      11714       1.12       0.36     10458.55   9176.41     11714   
30999876.00    1133       2073       3206       3367       8427      11794      11794       1.12       0.35     10568.28   9066.67     11794   
31083209.00    1239       2228       3467       3261       8272      11533      11533       1.12       0.37     10335.79   9299.16     11533   
31166542.00    1226       2275       3501       3274       8225      11499      11499       1.12       0.38     10305.98   9328.97     11499   
31249875.00    1209       2254       3463       3291       8246      11537      11537       1.12       0.37     10337.44   9297.52     11537   
31333208.00    1185       2220       3405       3315       8280      11595      11595       1.12       0.37     10347.45   9287.50     11595   
31416541.00    1232       2351       3583       3268       8149      11417      11417       1.12       0.38     10168.24   9466.72     11417   
31499874.00    1219       2345       3564       3281       8155      11436      11436       1.12       0.38     10204.66   9430.30     11436   
31583207.00    1172       2264       3436       3328       8236      11564      11564       1.12       0.37     10345.77   9289.19     11564   
31666540.00    1202       2297       3499       3298       8203      11501      11501       1.12       0.37     10255.95   9379.01     11501   
31749873.00    1216       2300       3516       3284       8200      11484      11484       1.12       0.38     10267.72   9367.24     11484   
31833206.00    1172       2256       3428       3328       8244      11572      11572       1.11       0.37     10388.67   9246.29     11572   
31916539.00    1174       2201       3375       3326       8299      11625      11625       1.11       0.37     10440.15   9194.81     11625   
31999872.00    1284       2462       3746       3216       8038      11254      11254       1.12       0.39     10081.97   9552.99     11254   
32083205.00    1204       2276       3480       3296       8224      11520      11520       1.12       0.37     10331.74   9303.21     11520   
32166538.00    1207       2409       3616       3293       8091      11384      11384       1.13       0.38     10104.18   9530.77     11384   
32249871.00    1216       2328       3544       3284       8172      11456      11456       1.12       0.38     10237.80   9397.16     11456   
32333204.00    1339       2653       3992       3161       7847      11008      11008       1.12       0.41     9802.18    9832.78     11008   
32416537.00    1212       2252       3464       3288       8248      11536      11536       1.12       0.37     10292.00   9342.95     11536   
32499870.00    1208       2233       3441       3292       8267      11559      11559       1.12       0.37     10340.63   9294.32     11559   
32583203.00    1185       2287       3472       3315       8213      11528      11528       1.11       0.37     10352.74   9282.22     11528   
32666536.00    1273       2340       3613       3227       8160      11387      11387       1.12       0.38     10204.09   9430.87     11387   
32749869.00    1321       2400       3721       3179       8100      11279      11279       1.12       0.39     10058.66   9576.30     11279   
32833202.00    1287       2301       3588       3213       8199      11412      11412       1.12       0.38     10166.57   9468.39     11412   
32916535.00    1355       2508       3863       3145       7992      11137      11137       1.12       0.40     9966.03    9668.93     11137   
32999868.00    1293       2348       3641       3207       8152      11359      11359       1.12       0.38     10123.60   9511.36     11359   
33083201.00    1287       2399       3686       3213       8101      11314      11314       1.13       0.38     10008.58   9626.37     11314   
33166534.00    1291       2378       3669       3209       8122      11331      11331       1.13       0.38     10061.91   9573.05     11331   
33249867.00    1237       2295       3532       3263       8205      11468      11468       1.13       0.37     10186.50   9448.46     11468   
33333200.00    1179       2173       3352       3321       8327      11648      11648       1.12       0.36     10397.16   9237.79     11648   
