 Timestep    Gas_A      Gas_B     Gas_tot    Dense_A    Dense_B   Dense_tot   Lg_clust  DP_density GP_density Clust_area  Gas_area     MCS    
   0.00       9000       6000      15000        0          0          0          4         0.00       0.76       0.00     19634.96      0     
135416.00     9000       6000      15000        0          0          0         141        0.00       0.76       0.00     19634.96      0     
270832.00     9000       6000      15000        0          0          0         286        0.00       0.76       0.00     19634.96      0     
406248.00     9000       6000      15000        0          0          0         686        0.00       0.76       0.00     19634.96      0     
541664.00     9000       6000      15000        0          0          0         750        0.00       0.76       0.00     19634.96      0     
677080.00     9000       6000      15000        0          0          0         769        0.00       0.76       0.00     19634.96      0     
812496.00     9000       6000      15000        0          0          0         882        0.00       0.76       0.00     19634.96      0     
947912.00     9000       6000      15000        0          0          0         948        0.00       0.76       0.00     19634.96      0     
1083328.00    7360       4464      11824       1640       1536       3176       1104       1.03       0.71     3071.07    16563.89     1058   
1218744.00    7650       4661      12311       1350       1339       2689       1428       1.03       0.72     2610.26    17024.70     1344   
1354160.00    6801       3785      10586       2199       2215       4414       2100       1.03       0.69     4286.89    15348.07     1471   
1489576.00    6869       3811      10680       2131       2189       4320       2961       1.03       0.69     4198.36    15436.59     2160   
1624992.00    6910       3880      10790       2090       2120       4210       1692       1.04       0.69     4061.81    15573.15     1403   
1760408.00    6810       3944      10754       2190       2056       4246       3231       1.04       0.69     4067.84    15567.11     2123   
1895824.00    6852       3889      10741       2148       2111       4259       3039       1.05       0.69     4052.59    15582.36     2129   
2031240.00    7472       4596      12068       1528       1404       2932       2932       1.05       0.72     2779.45    16855.50     2932   
2166656.00    6891       3899      10790       2109       2101       4210       4210       1.06       0.69     3975.08    15659.87     4210   
2302072.00    6810       3910      10720       2190       2090       4280       2523       1.07       0.69     4007.14    15627.82     2140   
2437488.00    6622       3670      10292       2378       2330       4708       4708       1.07       0.68     4403.29    15231.67     4708   
2572904.00    6496       3572      10068       2504       2428       4932       2664       1.06       0.67     4633.51    15001.45     2466   
2708320.00    6509       3506      10015       2491       2494       4985       4985       1.08       0.67     4613.20    15021.75     4985   
2843736.00    6233       3268       9501       2767       2732       5499       5499       1.07       0.65     5125.32    14509.63     5499   
2979152.00    6322       3332       9654       2678       2668       5346       5346       1.07       0.66     5008.57    14626.38     5346   
3114568.00    6265       3285       9550       2735       2715       5450       5450       1.07       0.66     5109.00    14525.96     5450   
3249984.00    6274       3419       9693       2726       2581       5307       5307       1.06       0.66     5006.94    14628.01     5307   
3385400.00    5977       3123       9100       3023       2877       5900       3636       1.07       0.65     5534.78    14100.18     2950   
3520816.00    6282       3326       9608       2718       2674       5392       3675       1.07       0.66     5029.18    14605.78     2696   
3656232.00    6126       3233       9359       2874       2767       5641       3917       1.06       0.65     5322.46    14312.49     2820   
3791648.00    6217       3237       9454       2783       2763       5546       3681       1.07       0.65     5183.86    14451.10     2773   
3927064.00    6200       3209       9409       2800       2791       5591       3676       1.06       0.65     5266.12    14368.83     2795   
4062480.00    6305       3253       9558       2695       2747       5442       3538       1.06       0.66     5148.06    14486.89     2721   
4197896.00    6355       3369       9724       2645       2631       5276       5276       1.07       0.66     4948.13    14686.83     5276   
4333312.00    6385       3351       9736       2615       2649       5264       3477       1.07       0.66     4934.03    14700.93     2632   
4468728.00    6120       3220       9340       2880       2780       5660       3807       1.07       0.65     5279.82    14355.14     2830   
4604144.00    6659       3580      10239       2341       2420       4761       3016       1.08       0.67     4407.41    15227.55     2380   
4739560.00    6178       3177       9355       2822       2823       5645       3984       1.07       0.65     5278.35    14356.61     2822   
4874976.00    6193       3123       9316       2807       2877       5684       3917       1.07       0.65     5299.25    14335.70     2842   
5010392.00    6381       3294       9675       2619       2706       5325       3523       1.08       0.66     4942.76    14692.20     2662   
5145808.00    6193       3138       9331       2807       2862       5669       3697       1.08       0.65     5257.94    14377.02     2834   
5281224.00    5855       2957       8812       3145       3043       6188       6188       1.08       0.63     5736.22    13898.73     6188   
5416640.00    5804       2945       8749       3196       3055       6251       3757       1.07       0.63     5817.36    13817.59     3125   
5552056.00    5609       2716       8325       3391       3284       6675       6675       1.08       0.62     6206.04    13428.92     6675   
5687472.00    5622       2633       8255       3378       3367       6745       6745       1.08       0.62     6234.65    13400.30     6745   
5822888.00    5749       2583       8332       3251       3417       6668       6668       1.08       0.62     6153.94    13481.01     6668   
5958304.00    5943       2814       8757       3057       3186       6243       3398       1.08       0.63     5765.30    13869.65     3121   
6093720.00    5968       2798       8766       3032       3202       6234       3316       1.08       0.63     5783.77    13851.19     3117   
6229136.00    6020       2842       8862       2980       3158       6138       3121       1.08       0.64     5705.88    13929.07     3069   
6364552.00    5802       2655       8457       3198       3345       6543       3468       1.07       0.62     6102.55    13532.41     3271   
6499968.00    6149       2971       9120       2851       3029       5880       3263       1.07       0.64     5486.15    14148.80     2940   
6635384.00    6142       2976       9118       2858       3024       5882       3284       1.07       0.65     5498.82    14136.13     2941   
6770800.00    6223       3136       9359       2777       2864       5641       2943       1.07       0.65     5248.34    14386.62     2820   
6906216.00    6287       3257       9544       2713       2743       5456       2882       1.08       0.65     5062.13    14572.83     2728   
7041632.00    6027       2965       8992       2973       3035       6008       3148       1.07       0.64     5622.19    14012.76     3004   
7177048.00    6090       3094       9184       2910       2906       5816       2985       1.08       0.64     5368.26    14266.69     2908   
7312464.00    6035       2968       9003       2965       3032       5997       3013       1.08       0.64     5561.30    14073.66     2998   
7447880.00    6020       3069       9089       2980       2931       5911       3261       1.08       0.64     5475.00    14159.95     2955   
7583296.00    5825       2907       8732       3175       3093       6268       3388       1.08       0.63     5811.77    13823.18     3134   
7718712.00    5768       3008       8776       3232       2992       6224       6224       1.08       0.63     5753.34    13881.61     6224   
7854128.00    5637       2893       8530       3363       3107       6470       6470       1.08       0.62     5978.15    13656.81     6470   
7989544.00    5578       2893       8471       3422       3107       6529       3831       1.08       0.62     6059.95    13575.01     3264   
8124960.00    5702       2875       8577       3298       3125       6423       3732       1.07       0.63     5981.47    13653.48     3211   
8260376.00    5715       2847       8562       3285       3153       6438       3839       1.09       0.62     5905.26    13729.69     3219   
8395792.00    5646       2722       8368       3354       3278       6632       3881       1.09       0.62     6097.90    13537.05     3316   
8531208.00    5528       2675       8203       3472       3325       6797       6797       1.09       0.61     6241.31    13393.64     6797   
8666624.00    5444       2635       8079       3556       3365       6921       6921       1.09       0.61     6327.81    13307.15     6921   
8802040.00    5430       2550       7980       3570       3450       7020       7020       1.09       0.61     6445.69    13189.26     7020   
8937456.00    5364       2478       7842       3636       3522       7158       7158       1.09       0.60     6574.51    13060.45     7158   
9072872.00    5300       2303       7603       3700       3697       7397       4601       1.08       0.59     6826.28    12808.68     3698   
9208288.00    5386       2494       7880       3614       3506       7120       4583       1.09       0.60     6520.58    13114.37     3560   
9343704.00    5406       2478       7884       3594       3522       7116       7116       1.08       0.60     6560.48    13074.48     7116   
9479120.00    5568       2661       8229       3432       3339       6771       6771       1.08       0.62     6261.12    13373.83     6771   
9614536.00    5407       2518       7925       3593       3482       7075       7075       1.09       0.60     6518.20    13116.75     7075   
9749952.00    5471       2538       8009       3529       3462       6991       6991       1.08       0.61     6450.49    13184.46     6991   
9885368.00    5413       2518       7931       3587       3482       7069       7069       1.08       0.60     6524.62    13110.33     7069   
10020784.00    5460       2617       8077       3540       3383       6923       6923       1.07       0.61     6440.13    13194.83     6923   
10156200.00    5522       2689       8211       3478       3311       6789       6789       1.07       0.62     6371.09    13263.86     6789   
10291616.00    5725       2933       8658       3275       3067       6342       3486       1.07       0.63     5916.03    13718.92     3171   
10427032.00    5826       2968       8794       3174       3032       6206       3689       1.07       0.64     5794.89    13840.07     3103   
10562448.00    5823       2995       8818       3177       3005       6182       3528       1.07       0.64     5765.59    13869.36     3091   
10697864.00    5659       2846       8505       3341       3154       6495       4043       1.08       0.63     6029.40    13605.56     3247   
10833280.00    5597       2773       8370       3403       3227       6630       4299       1.08       0.62     6134.61    13500.35     3315   
10968696.00    5455       2667       8122       3545       3333       6878       4278       1.08       0.61     6347.70    13287.25     3439   
11104112.00    5704       2829       8533       3296       3171       6467       4400       1.10       0.62     5889.90    13745.05     3233   
11239528.00    5211       2349       7560       3789       3651       7440       4597       1.10       0.59     6788.02    12846.93     3720   
11374944.00    5503       2560       8063       3497       3440       6937       4348       1.10       0.61     6321.62    13313.33     3468   
11510360.00    5313       2399       7712       3687       3601       7288       4588       1.09       0.60     6696.86    12938.09     3644   
11645776.00    5555       2623       8178       3445       3377       6822       4685       1.09       0.61     6236.16    13398.80     3411   
11781192.00    5269       2459       7728       3731       3541       7272       4842       1.09       0.60     6678.70    12956.25     3636   
11916608.00    5144       2327       7471       3856       3673       7529       7529       1.07       0.59     7022.04    12612.91     7529   
12052024.00    5444       2592       8036       3556       3408       6964       6964       1.08       0.61     6430.67    13204.28     6964   
12187440.00    5488       2561       8049       3512       3439       6951       6951       1.08       0.61     6439.99    13194.97     6951   
12322856.00    5455       2574       8029       3545       3426       6971       6971       1.08       0.61     6458.40    13176.55     6971   
12458272.00    5380       2573       7953       3620       3427       7047       7047       1.08       0.61     6553.45    13081.51     7047   
12593688.00    5240       2528       7768       3760       3472       7232       7232       1.07       0.60     6778.64    12856.31     7232   
12729104.00    5524       2710       8234       3476       3290       6766       6766       1.08       0.62     6291.19    13343.76     6766   
12864520.00    5661       2881       8542       3339       3119       6458       6458       1.08       0.63     5990.73    13644.23     6458   
12999936.00    5577       2767       8344       3423       3233       6656       3430       1.08       0.62     6165.30    13469.66     3328   
13135352.00    5528       2775       8303       3472       3225       6697       3382       1.08       0.62     6228.28    13406.68     3348   
13270768.00    5713       2945       8658       3287       3055       6342       3225       1.09       0.63     5819.81    13815.14     3171   
13406184.00    5448       2622       8070       3552       3378       6930       3521       1.09       0.61     6363.51    13271.45     3465   
13541600.00    5595       2710       8305       3405       3290       6695       3501       1.09       0.62     6136.71    13498.24     3347   
13677016.00    5486       2697       8183       3514       3303       6817       3595       1.09       0.61     6281.56    13353.39     3408   
13812432.00    5306       2522       7828       3694       3478       7172       7172       1.08       0.60     6614.61    13020.35     7172   
13947848.00    5046       2271       7317       3954       3729       7683       7683       1.09       0.58     7045.45    12589.50     7683   
14083264.00    5210       2361       7571       3790       3639       7429       4010       1.10       0.59     6751.11    12883.85     3714   
14218680.00    5194       2265       7459       3806       3735       7541       4181       1.10       0.58     6844.32    12790.64     3770   
14354096.00    5452       2386       7838       3548       3614       7162       3708       1.10       0.60     6500.12    13134.84     3581   
14489512.00    5293       2289       7582       3707       3711       7418       3918       1.09       0.59     6798.02    12836.93     3709   
14624928.00    5461       2341       7802       3539       3659       7198       3862       1.10       0.60     6556.22    13078.73     3599   
14760344.00    5480       2359       7839       3520       3641       7161       3884       1.10       0.60     6537.37    13097.58     3580   
14895760.00    5494       2291       7785       3506       3709       7215       7215       1.08       0.60     6649.80    12985.16     7215   
15031176.00    5509       2332       7841       3491       3668       7159       7159       1.08       0.60     6658.81    12976.14     7159   
15166592.00    5728       2504       8232       3272       3496       6768       6768       1.06       0.62     6355.67    13279.28     6768   
15302008.00    6191       2909       9100       2809       3091       5900       3253       1.07       0.64     5500.88    14134.08     2950   
15437424.00    6187       2893       9080       2813       3107       5920       2962       1.06       0.65     5560.27    14074.68     2960   
15572840.00    6205       2922       9127       2795       3078       5873       3036       1.06       0.65     5561.31    14073.65     2936   
15708256.00    5980       2734       8714       3020       3266       6286       3149       1.04       0.64     6041.61    13593.35     2095   
15843672.00    6608       3311       9919       2392       2689       5081       3113       1.05       0.67     4830.00    14804.95     2540   
15979088.00    6675       3444      10119       2325       2556       4881       2825       1.06       0.67     4605.70    15029.26     2440   
16114504.00    6540       3357       9897       2460       2643       5103       3523       1.06       0.67     4804.90    14830.06     2551   
16249920.00    6475       3241       9716       2525       2759       5284       3468       1.06       0.66     4992.82    14642.13     2642   
16385336.00    6394       3205       9599       2606       2795       5401       3821       1.06       0.66     5095.59    14539.37     2700   
16520752.00    6223       3073       9296       2777       2927       5704       4043       1.06       0.65     5359.93    14275.03     2852   
16656168.00    6349       3177       9526       2651       2823       5474       3985       1.05       0.66     5233.38    14401.57     2737   
16791584.00    7128       4113      11241       1872       1887       3759       3759       1.05       0.70     3565.68    16069.27     3759   
16927000.00    7167       4262      11429       1833       1738       3571       3571       1.06       0.70     3375.13    16259.83     3571   
17062416.00    6556       3581      10137       2444       2419       4863       4863       1.06       0.67     4601.07    15033.88     4863   
17197832.00    6225       3420       9645       2775       2580       5355       5355       1.05       0.66     5079.97    14554.98     5355   
17333248.00    6572       3674      10246       2428       2326       4754       4754       1.08       0.67     4407.93    15227.02     4754   
17468664.00    6145       3249       9394       2855       2751       5606       5606       1.07       0.65     5219.99    14414.97     5606   
17604080.00    6243       3345       9588       2757       2655       5412       5412       1.08       0.66     5034.16    14600.80     5412   
17739496.00    6108       3263       9371       2892       2737       5629       5629       1.07       0.65     5247.84    14387.11     5629   
17874912.00    6044       3121       9165       2956       2879       5835       5835       1.07       0.65     5433.30    14201.66     5835   
18010328.00    5528       2688       8216       3472       3312       6784       6784       1.08       0.62     6281.10    13353.85     6784   
18145744.00    6023       3101       9124       2977       2899       5876       5876       1.08       0.64     5417.08    14217.88     5876   
18281160.00    6080       3109       9189       2920       2891       5811       5811       1.08       0.64     5377.74    14257.21     5811   
18416576.00    5991       3023       9014       3009       2977       5986       5986       1.08       0.64     5526.93    14108.02     5986   
18551992.00    5821       2953       8774       3179       3047       6226       6226       1.08       0.63     5751.51    13883.45     6226   
18687408.00    5332       2550       7882       3668       3450       7118       6036       1.08       0.60     6596.51    13038.45     3559   
18822824.00    5261       2377       7638       3739       3623       7362       7362       1.08       0.60     6801.58    12833.38     7362   
18958240.00    5232       2398       7630       3768       3602       7370       5938       1.08       0.60     6836.24    12798.72     3685   
19093656.00    5371       2461       7832       3629       3539       7168       7168       1.08       0.60     6637.14    12997.82     7168   
19229072.00    5369       2475       7844       3631       3525       7156       3684       1.08       0.60     6634.58    13000.38     3578   
19364488.00    5914       3055       8969       3086       2945       6031       3147       1.08       0.64     5566.86    14068.10     3015   
19499904.00    5688       2728       8416       3312       3272       6584       3441       1.07       0.62     6160.72    13474.23     3292   
19635320.00    5221       2359       7580       3779       3641       7420       7420       1.07       0.60     6915.59    12719.36     7420   
19770736.00    5449       2629       8078       3551       3371       6922       6922       1.07       0.61     6445.78    13189.17     6922   
19906152.00    5677       2869       8546       3323       3131       6454       4003       1.09       0.62     5932.45    13702.50     3227   
20041568.00    5614       2736       8350       3386       3264       6650       6650       1.08       0.62     6156.14    13478.82     6650   
20176984.00    5669       2790       8459       3331       3210       6541       6541       1.09       0.62     5980.06    13654.90     6541   
20312400.00    5507       2664       8171       3493       3336       6829       6829       1.08       0.61     6302.78    13332.18     6829   
20447816.00    5829       2960       8789       3171       3040       6211       6211       1.09       0.63     5711.15    13923.81     6211   
20583232.00    5597       2776       8373       3403       3224       6627       4315       1.08       0.62     6111.38    13523.57     3313   
20718648.00    5690       2785       8475       3310       3215       6525       4246       1.10       0.62     5919.92    13715.03     3262   
20854064.00    5635       2724       8359       3365       3276       6641       4480       1.11       0.61     5986.45    13648.51     3320   
20989480.00    5624       2735       8359       3376       3265       6641       4572       1.10       0.62     6059.82    13575.14     3320   
21124896.00    5456       2617       8073       3544       3383       6927       4794       1.09       0.61     6356.75    13278.20     3463   
21260312.00    5652       2788       8440       3348       3212       6560       4596       1.09       0.62     6003.57    13631.38     3280   
21395728.00    5783       3010       8793       3217       2990       6207       4435       1.09       0.63     5685.24    13949.71     3103   
21531144.00    5877       2999       8876       3123       3001       6124       4280       1.08       0.63     5654.71    13980.25     3062   
21666560.00    5757       2913       8670       3243       3087       6330       4277       1.08       0.63     5875.38    13759.58     3165   
21801976.00    5733       2907       8640       3267       3093       6360       4435       1.08       0.63     5913.10    13721.86     3180   
21937392.00    6017       3140       9157       2983       2860       5843       4266       1.08       0.64     5385.64    14249.32     2921   
22072808.00    6662       3911      10573       2338       2089       4427       4427       1.10       0.68     4019.38    15615.58     4427   
22208224.00    6508       3759      10267       2492       2241       4733       4733       1.09       0.67     4337.23    15297.72     4733   
22343640.00    6283       3582       9865       2717       2418       5135       5135       1.08       0.66     4775.47    14859.49     5135   
22479056.00    6401       3674      10075       2599       2326       4925       4925       1.08       0.67     4541.57    15093.38     4925   
22614472.00    6364       3632       9996       2636       2368       5004       5004       1.09       0.67     4603.59    15031.37     5004   
22749888.00    6462       3679      10141       2538       2321       4859       4859       1.07       0.67     4540.47    15094.49     4859   
22885304.00    6346       3592       9938       2654       2408       5062       5062       1.08       0.67     4701.93    14933.02     5062   
23020720.00    6442       3558      10000       2558       2442       5000       5000       1.09       0.67     4601.58    15033.38     5000   
23156136.00    6192       3404       9596       2808       2596       5404       5404       1.08       0.66     5023.85    14611.11     5404   
23291552.00    6076       3263       9339       2924       2737       5661       5661       1.07       0.65     5289.56    14345.39     5661   
23426968.00    5975       3216       9191       3025       2784       5809       5809       1.09       0.64     5343.44    14291.51     5809   
23562384.00    5613       2963       8576       3387       3037       6424       6424       1.08       0.63     5956.94    13678.01     6424   
23697800.00    5644       2814       8458       3356       3186       6542       6542       1.09       0.62     6021.14    13613.82     6542   
23833216.00    5775       3006       8781       3225       2994       6219       6219       1.09       0.63     5726.45    13908.51     6219   
23968632.00    5375       2625       8000       3625       3375       7000       7000       1.08       0.61     6462.81    13172.14     7000   
24104048.00    5351       2634       7985       3649       3366       7015       7015       1.08       0.61     6522.02    13112.93     7015   
24239464.00    5803       3024       8827       3197       2976       6173       6173       1.08       0.63     5733.94    13901.02     6173   
24374880.00    5271       2532       7803       3729       3468       7197       7197       1.07       0.60     6715.59    12919.37     7197   
24510296.00    5354       2520       7874       3646       3480       7126       7126       1.07       0.61     6676.61    12958.35     7126   
24645712.00    5275       2518       7793       3725       3482       7207       5836       1.07       0.60     6734.65    12900.31     3603   
24781128.00    5396       2517       7913       3604       3483       7087       3837       1.08       0.60     6540.54    13094.42     2362   
24916544.00    5267       2436       7703       3733       3564       7297       3842       1.08       0.60     6749.97    12884.98     3648   
25051960.00    5103       2292       7395       3897       3708       7605       4092       1.08       0.59     7037.04    12597.91     2535   
25187376.00    4915       2190       7105       4085       3810       7895       7895       1.08       0.58     7279.11    12355.84     7895   
25322792.00    5058       2169       7227       3942       3831       7773       7773       1.09       0.58     7136.56    12498.40     7773   
25458208.00    5286       2374       7660       3714       3626       7340       7340       1.09       0.59     6730.82    12904.14     7340   
25593624.00    5352       2442       7794       3648       3558       7206       7206       1.09       0.60     6591.59    13043.37     7206   
25729040.00    5291       2388       7679       3709       3612       7321       7321       1.09       0.59     6711.51    12923.45     7321   
25864456.00    5358       2470       7828       3642       3530       7172       7172       1.09       0.60     6596.59    13038.36     7172   
25999872.00    5369       2429       7798       3631       3571       7202       7202       1.09       0.60     6633.45    13001.50     7202   
26135288.00    5792       2792       8584       3208       3208       6416       6416       1.09       0.62     5872.30    13762.66     6416   
26270704.00    5804       2839       8643       3196       3161       6357       6357       1.09       0.63     5830.74    13804.22     6357   
26406120.00    5831       2868       8699       3169       3132       6301       6301       1.10       0.63     5747.14    13887.82     6301   
26541536.00    5547       2691       8238       3453       3309       6762       6762       1.10       0.61     6173.87    13461.09     6762   
26676952.00    5678       2751       8429       3322       3249       6571       6571       1.09       0.62     6014.53    13620.43     6571   
26812368.00    5358       2510       7868       3642       3490       7132       7132       1.09       0.60     6561.59    13073.37     7132   
26947784.00    5830       3066       8896       3170       2934       6104       6104       1.10       0.63     5550.45    14084.51     6104   
27083200.00    5678       2840       8518       3322       3160       6482       6482       1.10       0.62     5889.36    13745.60     6482   
27218616.00    5667       2815       8482       3333       3185       6518       6518       1.11       0.62     5848.39    13786.57     6518   
27354032.00    5660       2783       8443       3340       3217       6557       6557       1.11       0.62     5918.97    13715.98     6557   
27489448.00    5746       2977       8723       3254       3023       6277       6277       1.11       0.62     5638.83    13996.13     6277   
27624864.00    5693       2907       8600       3307       3093       6400       6400       1.10       0.62     5804.89    13830.07     6400   
27760280.00    5718       2863       8581       3282       3137       6419       6419       1.11       0.62     5781.66    13853.30     6419   
27895696.00    5843       3044       8887       3157       2956       6113       6113       1.11       0.63     5497.83    14137.12     6113   
28031112.00    5852       2950       8802       3148       3050       6198       6198       1.11       0.63     5583.77    14051.19     6198   
28166528.00    5880       3023       8903       3120       2977       6097       6097       1.11       0.63     5478.73    14156.22     6097   
28301944.00    5902       3111       9013       3098       2889       5987       5987       1.12       0.63     5354.26    14280.70     5987   
28437360.00    5928       3093       9021       3072       2907       5979       5979       1.12       0.63     5350.92    14284.03     5979   
28572776.00    5874       3049       8923       3126       2951       6077       6077       1.11       0.63     5492.52    14142.44     6077   
28708192.00    5884       3007       8891       3116       2993       6109       6109       1.11       0.63     5499.86    14135.09     6109   
28843608.00    6104       3101       9205       2896       2899       5795       5795       1.12       0.64     5168.72    14466.23     5795   
28979024.00    5965       3069       9034       3035       2931       5966       5966       1.11       0.63     5366.04    14268.92     5966   
29114440.00    5961       2968       8929       3039       3032       6071       6071       1.10       0.63     5500.59    14134.36     6071   
29249856.00    5891       2920       8811       3109       3080       6189       6189       1.10       0.63     5640.43    13994.52     6189   
29385272.00    6087       3091       9178       2913       2909       5822       5822       1.10       0.64     5301.54    14333.42     5822   
29520688.00    5968       2982       8950       3032       3018       6050       6050       1.09       0.64     5558.91    14076.05     6050   
29656104.00    6024       3070       9094       2976       2930       5906       5906       1.09       0.64     5424.09    14210.86     5906   
29791520.00    6104       3205       9309       2896       2795       5691       5691       1.10       0.64     5179.35    14455.61     5691   
29926936.00    6079       3120       9199       2921       2880       5801       5801       1.09       0.64     5304.11    14330.85     5801   
30062352.00    6381       3382       9763       2619       2618       5237       5237       1.10       0.66     4749.71    14885.24     5237   
30197768.00    6450       3421       9871       2550       2579       5129       5129       1.10       0.66     4653.60    14981.35     5129   
30333184.00    5913       2960       8873       3087       3040       6127       6127       1.09       0.63     5624.80    14010.16     6127   
30468600.00    6094       3222       9316       2906       2778       5684       5684       1.09       0.65     5199.37    14435.58     5684   
30604016.00    6256       3423       9679       2744       2577       5321       5321       1.10       0.65     4833.46    14801.50     5321   
30739432.00    6192       3343       9535       2808       2657       5465       5465       1.11       0.65     4911.43    14723.52     5465   
30874848.00    6011       3264       9275       2989       2736       5725       5725       1.11       0.64     5176.55    14458.41     5725   
31010264.00    5877       3083       8960       3123       2917       6040       6040       1.10       0.63     5502.17    14132.78     6040   
31145680.00    5938       3093       9031       3062       2907       5969       5969       1.10       0.63     5407.70    14227.25     5969   
31281096.00    5848       2998       8846       3152       3002       6154       6154       1.11       0.63     5559.10    14075.85     6154   
31416512.00    5969       3033       9002       3031       2967       5998       5998       1.11       0.63     5414.68    14220.27     5998   
31551928.00    5981       3096       9077       3019       2904       5923       5923       1.10       0.64     5381.36    14253.60     5923   
31687344.00    6074       3122       9196       2926       2878       5804       5804       1.10       0.64     5261.27    14373.69     5804   
31822760.00    6023       3040       9063       2977       2960       5937       5937       1.10       0.64     5379.92    14255.03     5937   
31958176.00    6038       2992       9030       2962       3008       5970       5970       1.10       0.64     5417.41    14217.55     5970   
32093592.00    5881       2897       8778       3119       3103       6222       6222       1.11       0.63     5629.78    14005.18     6222   
32229008.00    5791       2884       8675       3209       3116       6325       6325       1.10       0.63     5758.56    13876.40     6325   
32364424.00    5816       2921       8737       3184       3079       6263       6263       1.10       0.63     5673.95    13961.00     6263   
32499840.00    6011       3095       9106       2989       2905       5894       5894       1.11       0.64     5323.47    14311.49     5894   
32635256.00    5392       2570       7962       3608       3430       7038       6028       1.10       0.60     6391.84    13243.11     3519   
32770672.00    5209       2410       7619       3791       3590       7381       7381       1.10       0.59     6712.20    12922.76     7381   
32906088.00    5389       2471       7860       3611       3529       7140       7140       1.10       0.60     6463.36    13171.60     7140   
33041504.00    5652       2676       8328       3348       3324       6672       6672       1.10       0.61     6059.71    13575.25     6672   
33176920.00    5366       2411       7777       3634       3589       7223       7223       1.10       0.59     6562.71    13072.24     7223   
33312336.00    5442       2421       7863       3558       3579       7137       7137       1.11       0.60     6419.90    13215.06     7137   
33447752.00    5130       2231       7361       3870       3769       7639       7639       1.10       0.58     6948.70    12686.26     7639   
33583168.00    5374       2395       7769       3626       3605       7231       7231       1.10       0.59     6553.78    13081.18     7231   
33718584.00    5169       2187       7356       3831       3813       7644       7644       1.11       0.58     6885.58    12749.38     7644   
33854000.00    5188       2224       7412       3812       3776       7588       7588       1.11       0.58     6854.49    12780.46     7588   
33989416.00    5188       2214       7402       3812       3786       7598       7598       1.10       0.58     6913.53    12721.43     7598   
34124832.00    5390       2353       7743       3610       3647       7257       7257       1.10       0.59     6595.27    13039.68     7257   
34260248.00    5399       2381       7780       3601       3619       7220       7220       1.09       0.60     6619.95    13015.00     7220   
34395664.00    5304       2389       7693       3696       3611       7307       7307       1.09       0.59     6677.27    12957.69     7307   
34531080.00    5457       2351       7808       3543       3649       7192       7192       1.09       0.60     6614.94    13020.01     7192   
34666496.00    5917       2721       8638       3083       3279       6362       6362       1.10       0.62     5776.80    13858.15     6362   
34801912.00    5696       2551       8247       3304       3449       6753       6753       1.09       0.61     6185.94    13449.01     6753   
34937328.00    6061       2900       8961       2939       3100       6039       6039       1.09       0.64     5533.47    14101.49     6039   
35072744.00    5954       2927       8881       3046       3073       6119       6119       1.09       0.63     5616.92    14018.04     6119   
35208160.00    5740       2834       8574       3260       3166       6426       6426       1.08       0.63     5942.64    13692.32     6426   
35343576.00    5596       2786       8382       3404       3214       6618       5514       1.07       0.62     6180.84    13454.12     3309   
35478992.00    5743       2896       8639       3257       3104       6361       6361       1.08       0.63     5871.22    13763.74     6361   
35614408.00    5593       2743       8336       3407       3257       6664       6664       1.08       0.62     6144.69    13490.27     6664   
35749824.00    5342       2653       7995       3658       3347       7005       7005       1.09       0.61     6452.17    13182.79     7005   
35885240.00    5525       2638       8163       3475       3362       6837       6837       1.10       0.61     6236.70    13398.25     6837   
36020656.00    5543       2640       8183       3457       3360       6817       6817       1.09       0.61     6233.80    13401.15     6817   
36156072.00    5730       2850       8580       3270       3150       6420       6420       1.10       0.62     5827.42    13807.54     6420   
36291488.00    5464       2607       8071       3536       3393       6929       6929       1.09       0.61     6384.07    13250.88     6929   
36426904.00    5695       2713       8408       3305       3287       6592       6592       1.09       0.62     6032.43    13602.53     6592   
36562320.00    5842       2741       8583       3158       3259       6417       6417       1.08       0.63     5923.92    13711.03     6417   
36697736.00    5980       2899       8879       3020       3101       6121       6121       1.09       0.63     5640.56    13994.39     6121   
36833152.00    6262       3087       9349       2738       2913       5651       5651       1.09       0.65     5196.95    14438.01     5651   
36968568.00    5741       2736       8477       3259       3264       6523       5310       1.07       0.63     6081.42    13553.53     3261   
37103984.00    6065       3005       9070       2935       2995       5930       4840       1.07       0.64     5528.62    14106.33     2965   
37239400.00    6213       3111       9324       2787       2889       5676       3254       1.07       0.65     5306.04    14328.92     1892   
37374816.00    6134       3079       9213       2866       2921       5787       3161       1.08       0.65     5378.06    14256.90     1929   
37510232.00    6214       3051       9265       2786       2949       5735       3244       1.07       0.65     5353.47    14281.48     1911   
37645648.00    6208       2989       9197       2792       3011       5803       3297       1.06       0.65     5476.72    14158.24     1934   
37781064.00    6622       3385      10007       2378       2615       4993       4993       1.06       0.67     4728.08    14906.87     4993   
37916480.00    7167       3928      11095       1833       2072       3905       2574       1.05       0.70     3713.95    15921.01     1952   
38051896.00    7398       4184      11582       1602       1816       3418       1750       1.04       0.71     3276.25    16358.70     1709   
38187312.00    6353       3350       9703       2647       2650       5297       4271       1.05       0.66     5031.17    14603.79     2648   
38322728.00    6893       3788      10681       2107       2212       4319       3225       1.06       0.69     4070.49    15564.46     2159   
38458144.00    6003       3115       9118       2997       2885       5882       4717       1.07       0.64     5489.85    14145.10     2941   
38593560.00    6441       3463       9904       2559       2537       5096       3817       1.09       0.66     4694.63    14940.32     2548   
38728976.00    5569       2741       8310       3431       3259       6690       3033       1.07       0.62     6230.70    13404.26     2230   
38864392.00    5674       2730       8404       3326       3270       6596       2886       1.08       0.62     6134.69    13500.27     2198   
38999808.00    6367       3344       9711       2633       2656       5289       2353       1.08       0.66     4916.05    14718.90     1763   
39135224.00    5843       2884       8727       3157       3116       6273       2381       1.06       0.64     5915.66    13719.29     2091   
39270640.00    6001       3071       9072       2999       2929       5928       2203       1.07       0.64     5545.64    14089.31     1976   
39406056.00    5828       2854       8682       3172       3146       6318       2539       1.06       0.63     5942.60    13692.36     2106   
39541472.00    6030       3039       9069       2970       2961       5931       2306       1.07       0.64     5525.20    14109.75     1977   
39676888.00    6111       3098       9209       2889       2902       5791       2355       1.08       0.65     5364.40    14270.55     1930   
39812304.00    5972       2892       8864       3028       3108       6136       2811       1.07       0.64     5750.31    13884.65     2045   
39947720.00    5940       2952       8892       3060       3048       6108       2732       1.07       0.64     5715.97    13918.99     2036   
40083136.00    6223       3173       9396       2777       2827       5604       2300       1.07       0.65     5243.15    14391.80     1868   
40218552.00    6025       2927       8952       2975       3073       6048       2395       1.06       0.64     5685.16    13949.80     2016   
40353968.00    5969       2907       8876       3031       3093       6124       6124       1.06       0.64     5753.18    13881.77     6124   
40489384.00    6383       3271       9654       2617       2729       5346       2724       1.06       0.66     5039.70    14595.26     1782   
40624800.00    6036       2917       8953       2964       3083       6047       2996       1.06       0.64     5731.67    13903.29     2015   
40760216.00    6183       3077       9260       2817       2923       5740       3036       1.05       0.65     5447.61    14187.34     1913   
40895632.00    6504       3320       9824       2496       2680       5176       2730       1.04       0.67     4957.58    14677.37     1725   
41031048.00    6166       3157       9323       2834       2843       5677       4535       1.03       0.66     5512.40    14122.56     2838   
41166464.00    6624       3511      10135       2376       2489       4865       3798       1.03       0.68     4741.69    14893.27     2432   
41301880.00    7536       4602      12138       1464       1398       2862       2862       1.04       0.72     2753.29    16881.66     2862   
41437296.00    7270       4427      11697       1730       1573       3303       3303       1.05       0.71     3148.61    16486.34     3303   
41572712.00    7132       4270      11402       1868       1730       3598       3598       1.05       0.70     3442.58    16192.38     3598   
41708128.00    6260       3438       9698       2740       2562       5302       4204       1.03       0.67     5135.44    14499.51     2651   
41843544.00    5983       3209       9192       3017       2791       5808       4632       1.04       0.65     5576.75    14058.21     2904   
41978960.00    6293       3382       9675       2707       2618       5325       4284       1.06       0.66     5044.87    14590.08     2662   
42114376.00    6757       3786      10543       2243       2214       4457       4457       1.07       0.68     4182.57    15452.39     4457   
42249792.00    6165       3187       9352       2835       2813       5648       2331       1.05       0.66     5381.88    14253.08     1882   
42385208.00    6267       3238       9505       2733       2762       5495       4404       1.06       0.66     5164.51    14470.45     2747   
42520624.00    5964       3111       9075       3036       2889       5925       4831       1.07       0.64     5555.25    14079.71     2962   
42656040.00    6275       3508       9783       2725       2492       5217       5217       1.08       0.66     4817.97    14816.99     5217   
42791456.00    5982       3297       9279       3018       2703       5721       5721       1.09       0.64     5243.15    14391.80     5721   
42926872.00    5992       3243       9235       3008       2757       5765       5765       1.09       0.64     5294.80    14340.16     5765   
43062288.00    6074       3352       9426       2926       2648       5574       5574       1.09       0.65     5116.47    14518.48     5574   
43197704.00    5983       3254       9237       3017       2746       5763       5763       1.09       0.64     5303.90    14331.06     5763   
43333120.00    6169       3387       9556       2831       2613       5444       5444       1.08       0.65     5025.46    14609.50     5444   
43468536.00    5829       3200       9029       3171       2800       5971       5971       1.09       0.64     5487.38    14147.57     5971   
43603952.00    5378       2771       8149       3622       3229       6851       6851       1.08       0.61     6362.64    13272.31     6851   
43739368.00    5897       3186       9083       3103       2814       5917       5917       1.10       0.64     5384.73    14250.22     5917   
43874784.00    5827       3139       8966       3173       2861       6034       6034       1.09       0.64     5538.86    14096.09     6034   
44010200.00    5786       3095       8881       3214       2905       6119       6119       1.10       0.63     5549.58    14085.37     6119   
44145616.00    5578       2803       8381       3422       3197       6619       6619       1.10       0.62     6015.67    13619.29     6619   
44281032.00    5480       2751       8231       3520       3249       6769       6769       1.10       0.61     6172.55    13462.40     6769   
44416448.00    5723       2973       8696       3277       3027       6304       6304       1.11       0.62     5698.89    13936.06     6304   
44551864.00    5621       2894       8515       3379       3106       6485       6485       1.10       0.62     5884.88    13750.08     6485   
44687280.00    5559       2826       8385       3441       3174       6615       6615       1.09       0.62     6056.13    13578.82     6615   
44822696.00    5479       2760       8239       3521       3240       6761       6761       1.10       0.61     6136.15    13498.81     6761   
44958112.00    5489       2697       8186       3511       3303       6814       6814       1.10       0.61     6189.59    13445.36     6814   
45093528.00    5602       2753       8355       3398       3247       6645       6645       1.10       0.62     6058.46    13576.49     6645   
45228944.00    5714       2823       8537       3286       3177       6463       6463       1.10       0.62     5890.12    13744.84     6463   
45364360.00    5765       2816       8581       3235       3184       6419       6419       1.10       0.62     5835.97    13798.99     6419   
45499776.00    5790       2767       8557       3210       3233       6443       6443       1.10       0.62     5838.84    13796.12     6443   
45635192.00    5740       2727       8467       3260       3273       6533       6533       1.10       0.62     5962.87    13672.08     6533   
45770608.00    5676       2717       8393       3324       3283       6607       6607       1.08       0.62     6098.38    13536.57     6607   
45906024.00    6137       3211       9348       2863       2789       5652       5652       1.09       0.65     5193.14    14441.81     5652   
46041440.00    5704       2721       8425       3296       3279       6575       6575       1.08       0.62     6077.59    13557.37     6575   
46176856.00    5797       2749       8546       3203       3251       6454       6454       1.08       0.63     5974.38    13660.57     6454   
46312272.00    5951       3026       8977       3049       2974       6023       6023       1.10       0.64     5499.44    14135.51     6023   
46447688.00    5881       2943       8824       3119       3057       6176       6176       1.09       0.63     5643.59    13991.37     6176   
46583104.00    5951       3010       8961       3049       2990       6039       6039       1.09       0.64     5534.41    14100.55     6039   
46718520.00    5986       2990       8976       3014       3010       6024       6024       1.10       0.63     5478.05    14156.90     6024   
46853936.00    6346       3391       9737       2654       2609       5263       5263       1.11       0.65     4755.06    14879.90     5263   
46989352.00    5838       2823       8661       3162       3177       6339       6339       1.09       0.63     5806.58    13828.38     6339   
47124768.00    5901       2811       8712       3099       3189       6288       6288       1.09       0.63     5769.18    13865.78     6288   
47260184.00    6573       3461      10034       2427       2539       4966       4966       1.11       0.66     4456.52    15178.43     4966   
47395600.00    6342       3278       9620       2658       2722       5380       5380       1.10       0.65     4906.63    14728.33     5380   
47531016.00    6249       3226       9475       2751       2774       5525       5525       1.10       0.65     5039.66    14595.29     5525   
47666432.00    6334       3289       9623       2666       2711       5377       5377       1.10       0.65     4886.35    14748.61     5377   
47801848.00    6410       3267       9677       2590       2733       5323       5323       1.10       0.65     4850.31    14784.65     5323   
47937264.00    6614       3411      10025       2386       2589       4975       4975       1.10       0.66     4507.65    15127.30     4975   
48072680.00    6687       3475      10162       2313       2525       4838       4838       1.09       0.67     4440.37    15194.59     4838   
48208096.00    6817       3626      10443       2183       2374       4557       4557       1.10       0.67     4144.43    15490.52     4557   
48343512.00    6658       3566      10224       2342       2434       4776       4776       1.10       0.67     4344.83    15290.13     4776   
48478928.00    6214       3222       9436       2786       2778       5564       4264       1.09       0.65     5104.82    14530.13     2782   
48614344.00    6251       3243       9494       2749       2757       5506       4266       1.09       0.65     5039.10    14595.85     2753   
48749760.00    6274       3236       9510       2726       2764       5490       4125       1.09       0.65     5042.82    14592.14     2745   
48885176.00    6111       3213       9324       2889       2787       5676       5676       1.09       0.65     5201.66    14433.30     5676   
49020592.00    5852       2950       8802       3148       3050       6198       6198       1.08       0.63     5730.36    13904.59     6198   
49156008.00    5757       2861       8618       3243       3139       6382       6382       1.09       0.63     5852.91    13782.05     6382   
49291424.00    5800       2883       8683       3200       3117       6317       6317       1.09       0.63     5784.20    13850.76     6317   
49426840.00    5832       2962       8794       3168       3038       6206       6206       1.09       0.63     5679.49    13955.47     6206   
49562256.00    5696       2835       8531       3304       3165       6469       6469       1.09       0.62     5922.17    13712.78     6469   
49697672.00    5882       2934       8816       3118       3066       6184       6184       1.10       0.63     5609.98    14024.98     6184   
49833088.00    5964       2944       8908       3036       3056       6092       6092       1.10       0.63     5552.63    14082.32     6092   
49968504.00    6117       3141       9258       2883       2859       5742       5742       1.09       0.64     5279.28    14355.68     5742   
50103920.00    6245       3248       9493       2755       2752       5507       5507       1.10       0.65     5004.33    14630.62     5507   
50239336.00    5974       3058       9032       3026       2942       5968       5968       1.10       0.64     5441.70    14193.25     5968   
50374752.00    6023       3007       9030       2977       2993       5970       5970       1.10       0.64     5445.45    14189.51     5970   
50510168.00    5907       2934       8841       3093       3066       6159       6159       1.09       0.63     5636.98    13997.97     6159   
50645584.00    5861       2987       8848       3139       3013       6152       6152       1.10       0.63     5575.62    14059.33     6152   
50781000.00    5647       2834       8481       3353       3166       6519       6519       1.10       0.62     5911.84    13723.12     6519   
50916416.00    5667       2702       8369       3333       3298       6631       6631       1.10       0.61     6022.06    13612.90     6631   
51051832.00    5857       2839       8696       3143       3161       6304       6304       1.11       0.62     5663.06    13971.89     6304   
51187248.00    5781       2774       8555       3219       3226       6445       6445       1.10       0.62     5838.35    13796.60     6445   
51322664.00    5822       2833       8655       3178       3167       6345       6345       1.10       0.62     5781.98    13852.97     6345   
51458080.00    5589       2683       8272       3411       3317       6728       6728       1.08       0.62     6209.63    13425.32     6728   
51593496.00    5809       2835       8644       3191       3165       6356       6356       1.10       0.62     5804.52    13830.44     6356   
51728912.00    5618       2687       8305       3382       3313       6695       6695       1.09       0.61     6129.69    13505.26     6695   
51864328.00    5612       2715       8327       3388       3285       6673       6673       1.10       0.61     6076.02    13558.94     6673   
51999744.00    5771       2751       8522       3229       3249       6478       6478       1.10       0.62     5874.02    13760.93     6478   
52135160.00    5751       2675       8426       3249       3325       6574       6574       1.10       0.62     5984.64    13650.32     6574   
52270576.00    5953       2847       8800       3047       3153       6200       6200       1.10       0.63     5646.30    13988.66     6200   
52405992.00    5979       2951       8930       3021       3049       6070       6070       1.09       0.64     5591.27    14043.69     6070   
52541408.00    5949       2913       8862       3051       3087       6138       6138       1.08       0.64     5691.16    13943.79     6138   
52676824.00    5914       2928       8842       3086       3072       6158       6158       1.09       0.63     5675.02    13959.93     6158   
52812240.00    5904       2863       8767       3096       3137       6233       6233       1.09       0.63     5708.07    13926.88     6233   
52947656.00    6040       2988       9028       2960       3012       5972       5972       1.09       0.64     5478.39    14156.56     5972   
53083072.00    6131       3053       9184       2869       2947       5816       5816       1.09       0.64     5333.56    14301.40     5816   
53218488.00    6178       3086       9264       2822       2914       5736       5736       1.08       0.65     5335.40    14299.56     5736   
53353904.00    6501       3335       9836       2499       2665       5164       5164       1.08       0.66     4761.44    14873.52     5164   
53489320.00    6177       3146       9323       2823       2854       5677       5677       1.08       0.65     5246.93    14388.02     5677   
53624736.00    6442       3382       9824       2558       2618       5176       5176       1.10       0.66     4718.71    14916.24     5176   
53760152.00    6248       3200       9448       2752       2800       5552       5552       1.08       0.65     5131.94    14503.01     5552   
53895568.00    6160       3098       9258       2840       2902       5742       5742       1.08       0.65     5302.03    14332.93     5742   
54030984.00    6273       3164       9437       2727       2836       5563       5563       1.09       0.65     5086.45    14548.51     5563   
54166400.00    6393       3204       9597       2607       2796       5403       5403       1.09       0.65     4939.53    14695.43     5403   
