 Timestep    Gas_A      Gas_B     Gas_tot    Dense_A    Dense_B   Dense_tot   Lg_clust  DP_density GP_density Clust_area  Gas_area     MCS    
   0.00       6000       9000      15000        0          0          0          6         0.00       0.76       0.00     19634.96      0     
 72916.00     6000       9000      15000        0          0          0         523        0.00       0.76       0.00     19634.96      0     
145832.00     6000       9000      15000        0          0          0         801        0.00       0.76       0.00     19634.96      0     
218748.00     5249       7823      13072       751        1177       1928       1928       0.97       0.74     1997.03    17637.93     1928   
291664.00     6000       9000      15000        0          0          0         765        0.00       0.76       0.00     19634.96      0     
364580.00     4989       7421      12410       1011       1579       2590       1390       1.01       0.73     2576.63    17058.33     1295   
437496.00     4641       6890      11531       1359       2110       3469       1910       1.00       0.71     3452.88    16182.08     1734   
510412.00     4950       7315      12265       1050       1685       2735       1487       1.02       0.72     2678.01    16956.94     1367   
583328.00     4925       7290      12215       1075       1710       2785       1566       1.03       0.72     2714.02    16920.94     1392   
656244.00     3949       5849       9798       2051       3151       5202       2653       1.03       0.67     5051.37    14583.58     2601   
729160.00     4463       6553      11016       1537       2447       3984       2176       1.03       0.70     3874.15    15760.80     1992   
802076.00     4177       6098      10275       1823       2902       4725       2755       1.04       0.68     4548.56    15086.39     2362   
874992.00     3252       4727       7979       2748       4273       7021       2236       1.04       0.62     6778.96    12855.99     1755   
947908.00     3444       5048       8492       2556       3952       6508       2226       1.04       0.63     6255.40    13379.55     2169   
1020824.00    2458       3389       5847       3542       5611       9153       5205       1.03       0.54     8847.62    10787.33     3051   
1093740.00    3440       5007       8447       2560       3993       6553       4140       1.05       0.63     6260.29    13374.67     3276   
1166656.00    3200       4646       7846       2800       4354       7154       2728       1.05       0.61     6796.20    12838.76     2384   
1239572.00    2337       3296       5633       3663       5704       9367       3027       1.05       0.53     8956.13    10678.83     2341   
1312488.00    2164       2996       5160       3836       6004       9840       5873       1.06       0.50     9289.82    10345.13     3280   
1385404.00    2099       2926       5025       3901       6074       9975       5816       1.07       0.49     9320.87    10314.09     3325   
1458320.00    1908       2644       4552       4092       6356      10448       7675       1.07       0.46     9768.26    9866.69      5224   
1531236.00    1921       2679       4600       4079       6321      10400       6032       1.07       0.46     9721.37    9913.58      3466   
1604152.00    1826       2549       4375       4174       6451      10625       4647       1.07       0.45     9961.09    9673.87      3541   
1677068.00    1732       2434       4166       4268       6566      10834       4621       1.07       0.44     10136.41   9498.55      3611   
1749984.00    1836       2494       4330       4164       6506      10670       4611       1.08       0.45     9924.69    9710.26      3556   
1822900.00    1812       2443       4255       4188       6557      10745       6237       1.08       0.44     9990.05    9644.90      5372   
1895816.00    1871       2492       4363       4129       6508      10637       6208       1.07       0.45     9937.72    9697.23      5318   
1968732.00    1876       2474       4350       4124       6526      10650       6152       1.07       0.45     9971.10    9663.85      5325   
2041648.00    1976       2683       4659       4024       6317      10341       5956       1.07       0.47     9647.07    9987.88      5170   
2114564.00    1847       2628       4475       4153       6372      10525       5950       1.07       0.46     9860.43    9774.52      5262   
2187480.00    1875       2557       4432       4125       6443      10568       5992       1.07       0.45     9847.20    9787.75      5284   
2260396.00    1776       2433       4209       4224       6567      10791       6108       1.08       0.44     10012.08   9622.88      5395   
2333312.00    1700       2310       4010       4300       6690      10990       6190       1.08       0.42     10192.31   9442.64      5495   
2406228.00    1632       2229       3861       4368       6771      11139       6331       1.08       0.41     10279.27   9355.69      5569   
2479144.00    1621       2164       3785       4379       6836      11215      11215       1.08       0.41     10372.37   9262.58     11215   
2552060.00    1683       2180       3863       4317       6820      11137       6416       1.09       0.41     10244.24   9390.71      5568   
2624976.00    1656       2215       3871       4344       6785      11129       6464       1.08       0.41     10271.03   9363.93      5564   
2697892.00    1623       2197       3820       4377       6803      11180      11180       1.08       0.41     10332.10   9302.85     11180   
2770808.00    1665       2271       3936       4335       6729      11064      11064       1.09       0.42     10181.43   9453.53     11064   
2843724.00    1667       2263       3930       4333       6737      11070      11070       1.09       0.42     10188.13   9446.82     11070   
2916640.00    1690       2233       3923       4310       6767      11077      11077       1.09       0.41     10173.04   9461.91     11077   
2989556.00    1650       2196       3846       4350       6804      11154      11154       1.09       0.41     10189.03   9445.93     11154   
3062472.00    1593       2074       3667       4407       6926      11333      11333       1.10       0.39     10338.90   9296.05     11333   
3135388.00    1551       2104       3655       4449       6896      11345      11345       1.09       0.40     10403.89   9231.06     11345   
3208304.00    1538       2122       3660       4462       6878      11340      11340       1.09       0.40     10402.19   9232.77     11340   
3281220.00    1573       2194       3767       4427       6806      11233      11233       1.10       0.40     10235.89   9399.06     11233   
3354136.00    1580       2106       3686       4420       6894      11314      11314       1.10       0.40     10309.54   9325.41     11314   
3427052.00    1581       2091       3672       4419       6909      11328      11328       1.09       0.40     10349.84   9285.11     11328   
3499968.00    1649       2103       3752       4351       6897      11248      11248       1.09       0.40     10281.93   9353.03     11248   
3572884.00    1618       2138       3756       4382       6862      11244      11244       1.09       0.40     10341.92   9293.03     11244   
3645800.00    1678       2256       3934       4322       6744      11066      11066       1.09       0.42     10174.31   9460.65     11066   
3718716.00    1742       2355       4097       4258       6645      10903       6293       1.09       0.42     9982.05    9652.91      5451   
3791632.00    1737       2412       4149       4263       6588      10851      10851       1.09       0.43     9924.70    9710.26     10851   
3864548.00    1674       2302       3976       4326       6698      11024      11024       1.09       0.42     10114.03   9520.92     11024   
3937464.00    1690       2279       3969       4310       6721      11031       6274       1.09       0.42     10119.67   9515.28      5515   
4010380.00    1702       2252       3954       4298       6748      11046       6372       1.09       0.42     10152.92   9482.04      5523   
4083296.00    1645       2172       3817       4355       6828      11183       6384       1.09       0.41     10306.70   9328.25      5591   
4156212.00    1696       2307       4003       4304       6693      10997       6154       1.08       0.42     10189.13   9445.82      5498   
4229128.00    1860       2465       4325       4140       6535      10675       5987       1.08       0.44     9846.17    9788.79      5337   
4302044.00    1742       2433       4175       4258       6567      10825       9269       1.08       0.44     10055.25   9579.71      5412   
4374960.00    1803       2598       4401       4197       6402      10599      10599       1.07       0.45     9892.92    9742.04     10599   
4447876.00    1819       2554       4373       4181       6446      10627      10627       1.07       0.45     9919.71    9715.24     10627   
4520792.00    1839       2510       4349       4161       6490      10651      10651       1.07       0.45     9922.24    9712.71     10651   
4593708.00    1820       2465       4285       4180       6535      10715      10715       1.07       0.44     9974.77    9660.18     10715   
4666624.00    1831       2480       4311       4169       6520      10689      10689       1.07       0.45     9962.08    9672.87     10689   
4739540.00    1862       2555       4417       4138       6445      10583       5908       1.08       0.45     9775.13    9859.83      5291   
4812456.00    1921       2469       4390       4079       6531      10610       5976       1.08       0.45     9799.07    9835.89      5305   
4885372.00    1916       2558       4474       4084       6442      10526       6027       1.08       0.45     9716.28    9918.68      3508   
4958288.00    1909       2494       4403       4091       6506      10597      10597       1.09       0.45     9750.32    9884.63     10597   
5031204.00    1890       2628       4518       4110       6372      10482       6157       1.08       0.45     9661.93    9973.03      5241   
5104120.00    1897       2608       4505       4103       6392      10495       6138       1.09       0.45     9604.65    10030.30     3498   
5177036.00    1849       2586       4435       4151       6414      10565       6218       1.09       0.45     9708.92    9926.03      5282   
5249952.00    1894       2612       4506       4106       6388      10494       6279       1.09       0.45     9602.05    10032.90     3498   
5322868.00    1777       2499       4276       4223       6501      10724       6365       1.09       0.44     9861.34    9773.61      3574   
5395784.00    1752       2444       4196       4248       6556      10804       6555       1.09       0.43     9901.47    9733.49      3601   
5468700.00    1682       2299       3981       4318       6701      11019       6652       1.09       0.42     10075.98   9558.98      3673   
5541616.00    1655       2282       3937       4345       6718      11063       6615       1.09       0.42     10180.26   9454.69      3687   
5614532.00    1662       2252       3914       4338       6748      11086       6648       1.09       0.41     10163.22   9471.73      3695   
5687448.00    1692       2249       3941       4308       6751      11059       6640       1.09       0.42     10143.14   9491.82      3686   
5760364.00    1737       2429       4166       4263       6571      10834       6508       1.10       0.42     9820.32    9814.64      3611   
5833280.00    1649       2227       3876       4351       6773      11124       6656       1.09       0.41     10203.96   9431.00      3708   
5906196.00    1690       2319       4009       4310       6681      10991       6684       1.10       0.42     10032.60   9602.36      3663   
5979112.00    1681       2286       3967       4319       6714      11033       9868       1.09       0.42     10088.67   9546.28      5516   
6052028.00    1660       2254       3914       4340       6746      11086       9963       1.09       0.41     10130.89   9504.07      5543   
6124944.00    1620       2186       3806       4380       6814      11194       6914       1.09       0.41     10239.86   9395.09      3731   
6197860.00    1646       2172       3818       4354       6828      11182       6859       1.09       0.41     10239.88   9395.08      3727   
6270776.00    1577       2209       3786       4423       6791      11214       9966       1.09       0.40     10262.47   9372.49      5607   
6343692.00    1599       2228       3827       4401       6772      11173       6901       1.09       0.41     10275.34   9359.61      3724   
6416608.00    1675       2415       4090       4325       6585      10910       6783       1.09       0.43     10031.60   9603.36      3636   
6489524.00    1601       2263       3864       4399       6737      11136       9948       1.08       0.42     10345.90   9289.06      5568   
6562440.00    1614       2333       3947       4386       6667      11053       9869       1.08       0.42     10238.07   9396.89      5526   
6635356.00    1665       2419       4084       4335       6581      10916       9859       1.09       0.42     10001.23   9633.72      5458   
6708272.00    1623       2276       3899       4377       6724      11101       9928       1.09       0.41     10179.67   9455.29      5550   
6781188.00    1647       2335       3982       4353       6665      11018       9891       1.09       0.42     10101.01   9533.95      5509   
6854104.00    1633       2247       3880       4367       6753      11120      10030       1.08       0.41     10263.38   9371.58      5560   
6927020.00    1659       2253       3912       4341       6747      11088      10046       1.08       0.42     10223.43   9411.52      5544   
6999936.00    1827       2476       4303       4173       6524      10697       9603       1.09       0.44     9792.61    9842.35      5348   
7072852.00    1588       2175       3763       4412       6825      11237      10189       1.09       0.40     10334.80   9300.16      5618   
7145768.00    1643       2213       3856       4357       6787      11144      10097       1.09       0.41     10260.31   9374.65      5572   
7218684.00    2102       2964       5066       3898       6036       9934       9934       1.09       0.48     9075.19    10559.76     9934   
7291600.00    2034       2920       4954       3966       6080      10046      10046       1.09       0.48     9218.62    10416.34    10046   
7364516.00    2038       2836       4874       3962       6164      10126      10126       1.10       0.47     9199.74    10435.22    10126   
7437432.00    1952       2718       4670       4048       6282      10330      10330       1.10       0.46     9385.79    10249.17    10330   
7510348.00    1990       2704       4694       4010       6296      10306      10306       1.11       0.45     9307.48    10327.47    10306   
7583264.00    1941       2659       4600       4059       6341      10400      10400       1.11       0.45     9365.70    10269.25    10400   
7656180.00    1978       2708       4686       4022       6292      10314      10314       1.11       0.45     9278.58    10356.37    10314   
7729096.00    1970       2731       4701       4030       6269      10299      10299       1.11       0.45     9266.03    10368.92    10299   
7802012.00    1690       2328       4018       4310       6672      10982      10982       1.11       0.41     9918.58    9716.38     10982   
7874928.00    1646       2176       3822       4354       6824      11178      11178       1.11       0.40     10115.42   9519.54     11178   
7947844.00    1666       2267       3933       4334       6733      11067      11067       1.10       0.41     10048.51   9586.44     11067   
8020760.00    1691       2294       3985       4309       6706      11015      11015       1.10       0.41     10017.39   9617.57     11015   
8093676.00    1666       2291       3957       4334       6709      11043      11043       1.10       0.41     10024.35   9610.60     11043   
8166592.00    1674       2253       3927       4326       6747      11073      11073       1.10       0.41     10035.47   9599.49     11073   
8239508.00    1737       2370       4107       4263       6630      10893      10893       1.11       0.42     9790.48    9844.48     10893   
8312424.00    1693       2273       3966       4307       6727      11034      11034       1.11       0.41     9962.29    9672.66     11034   
8385340.00    1610       2245       3855       4390       6755      11145      11145       1.11       0.40     10085.21   9549.75     11145   
8458256.00    1644       2272       3916       4356       6728      11084      11084       1.10       0.41     10035.44   9599.52     11084   
8531172.00    1607       2231       3838       4393       6769      11162      11162       1.10       0.40     10146.51   9488.44     11162   
8604088.00    1539       2144       3683       4461       6856      11317      11317       1.09       0.40     10348.42   9286.54     11317   
8677004.00    1605       2148       3753       4395       6852      11247      11247       1.09       0.40     10290.44   9344.52     11247   
8749920.00    1642       2245       3887       4358       6755      11113      11113       1.09       0.41     10180.33   9454.63     11113   
8822836.00    1704       2255       3959       4296       6745      11041      11041       1.09       0.42     10102.10   9532.85     11041   
8895752.00    1679       2284       3963       4321       6716      11037      11037       1.10       0.41     10061.33   9573.62     11037   
8968668.00    1644       2230       3874       4356       6770      11126      11126       1.10       0.41     10155.80   9479.15     11126   
9041584.00    1684       2276       3960       4316       6724      11040      11040       1.10       0.41     10053.72   9581.24     11040   
9114500.00    1638       2273       3911       4362       6727      11089      11089       1.10       0.41     10090.72   9544.23     11089   
9187416.00    1616       2288       3904       4384       6712      11096      11096       1.09       0.41     10140.98   9493.98     11096   
9260332.00    1622       2244       3866       4378       6756      11134      11134       1.09       0.41     10236.69   9398.26     11134   
9333248.00    1559       2169       3728       4441       6831      11272      11272       1.09       0.40     10383.03   9251.92     11272   
9406164.00    1623       2194       3817       4377       6806      11183      11183       1.08       0.41     10325.12   9309.84     11183   
9479080.00    1715       2304       4019       4285       6696      10981      10981       1.09       0.42     10111.12   9523.84     10981   
9551996.00    1611       2136       3747       4389       6864      11253       6944       1.08       0.41     10390.92   9244.03      5626   
9624912.00    1709       2354       4063       4291       6646      10937      10937       1.09       0.42     10040.05   9594.90     10937   
9697828.00    1803       2415       4218       4197       6585      10782      10782       1.09       0.43     9868.78    9766.17     10782   
9770744.00    1750       2429       4179       4250       6571      10821      10821       1.10       0.43     9866.63    9768.32     10821   
9843660.00    1741       2383       4124       4259       6617      10876      10876       1.09       0.43     9957.25    9677.70     10876   
9916576.00    1735       2393       4128       4265       6607      10872      10872       1.09       0.43     10006.97   9627.98     10872   
9989492.00    1703       2266       3969       4297       6734      11031      11031       1.09       0.42     10125.80   9509.15     11031   
10062408.00    1747       2420       4167       4253       6580      10833      10833       1.09       0.43     9930.37    9704.59     10833   
10135324.00    1707       2343       4050       4293       6657      10950      10950       1.09       0.42     10090.80   9544.16     10950   
10208240.00    1747       2405       4152       4253       6595      10848      10848       1.09       0.43     9952.02    9682.93     10848   
10281156.00    1680       2354       4034       4320       6646      10966      10966       1.10       0.42     10001.03   9633.93     10966   
10354072.00    1675       2296       3971       4325       6704      11029      11029       1.10       0.41     10008.76   9626.20     11029   
10426988.00    1708       2336       4044       4292       6664      10956      10956       1.11       0.42     9893.47    9741.48     10956   
10499904.00    1693       2333       4026       4307       6667      10974      10974       1.10       0.42     10019.52   9615.43     10974   
10572820.00    1728       2349       4077       4272       6651      10923      10923       1.10       0.42     9961.32    9673.63     10923   
10645736.00    1669       2313       3982       4331       6687      11018      11018       1.09       0.42     10080.67   9554.28     11018   
10718652.00    1623       2262       3885       4377       6738      11115      11115       1.10       0.41     10130.21   9504.74     11115   
10791568.00    1685       2341       4026       4315       6659      10974      10974       1.09       0.42     10035.29   9599.67     10974   
10864484.00    1611       2251       3862       4389       6749      11138      11138       1.09       0.41     10190.73   9444.22     11138   
10937400.00    1701       2354       4055       4299       6646      10945      10945       1.10       0.42     9989.64    9645.31     10945   
11010316.00    1846       2581       4427       4154       6419      10573      10573       1.10       0.44     9624.21    10010.74    10573   
11083232.00    1879       2614       4493       4121       6386      10507      10507       1.11       0.44     9500.90    10134.05    10507   
11156148.00    1738       2426       4164       4262       6574      10836      10836       1.10       0.43     9851.64    9783.32     10836   
11229064.00    1761       2443       4204       4239       6557      10796      10796       1.10       0.43     9807.58    9827.38     10796   
11301980.00    1806       2475       4281       4194       6525      10719      10719       1.10       0.43     9742.15    9892.81     10719   
11374896.00    1780       2495       4275       4220       6505      10725      10725       1.10       0.43     9792.58    9842.37     10725   
11447812.00    1848       2515       4363       4152       6485      10637      10637       1.09       0.44     9729.92    9905.03     10637   
11520728.00    1807       2517       4324       4193       6483      10676       8889       1.09       0.44     9813.52    9821.43      5338   
11593644.00    1834       2500       4334       4166       6500      10666      10666       1.09       0.44     9816.27    9818.68     10666   
11666560.00    1900       2584       4484       4100       6416      10516      10516       1.08       0.45     9710.50    9924.46     10516   
11739476.00    1922       2642       4564       4078       6358      10436      10436       1.09       0.45     9572.63    10062.33    10436   
11812392.00    1814       2545       4359       4186       6455      10641      10641       1.10       0.44     9688.68    9946.27     10641   
11885308.00    1752       2411       4163       4248       6589      10837      10837       1.10       0.43     9869.39    9765.57     10837   
11958224.00    1802       2416       4218       4198       6584      10782      10782       1.10       0.43     9778.93    9856.03     10782   
12031140.00    1767       2431       4198       4233       6569      10802      10802       1.10       0.43     9839.74    9795.21     10802   
12104056.00    1684       2313       3997       4316       6687      11003      11003       1.10       0.41     9976.50    9658.46     11003   
12176972.00    1608       2133       3741       4392       6867      11259      11259       1.10       0.40     10230.71   9404.24     11259   
12249888.00    1631       2163       3794       4369       6837      11206      11206       1.10       0.40     10166.29   9468.66     11206   
12322804.00    1601       2144       3745       4399       6856      11255      11255       1.10       0.40     10235.01   9399.95     11255   
12395720.00    1641       2156       3797       4359       6844      11203      11203       1.10       0.40     10206.16   9428.79     11203   
12468636.00    1607       2134       3741       4393       6866      11259      11259       1.09       0.40     10293.22   9341.74     11259   
12541552.00    1709       2234       3943       4291       6766      11057      11057       1.10       0.41     10083.01   9551.95     11057   
12614468.00    1633       2227       3860       4367       6773      11140      11140       1.09       0.41     10226.65   9408.30     11140   
12687384.00    1661       2267       3928       4339       6733      11072      11072       1.09       0.42     10177.26   9457.69     11072   
12760300.00    1739       2376       4115       4261       6624      10885      10885       1.08       0.43     10032.28   9602.68     10885   
12833216.00    1756       2385       4141       4244       6615      10859      10859       1.08       0.43     10011.37   9623.59     10859   
12906132.00    1728       2409       4137       4272       6591      10863      10863       1.09       0.43     9993.66    9641.29     10863   
12979048.00    1779       2393       4172       4221       6607      10828      10828       1.10       0.43     9880.70    9754.25     10828   
13051964.00    1737       2280       4017       4263       6720      10983      10983       1.10       0.42     9979.18    9655.78     10983   
13124880.00    1646       2227       3873       4354       6773      11127      11127       1.10       0.41     10131.76   9503.19     11127   
13197796.00    1641       2195       3836       4359       6805      11164      11164       1.10       0.41     10194.42   9440.54     11164   
13270712.00    1556       2111       3667       4444       6889      11333      11333       1.09       0.39     10351.07   9283.89     11333   
13343628.00    1595       2127       3722       4405       6873      11278      11278       1.10       0.40     10259.48   9375.48     11278   
13416544.00    1576       2128       3704       4424       6872      11296      11296       1.10       0.40     10303.09   9331.87     11296   
13489460.00    1561       2080       3641       4439       6920      11359      11359       1.09       0.39     10397.81   9237.14     11359   
13562376.00    1607       2159       3766       4393       6841      11234      11234       1.09       0.40     10309.87   9325.08     11234   
13635292.00    1631       2184       3815       4369       6816      11185      11185       1.10       0.40     10201.93   9433.03     11185   
13708208.00    1577       2135       3712       4423       6865      11288      11288       1.10       0.40     10257.46   9377.50     11288   
13781124.00    1623       2297       3920       4377       6703      11080      11080       1.11       0.41     9993.55    9641.40     11080   
13854040.00    1610       2224       3834       4390       6776      11166      11166       1.11       0.40     10063.99   9570.96     11166   
13926956.00    1548       2115       3663       4452       6885      11337      11337       1.10       0.39     10291.43   9343.53     11337   
13999872.00    1575       2177       3752       4425       6823      11248      11248       1.10       0.40     10233.53   9401.43     11248   
14072788.00    1560       2118       3678       4440       6882      11322      11322       1.10       0.40     10332.02   9302.94     11322   
14145704.00    1708       2264       3972       4292       6736      11028      11028       1.10       0.41     10030.18   9604.77     11028   
14218620.00    1707       2304       4011       4293       6696      10989      10989       1.10       0.41     9964.03    9670.92     10989   
14291536.00    1675       2203       3878       4325       6797      11122      11122       1.11       0.40     10004.89   9630.06     11122   
14364452.00    1589       2096       3685       4411       6904      11315      11315       1.11       0.39     10158.12   9476.84     11315   
14437368.00    1564       2101       3665       4436       6899      11335      11335       1.11       0.39     10210.91   9424.05     11335   
14510284.00    1568       2114       3682       4432       6886      11318      11318       1.11       0.39     10211.60   9423.36     11318   
14583200.00    1590       2197       3787       4410       6803      11213      11213       1.10       0.40     10155.12   9479.83     11213   
14656116.00    1538       2067       3605       4462       6933      11395      11395       1.11       0.38     10255.88   9379.07     11395   
14729032.00    1608       2116       3724       4392       6884      11276      11276       1.11       0.39     10156.29   9478.67     11276   
14801948.00    1507       2099       3606       4493       6901      11394      11394       1.11       0.39     10298.14   9336.82     11394   
14874864.00    1608       2104       3712       4392       6896      11288      11288       1.10       0.40     10242.48   9392.47     11288   
14947780.00    1605       2108       3713       4395       6892      11287      11287       1.10       0.40     10243.04   9391.92     11287   
15020696.00    1639       2211       3850       4361       6789      11150      11150       1.10       0.41     10150.73   9484.22     11150   
15093612.00    1689       2257       3946       4311       6743      11054      11054       1.10       0.41     10061.67   9573.29     11054   
15166528.00    1787       2395       4182       4213       6605      10818      10818       1.11       0.42     9745.61    9889.35     10818   
15239444.00    1791       2418       4209       4209       6582      10791      10791       1.11       0.42     9726.89    9908.06     10791   
15312360.00    1800       2425       4225       4200       6575      10775      10775       1.10       0.43     9770.05    9864.91     10775   
15385276.00    1774       2373       4147       4226       6627      10853      10853       1.11       0.42     9802.21    9832.75     10853   
15458192.00    1711       2380       4091       4289       6620      10909      10909       1.11       0.42     9819.97    9814.98     10909   
15531108.00    1645       2281       3926       4355       6719      11074      11074       1.11       0.41     9952.43    9682.52     11074   
15604024.00    1581       2166       3747       4419       6834      11253      11253       1.10       0.40     10200.71   9434.24     11253   
15676940.00    1587       2209       3796       4413       6791      11204      11204       1.10       0.40     10203.60   9431.35     11204   
15749856.00    1648       2271       3919       4352       6729      11081      11081       1.10       0.41     10052.15   9582.81     11081   
15822772.00    1637       2281       3918       4363       6719      11082      11082       1.10       0.41     10086.46   9548.49     11082   
15895688.00    1646       2275       3921       4354       6725      11079      11079       1.10       0.41     10049.60   9585.35     11079   
15968604.00    1587       2201       3788       4413       6799      11212      11212       1.10       0.40     10233.42   9401.54     11212   
16041520.00    1590       2207       3797       4410       6793      11203      11203       1.09       0.40     10254.90   9380.06     11203   
16114436.00    1559       2164       3723       4441       6836      11277      11277       1.09       0.40     10365.14   9269.82     11277   
16187352.00    1637       2210       3847       4363       6790      11153      11153       1.09       0.41     10208.37   9426.58     11153   
16260268.00    1689       2353       4042       4311       6647      10958      10958       1.09       0.42     10063.17   9571.79     10958   
16333184.00    1669       2344       4013       4331       6656      10987      10987       1.09       0.42     10070.66   9564.30     10987   
16406100.00    1663       2367       4030       4337       6633      10970      10970       1.09       0.42     10037.84   9597.11     10970   
16479016.00    1642       2400       4042       4358       6600      10958      10958       1.09       0.42     10033.47   9601.48     10958   
16551932.00    1590       2308       3898       4410       6692      11102      11102       1.09       0.41     10210.25   9424.71     11102   
16624848.00    1624       2352       3976       4376       6648      11024      11024       1.09       0.42     10104.81   9530.14     11024   
16697764.00    1612       2345       3957       4388       6655      11043      11043       1.09       0.41     10099.74   9535.22     11043   
16770680.00    1664       2299       3963       4336       6701      11037      11037       1.10       0.41     10010.30   9624.65     11037   
16843596.00    1652       2331       3983       4348       6669      11017      11017       1.10       0.41     10021.33   9613.63     11017   
16916512.00    1659       2369       4028       4341       6631      10972      10972       1.10       0.42     9968.99    9665.96     10972   
16989428.00    1721       2428       4149       4279       6572      10851      10851       1.10       0.42     9836.31    9798.64     10851   
17062344.00    1841       2606       4447       4159       6394      10553      10553       1.11       0.44     9535.01    10099.95    10553   
17135260.00    1710       2362       4072       4290       6638      10928      10928       1.10       0.42     9913.04    9721.92     10928   
17208176.00    1827       2648       4475       4173       6352      10525      10525       1.11       0.44     9500.71    10134.24    10525   
17281092.00    1692       2346       4038       4308       6654      10962      10962       1.10       0.42     9970.18    9664.77     10962   
17354008.00    1857       2645       4502       4143       6355      10498      10498       1.11       0.44     9460.17    10174.78    10498   
17426924.00    1819       2555       4374       4181       6445      10626      10626       1.11       0.43     9573.25    10061.71    10626   
17499840.00    1766       2460       4226       4234       6540      10774      10774       1.11       0.43     9719.75    9915.21     10774   
17572756.00    1698       2353       4051       4302       6647      10949      10949       1.11       0.41     9856.01    9778.95     10949   
17645672.00    1624       2270       3894       4376       6730      11106      11106       1.11       0.40     10017.29   9617.67     11106   
17718588.00    1630       2250       3880       4370       6750      11120      11120       1.11       0.40     10033.50   9601.46     11120   
17791504.00    1599       2294       3893       4401       6706      11107      11107       1.11       0.41     10024.76   9610.20     11107   
17864420.00    1726       2385       4111       4274       6615      10889      10889       1.11       0.42     9821.67    9813.29     10889   
17937336.00    1665       2344       4009       4335       6656      10991      10991       1.10       0.41     9972.50    9662.45     10991   
18010252.00    1705       2370       4075       4295       6630      10925      10925       1.11       0.42     9884.59    9750.37     10925   
18083168.00    1722       2339       4061       4278       6661      10939      10939       1.10       0.42     9905.90    9729.05     10939   
18156084.00    1652       2262       3914       4348       6738      11086      11086       1.11       0.41     9999.92    9635.04     11086   
18229000.00    1637       2219       3856       4363       6781      11144      11144       1.11       0.40     10065.42   9569.54     11144   
18301916.00    1570       2192       3762       4430       6808      11238      11238       1.10       0.40     10205.14   9429.82     11238   
18374832.00    1624       2249       3873       4376       6751      11127      11127       1.11       0.40     10048.12   9586.83     11127   
18447748.00    1639       2208       3847       4361       6792      11153      11153       1.11       0.40     10088.52   9546.44     11153   
18520664.00    1656       2278       3934       4344       6722      11066      11066       1.11       0.41     10011.64   9623.32     11066   
18593580.00    1701       2333       4034       4299       6667      10966      10966       1.10       0.42     9960.60    9674.35     10966   
18666496.00    1741       2403       4144       4259       6597      10856      10856       1.10       0.42     9846.43    9788.52     10856   
18739412.00    1713       2402       4115       4287       6598      10885      10885       1.10       0.42     9887.48    9747.48     10885   
18812328.00    1719       2370       4089       4281       6630      10911      10911       1.10       0.42     9884.52    9750.44     10911   
18885244.00    1646       2205       3851       4354       6795      11149      11149       1.11       0.40     10081.51   9553.44     11149   
18958160.00    1582       2158       3740       4418       6842      11260      11260       1.10       0.40     10192.98   9441.98     11260   
19031076.00    1613       2190       3803       4387       6810      11197      11197       1.11       0.40     10117.40   9517.55     11197   
19103992.00    1676       2336       4012       4324       6664      10988      10988       1.11       0.41     9919.30    9715.65     10988   
19176908.00    1680       2313       3993       4320       6687      11007       8543       1.10       0.41     10004.00   9630.95      5503   
19249824.00    1660       2311       3971       4340       6689      11029       8509       1.11       0.41     9967.62    9667.34      5514   
19322740.00    1700       2361       4061       4300       6639      10939       8536       1.10       0.42     9900.13    9734.82      5469   
19395656.00    1748       2461       4209       4252       6539      10791       8401       1.11       0.42     9678.35    9956.60      5395   
19468572.00    1653       2260       3913       4347       6740      11087       8614       1.11       0.41     9994.05    9640.91      5543   
19541488.00    1713       2307       4020       4287       6693      10980       8587       1.12       0.41     9817.65    9817.30      5490   
19614404.00    1715       2373       4088       4285       6627      10912      10912       1.12       0.41     9704.99    9929.96     10912   
19687320.00    1599       2254       3853       4401       6746      11147      11147       1.12       0.40     9925.43    9709.53     11147   
19760236.00    1589       2247       3836       4411       6753      11164      11164       1.12       0.40     9988.79    9646.17     11164   
19833152.00    1503       2154       3657       4497       6846      11343      11343       1.11       0.39     10211.01   9423.94     11343   
19906068.00    1583       2239       3822       4417       6761      11178      11178       1.11       0.40     10054.02   9580.94     11178   
19978984.00    1543       2206       3749       4457       6794      11251       9128       1.11       0.39     10125.60   9509.35      5625   
20051900.00    1532       2137       3669       4468       6863      11331      11331       1.11       0.39     10201.47   9433.49     11331   
20124816.00    1516       2102       3618       4484       6898      11382      11382       1.10       0.39     10316.62   9318.34     11382   
20197732.00    1584       2160       3744       4416       6840      11256      11256       1.11       0.39     10153.35   9481.61     11256   
20270648.00    1606       2249       3855       4394       6751      11145      11145       1.11       0.40     10009.24   9625.72     11145   
20343564.00    1657       2256       3913       4343       6744      11087       9224       1.11       0.40     9955.61    9679.34      5543   
20416480.00    1663       2236       3899       4337       6764      11101       9275       1.11       0.41     10007.81   9627.14      5550   
20489396.00    1685       2383       4068       4315       6617      10932       9188       1.11       0.41     9824.13    9810.82      5466   
20562312.00    1626       2353       3979       4374       6647      11021       9318       1.11       0.41     9910.84    9724.12      5510   
20635228.00    1658       2374       4032       4342       6626      10968       9304       1.12       0.41     9816.38    9818.57      5484   
20708144.00    1569       2245       3814       4431       6755      11186       9520       1.11       0.40     10032.44   9602.52      5593   
20781060.00    1576       2217       3793       4424       6783      11207       9567       1.11       0.40     10056.31   9578.65      5603   
20853976.00    1554       2180       3734       4446       6820      11266       9657       1.11       0.39     10124.56   9510.39      5633   
20926892.00    1522       2161       3683       4478       6839      11317       9740       1.11       0.39     10217.77   9417.18      5658   
20999808.00    1551       2129       3680       4449       6871      11320       9667       1.11       0.39     10221.46   9413.49      5660   
21072724.00    1532       2084       3616       4468       6916      11384       9683       1.11       0.39     10293.72   9341.24      5692   
21145640.00    1570       2116       3686       4430       6884      11314       9757       1.11       0.39     10238.46   9396.49      5657   
21218556.00    1640       2303       3943       4360       6697      11057       9508       1.10       0.41     10030.16   9604.79      5528   
21291472.00    1717       2373       4090       4283       6627      10910       9521       1.10       0.42     9887.04    9747.91      5455   
21364388.00    1773       2452       4225       4227       6548      10775       9424       1.10       0.43     9801.52    9833.43      5387   
21437304.00    1758       2474       4232       4242       6526      10768       9425       1.09       0.43     9834.69    9800.26      5384   
21510220.00    1887       2651       4538       4113       6349      10462       9067       1.10       0.45     9518.02    10116.93     5231   
21583136.00    1837       2642       4479       4163       6358      10521      10521       1.10       0.44     9554.62    10080.33    10521   
21656052.00    1834       2555       4389       4166       6445      10611       9004       1.10       0.44     9632.55    10002.41     5305   
21728968.00    1811       2572       4383       4189       6428      10617       9022       1.10       0.44     9652.60    9982.36      5308   
21801884.00    1931       2746       4677       4069       6254      10323       8794       1.11       0.45     9319.56    10315.39     5161   
21874800.00    1788       2599       4387       4212       6401      10613       9082       1.11       0.44     9568.82    10066.13     5306   
21947716.00    1786       2579       4365       4214       6421      10635       9057       1.11       0.43     9584.82    10050.13     5317   
22020632.00    1780       2563       4343       4220       6437      10657       9207       1.11       0.43     9611.20    10023.76     5328   
22093548.00    1794       2536       4330       4206       6464      10670       9184       1.11       0.43     9611.95    10023.01     5335   
22166464.00    1831       2613       4444       4169       6387      10556       9154       1.11       0.44     9495.42    10139.53     5278   
22239380.00    1739       2452       4191       4261       6548      10809       9268       1.10       0.43     9796.98    9837.97      5404   
22312296.00    1789       2486       4275       4211       6514      10725       9155       1.11       0.43     9666.57    9968.38      5362   
22385212.00    1784       2460       4244       4216       6540      10756       9164       1.11       0.43     9669.07    9965.89      5378   
22458128.00    1820       2498       4318       4180       6502      10682       9139       1.12       0.43     9566.67    10068.28     5341   
22531044.00    1784       2402       4186       4216       6598      10814       9350       1.11       0.42     9733.99    9900.97      5407   
22603960.00    1760       2441       4201       4240       6559      10799       9354       1.11       0.42     9724.46    9910.50      5399   
22676876.00    1753       2463       4216       4247       6537      10784       9262       1.11       0.43     9715.12    9919.83      5392   
22749792.00    1734       2414       4148       4266       6586      10852       9359       1.11       0.42     9786.81    9848.14      5426   
22822708.00    1717       2380       4097       4283       6620      10903       9433       1.11       0.42     9865.15    9769.81      5451   
22895624.00    1724       2442       4166       4276       6558      10834       9369       1.11       0.42     9771.20    9863.76      5417   
22968540.00    1670       2382       4052       4330       6618      10948       9431       1.11       0.41     9836.13    9798.83      5474   
23041456.00    1737       2329       4066       4263       6671      10934       9420       1.11       0.41     9833.13    9801.83      5467   
23114372.00    1643       2251       3894       4357       6749      11106       9536       1.11       0.40     9991.61    9643.34      5553   
23187288.00    1652       2263       3915       4348       6737      11085       9574       1.11       0.41     9972.83    9662.13      5542   
23260204.00    1625       2280       3905       4375       6720      11095       9520       1.11       0.41     10000.18   9634.77      5547   
23333120.00    1694       2334       4028       4306       6666      10972       9465       1.11       0.41     9869.03    9765.93      5486   
23406036.00    1662       2303       3965       4338       6697      11035       9540       1.11       0.41     9943.72    9691.23      5517   
23478952.00    1627       2270       3897       4373       6730      11103       9543       1.11       0.41     10038.91   9596.05      5551   
23551868.00    1635       2260       3895       4365       6740      11105      11105       1.11       0.41     10043.90   9591.05     11105   
23624784.00    1619       2224       3843       4381       6776      11157      11157       1.10       0.41     10169.86   9465.10     11157   
23697700.00    1648       2233       3881       4352       6767      11119      11119       1.10       0.41     10153.22   9481.73     11119   
23770616.00    1665       2298       3963       4335       6702      11037      11037       1.10       0.41     10062.96   9571.99     11037   
23843532.00    1632       2250       3882       4368       6750      11118      11118       1.10       0.41     10097.46   9537.49     11118   
23916448.00    1654       2317       3971       4346       6683      11029       8979       1.11       0.41     9965.92    9669.03      5514   
23989364.00    1640       2281       3921       4360       6719      11079      11079       1.10       0.41     10069.32   9565.63     11079   
24062280.00    1605       2265       3870       4395       6735      11130      11130       1.10       0.41     10100.20   9534.76     11130   
24135196.00    1628       2303       3931       4372       6697      11069      11069       1.09       0.41     10109.44   9525.52     11069   
24208112.00    1640       2312       3952       4360       6688      11048      11048       1.10       0.41     10074.67   9560.28     11048   
24281028.00    1649       2182       3831       4351       6818      11169      11169       1.09       0.41     10284.81   9350.14     11169   
24353944.00    1693       2256       3949       4307       6744      11051      11051       1.09       0.42     10161.60   9473.35     11051   
24426860.00    1853       2501       4354       4147       6499      10646       9259       1.10       0.44     9711.49    9923.47      5323   
24499776.00    1735       2396       4131       4265       6604      10869       9275       1.10       0.42     9901.66    9733.29      5434   
24572692.00    1873       2554       4427       4127       6446      10573      10573       1.10       0.44     9635.80    9999.16     10573   
24645608.00    1877       2601       4478       4123       6399      10522      10522       1.09       0.45     9657.64    9977.31     10522   
24718524.00    1724       2344       4068       4276       6656      10932       9616       1.09       0.42     10042.00   9592.96      5466   
24791440.00    2322       3268       5590       3678       5732       9410       9410       1.11       0.50     8487.60    11147.35     9410   
24864356.00    2201       3085       5286       3799       5915       9714       9714       1.11       0.49     8766.26    10868.69     9714   
24937272.00    2203       3103       5306       3797       5897       9694       9694       1.12       0.48     8670.66    10964.30     9694   
25010188.00    2110       2967       5077       3890       6033       9923       9923       1.12       0.47     8866.68    10768.27     9923   
25083104.00    2103       2918       5021       3897       6082       9979       9979       1.12       0.47     8904.72    10730.23     9979   
25156020.00    2097       2902       4999       3903       6098      10001      10001       1.12       0.47     8958.45    10676.51    10001   
25228936.00    2093       2975       5068       3907       6025       9932       9932       1.12       0.47     8876.00    10758.96     9932   
25301852.00    2057       2854       4911       3943       6146      10089      10089       1.12       0.46     9042.51    10592.44    10089   
25374768.00    2011       2874       4885       3989       6126      10115      10115       1.11       0.46     9102.31    10532.65    10115   
25447684.00    2040       2909       4949       3960       6091      10051      10051       1.12       0.46     8979.66    10655.30    10051   
25520600.00    1948       2851       4799       4052       6149      10201      10201       1.12       0.45     9085.99    10548.96    10201   
25593516.00    1951       2863       4814       4049       6137      10186      10186       1.13       0.45     9048.45    10586.50    10186   
25666432.00    1886       2688       4574       4114       6312      10426      10426       1.12       0.44     9296.13    10338.83    10426   
25739348.00    1824       2582       4406       4176       6418      10594      10594       1.12       0.43     9466.33    10168.62    10594   
25812264.00    1791       2545       4336       4209       6455      10664      10664       1.12       0.43     9549.51    10085.45    10664   
25885180.00    1827       2581       4408       4173       6419      10592      10592       1.12       0.43     9478.94    10156.01    10592   
25958096.00    1851       2583       4434       4149       6417      10566      10566       1.12       0.44     9466.02    10168.93    10566   
26031012.00    1880       2725       4605       4120       6275      10395      10395       1.11       0.45     9330.36    10304.59    10395   
26103928.00    1894       2673       4567       4106       6327      10433      10433       1.12       0.44     9324.18    10310.78    10433   
26176844.00    1873       2587       4460       4127       6413      10540      10540       1.12       0.44     9440.82    10194.14    10540   
26249760.00    1899       2658       4557       4101       6342      10443      10443       1.12       0.44     9346.67    10288.28    10443   
26322676.00    1870       2646       4516       4130       6354      10484      10484       1.12       0.44     9400.45    10234.50    10484   
26395592.00    1863       2621       4484       4137       6379      10516      10516       1.11       0.44     9464.27    10170.68    10516   
26468508.00    1995       2778       4773       4005       6222      10227      10227       1.12       0.46     9171.64    10463.32    10227   
26541424.00    2026       2777       4803       3974       6223      10197      10197       1.12       0.46     9091.35    10543.61    10197   
26614340.00    1967       2701       4668       4033       6299      10332      10332       1.13       0.45     9176.75    10458.20    10332   
26687256.00    1961       2636       4597       4039       6364      10403      10403       1.13       0.44     9185.87    10449.09    10403   
26760172.00    1884       2597       4481       4116       6403      10519      10519       1.13       0.43     9290.36    10344.59    10519   
26833088.00    1844       2482       4326       4156       6518      10674      10674       1.13       0.42     9405.36    10229.59    10674   
26906004.00    1806       2372       4178       4194       6628      10822      10822       1.14       0.41     9483.08    10151.87    10822   
26978920.00    1746       2336       4082       4254       6664      10918      10918       1.14       0.41     9569.17    10065.79    10918   
27051836.00    1691       2212       3903       4309       6788      11097      11097       1.14       0.39     9714.23    9920.73     11097   
27124752.00    1675       2184       3859       4325       6816      11141      11141       1.14       0.39     9765.29    9869.67     11141   
27197668.00    1626       2079       3705       4374       6921      11295      11295       1.14       0.38     9887.39    9747.56     11295   
27270584.00    1571       2044       3615       4429       6956      11385      11385       1.14       0.37     9951.71    9683.25     11385   
27343500.00    1583       2064       3647       4417       6936      11353      11353       1.14       0.38     9934.29    9700.67     11353   
27416416.00    1528       2015       3543       4472       6985      11457      11457       1.14       0.37     10036.37   9598.59     11457   
27489332.00    1489       1919       3408       4511       7081      11592      11592       1.14       0.36     10131.16   9503.79     11592   
27562248.00    1522       1963       3485       4478       7037      11515      11515       1.14       0.36     10078.26   9556.70     11515   
27635164.00    1502       1962       3464       4498       7038      11536      11536       1.14       0.36     10105.04   9529.92     11536   
27708080.00    1454       1916       3370       4546       7084      11630      11630       1.14       0.36     10170.03   9464.93     11630   
27780996.00    1416       1868       3284       4584       7132      11716      11716       1.14       0.35     10279.16   9355.79     11716   
27853912.00    1458       1951       3409       4542       7049      11591      11591       1.13       0.36     10226.56   9408.39     11591   
27926828.00    1462       1937       3399       4538       7063      11601      11601       1.13       0.36     10224.45   9410.51     11601   
27999744.00    1476       1994       3470       4524       7006      11530      11530       1.14       0.37     10136.68   9498.28     11530   
28072660.00    1453       1936       3389       4547       7064      11611      11611       1.13       0.36     10264.45   9370.51     11611   
28145576.00    1476       1955       3431       4524       7045      11569      11569       1.13       0.36     10213.62   9421.33     11569   
28218492.00    1559       2104       3663       4441       6896      11337      11337       1.13       0.38     10034.54   9600.42     11337   
28291408.00    1518       2069       3587       4482       6931      11413      11413       1.13       0.38     10133.86   9501.10     11413   
28364324.00    1525       2069       3594       4475       6931      11406      11406       1.13       0.38     10096.20   9538.75     11406   
28437240.00    1582       2127       3709       4418       6873      11291      11291       1.13       0.38     9990.65    9644.31     11291   
28510156.00    1489       2041       3530       4511       6959      11470      11470       1.13       0.37     10191.85   9443.10     11470   
28583072.00    1508       2123       3631       4492       6877      11369      11369       1.13       0.38     10085.19   9549.77     11369   
28655988.00    1546       2160       3706       4454       6840      11294      11294       1.13       0.38     9995.02    9639.94     11294   
28728904.00    1528       2087       3615       4472       6913      11385      11385       1.13       0.38     10083.22   9551.73     11385   
28801820.00    1518       2083       3601       4482       6917      11399      11399       1.13       0.38     10088.23   9546.73     11399   
28874736.00    1540       2099       3639       4460       6901      11361      11361       1.13       0.38     10027.15   9607.80     11361   
28947652.00    1520       2028       3548       4480       6972      11452      11452       1.13       0.37     10130.44   9504.51     11452   
29020568.00    1496       2006       3502       4504       6994      11498      11498       1.13       0.37     10137.19   9497.76     11498   
29093484.00    1517       2094       3611       4483       6906      11389      11389       1.14       0.38     10024.99   9609.97     11389   
29166400.00    1545       2103       3648       4455       6897      11352      11352       1.13       0.38     10054.14   9580.82     11352   
