 Timestep    Gas_A      Gas_B     Gas_tot    Dense_A    Dense_B   Dense_tot   Lg_clust  DP_density GP_density Clust_area  Gas_area     MCS    
   0.00       4500      10500      15000        0          0          0          7         0.00       0.76       0.00     19634.96      0     
 52083.00     4500      10500      15000        0          0          0         131        0.00       0.76       0.00     19634.96      0     
104166.00     4500      10500      15000        0          0          0         192        0.00       0.76       0.00     19634.96      0     
156249.00     4500      10500      15000        0          0          0         246        0.00       0.76       0.00     19634.96      0     
208332.00     4500      10500      15000        0          0          0         275        0.00       0.76       0.00     19634.96      0     
260415.00     4500      10500      15000        0          0          0         394        0.00       0.76       0.00     19634.96      0     
312498.00     4500      10500      15000        0          0          0         290        0.00       0.76       0.00     19634.96      0     
364581.00     4500      10500      15000        0          0          0         331        0.00       0.76       0.00     19634.96      0     
416664.00     4500      10500      15000        0          0          0         591        0.00       0.76       0.00     19634.96      0     
468747.00     4227       9703      13930       273        797        1070       1070       0.97       0.75     1099.47    18535.49     1070   
520830.00     4500      10500      15000        0          0          0         693        0.00       0.76       0.00     19634.96      0     
572913.00     4500      10500      15000        0          0          0         615        0.00       0.76       0.00     19634.96      0     
624996.00     4500      10500      15000        0          0          0         562        0.00       0.76       0.00     19634.96      0     
677079.00     4500      10500      15000        0          0          0         736        0.00       0.76       0.00     19634.96      0     
729162.00     4237       9695      13932       263        805        1068       1068       0.99       0.75     1075.45    18559.50     1068   
781245.00     4197       9626      13823       303        874        1177       1177       0.96       0.75     1225.26    18409.69     1177   
833328.00     4500      10500      15000        0          0          0         743        0.00       0.76       0.00     19634.96      0     
885411.00     4201       9562      13763       299        938        1237       1237       1.00       0.75     1241.21    18393.74     1237   
937494.00     4500      10500      15000        0          0          0         796        0.00       0.76       0.00     19634.96      0     
989577.00     4500      10500      15000        0          0          0         772        0.00       0.76       0.00     19634.96      0     
1041660.00    4500      10500      15000        0          0          0         997        0.00       0.76       0.00     19634.96      0     
1093743.00    4500      10500      15000        0          0          0         420        0.00       0.76       0.00     19634.96      0     
1145826.00    4500      10500      15000        0          0          0         494        0.00       0.76       0.00     19634.96      0     
1197909.00    4500      10500      15000        0          0          0         775        0.00       0.76       0.00     19634.96      0     
1249992.00    4500      10500      15000        0          0          0         880        0.00       0.76       0.00     19634.96      0     
1302075.00    4500      10500      15000        0          0          0         958        0.00       0.76       0.00     19634.96      0     
1354158.00    4200       9725      13925       300        775        1075       1075       0.98       0.75     1098.17    18536.79     1075   
1406241.00    4121       9452      13573       379        1048       1427       1427       0.98       0.75     1449.63    18185.32     1427   
1458324.00    4123       9397      13520       377        1103       1480       1480       0.98       0.75     1506.26    18128.70     1480   
1510407.00    4244       9741      13985       256        759        1015       1015       1.00       0.75     1013.60    18621.35     1015   
1562490.00    4154       9566      13720       346        934        1280       1280       1.00       0.75     1278.88    18356.07     1280   
1614573.00    4160       9464      13624       340        1036       1376       1376       1.00       0.75     1382.15    18252.81     1376   
1666656.00    4500      10500      15000        0          0          0         977        0.00       0.76       0.00     19634.96      0     
1718739.00    4213       9656      13869       287        844        1131       1131       1.01       0.75     1125.23    18509.73     1131   
1770822.00    4500      10500      15000        0          0          0         994        0.00       0.76       0.00     19634.96      0     
1822905.00    4230       9661      13891       270        839        1109       1109       1.01       0.75     1103.39    18531.57     1109   
1874988.00    4252       9716      13968       248        784        1032       1032       1.02       0.75     1007.40    18627.55     1032   
1927071.00    4212       9578      13790       288        922        1210       1210       1.02       0.75     1189.74    18445.21     1210   
1979154.00    4271       9725      13996       229        775        1004       1004       1.02       0.75      987.05    18647.90     1004   
2031237.00    4225       9602      13827       275        898        1173       1173       1.01       0.75     1162.30    18472.66     1173   
2083320.00    4236       9616      13852       264        884        1148       1148       1.00       0.75     1143.34    18491.62     1148   
2135403.00    4500      10500      15000        0          0          0         874        0.00       0.76       0.00     19634.96      0     
2187486.00    4217       9709      13926       283        791        1074       1074       0.98       0.75     1094.84    18540.12     1074   
2239569.00    4500      10500      15000        0          0          0         974        0.00       0.76       0.00     19634.96      0     
2291652.00    4500      10500      15000        0          0          0         928        0.00       0.76       0.00     19634.96      0     
2343735.00    4122       9389      13511       378        1111       1489       1489       1.00       0.74     1495.55    18139.41     1489   
2395818.00    4156       9458      13614       344        1042       1386       1386       1.00       0.75     1386.28    18248.68     1386   
2447901.00    4154       9481      13635       346        1019       1365       1365       1.01       0.75     1353.18    18281.77     1365   
2499984.00    4162       9599      13761       338        901        1239       1239       0.99       0.75     1245.88    18389.08     1239   
2552067.00    4098       9386      13484       402        1114       1516       1516       0.99       0.74     1531.07    18103.89     1516   
2604150.00    3805       8542      12347       695        1958       2653       1370       0.98       0.73     2695.30    16939.65     1326   
2656233.00    4500      10500      15000        0          0          0         845        0.00       0.76       0.00     19634.96      0     
2708316.00    4500      10500      15000        0          0          0         956        0.00       0.76       0.00     19634.96      0     
2760399.00    4171       9595      13766       329        905        1234       1234       0.98       0.75     1255.82    18379.14     1234   
2812482.00    4204       9672      13876       296        828        1124       1124       0.97       0.75     1154.11    18480.85     1124   
2864565.00    4181       9651      13832       319        849        1168       1168       0.97       0.75     1205.40    18429.55     1168   
2916648.00    4500      10500      15000        0          0          0         739        0.00       0.76       0.00     19634.96      0     
2968731.00    4500      10500      15000        0          0          0         995        0.00       0.76       0.00     19634.96      0     
3020814.00    4500      10500      15000        0          0          0         928        0.00       0.76       0.00     19634.96      0     
3072897.00    4500      10500      15000        0          0          0         712        0.00       0.76       0.00     19634.96      0     
3124980.00    4075       9352      13427       425        1148       1573       1573       0.97       0.75     1622.38    18012.57     1573   
3177063.00    4500      10500      15000        0          0          0         956        0.00       0.76       0.00     19634.96      0     
3229146.00    4074       9341      13415       426        1159       1585       1585       0.99       0.74     1602.88    18032.08     1585   
3281229.00    4500      10500      15000        0          0          0         640        0.00       0.76       0.00     19634.96      0     
3333312.00    4011       9138      13149       489        1362       1851       1851       0.98       0.74     1883.48    17751.47     1851   
3385395.00    4209       9712      13921       291        788        1079       1079       1.00       0.75     1077.92    18557.03     1079   
3437478.00    4500      10500      15000        0          0          0         967        0.00       0.76       0.00     19634.96      0     
3489561.00    4164       9469      13633       336        1031       1367       1367       1.00       0.75     1362.81    18272.14     1367   
3541644.00    4500      10500      15000        0          0          0         944        0.00       0.76       0.00     19634.96      0     
3593727.00    4500      10500      15000        0          0          0         924        0.00       0.76       0.00     19634.96      0     
3645810.00    4162       9577      13739       338        923        1261       1261       1.02       0.75     1233.53    18401.42     1261   
3697893.00    4500      10500      15000        0          0          0         722        0.00       0.76       0.00     19634.96      0     
3749976.00    4090       9326      13416       410        1174       1584       1584       1.01       0.74     1572.25    18062.71     1584   
3802059.00    4107       9291      13398       393        1209       1602       1602       1.02       0.74     1566.41    18068.55     1602   
3854142.00    4193       9709      13902       307        791        1098       1098       0.99       0.75     1112.39    18522.57     1098   
3906225.00    4500      10500      15000        0          0          0         953        0.00       0.76       0.00     19634.96      0     
3958308.00    4500      10500      15000        0          0          0         972        0.00       0.76       0.00     19634.96      0     
4010391.00    3953       8900      12853       547        1600       2147       1091       1.00       0.74     2157.53    17477.42     1073   
4062474.00    3649       8078      11727       851        2422       3273       1832       1.00       0.72     3285.81    16349.15     1636   
4114557.00    3778       8454      12232       722        2046       2768       1627       1.01       0.72     2749.45    16885.51     1384   
4166640.00    3890       8782      12672       610        1718       2328       1174       1.03       0.73     2268.14    17366.82     1164   
4218723.00    4216       9748      13964       284        752        1036       1036       1.04       0.75      997.71    18637.25     1036   
4270806.00    3864       8641      12505       636        1859       2495       1400       1.01       0.73     2471.19    17163.77     1247   
4322889.00    3726       8349      12075       774        2151       2925       1791       0.99       0.72     2952.94    16682.01     1462   
4374972.00    4060       9214      13274       440        1286       1726       1726       1.01       0.74     1713.06    17921.90     1726   
4427055.00    4002       9067      13069       498        1433       1931       1931       1.01       0.74     1909.05    17725.90     1931   
4479138.00    4017       9056      13073       483        1444       1927       1927       1.01       0.74     1903.45    17731.50     1927   
4531221.00    4025       9066      13091       475        1434       1909       1909       1.02       0.74     1880.74    17754.21     1909   
4583304.00    3776       8404      12180       724        2096       2820       1800       1.02       0.72     2764.90    16870.06     1410   
4635387.00    3712       8173      11885       788        2327       3115       1980       1.02       0.72     3062.96    16571.99     1557   
4687470.00    3873       8653      12526       627        1847       2474       1465       1.02       0.73     2421.08    17213.88     1237   
4739553.00    3946       8805      12751       554        1695       2249       1158       1.03       0.73     2191.13    17443.83     1124   
4791636.00    3791       8424      12215       709        2076       2785       1770       0.99       0.73     2815.20    16819.75     1392   
4843719.00    4031       8981      13012       469        1519       1988       1988       1.01       0.74     1968.24    17666.72     1988   
4895802.00    3966       8833      12799       534        1667       2201       2201       1.01       0.73     2189.86    17445.10     2201   
4947885.00    4114       9202      13316       386        1298       1684       1684       1.02       0.74     1648.22    17986.74     1684   
4999968.00    3956       8847      12803       544        1653       2197       2197       1.01       0.73     2166.82    17468.13     2197   
5052051.00    4500      10500      15000        0          0          0         978        0.00       0.76       0.00     19634.96      0     
5104134.00    3874       8519      12393       626        1981       2607       2607       1.00       0.73     2604.12    17030.83     2607   
5156217.00    4079       9039      13118       421        1461       1882       1882       1.00       0.74     1888.30    17746.65     1882   
5208300.00    4500      10500      15000        0          0          0         950        0.00       0.76       0.00     19634.96      0     
5260383.00    4500      10500      15000        0          0          0         732        0.00       0.76       0.00     19634.96      0     
5312466.00    4500      10500      15000        0          0          0         848        0.00       0.76       0.00     19634.96      0     
5364549.00    3901       8573      12474       599        1927       2526       1467       0.99       0.73     2558.94    17076.01     1263   
5416632.00    4076       9041      13117       424        1459       1883       1883       0.99       0.74     1908.21    17726.74     1883   
5468715.00    4189       9406      13595       311        1094       1405       1405       1.01       0.75     1395.03    18239.92     1405   
5520798.00    3943       8707      12650       557        1793       2350       2350       0.99       0.73     2363.56    17271.40     2350   
5572881.00    4251       9548      13799       249        952        1201       1201       1.00       0.75     1201.72    18433.23     1201   
5624964.00    4284       9649      13933       216        851        1067       1067       1.02       0.75     1047.71    18587.24     1067   
5677047.00    4500      10500      15000        0          0          0         946        0.00       0.76       0.00     19634.96      0     
5729130.00    4500      10500      15000        0          0          0         973        0.00       0.76       0.00     19634.96      0     
5781213.00    4500      10500      15000        0          0          0         988        0.00       0.76       0.00     19634.96      0     
5833296.00    4154       9671      13825       346        829        1175       1175       1.01       0.75     1163.91    18471.05     1175   
5885379.00    4130       9539      13669       370        961        1331       1331       1.02       0.75     1304.11    18330.84     1331   
5937462.00    4107       9388      13495       393        1112       1505       1505       1.03       0.74     1462.85    18172.10     1505   
5989545.00    4056       9176      13232       444        1324       1768       1768       1.01       0.74     1751.28    17883.68     1768   
6041628.00    4017       9000      13017       483        1500       1983       1983       1.01       0.74     1958.51    17676.45     1983   
6093711.00    4045       9189      13234       455        1311       1766       1766       1.04       0.74     1704.69    17930.27     1766   
6145794.00    4037       9166      13203       463        1334       1797       1797       1.02       0.74     1762.44    17872.52     1797   
6197877.00    4139       9430      13569       361        1070       1431       1431       1.03       0.74     1394.70    18240.25     1431   
6249960.00    4148       9466      13614       352        1034       1386       1386       1.01       0.75     1372.53    18262.42     1386   
6302043.00    4098       9303      13401       402        1197       1599       1599       1.01       0.74     1584.26    18050.70     1599   
6354126.00    4063       9169      13232       437        1331       1768       1768       0.99       0.74     1777.05    17857.91     1768   
6406209.00    4096       9238      13334       404        1262       1666       1666       1.01       0.74     1652.23    17982.72     1666   
6458292.00    4067       9201      13268       433        1299       1732       1732       1.02       0.74     1700.27    17934.68     1732   
6510375.00    3992       8989      12981       508        1511       2019       2019       1.02       0.74     1988.82    17646.14     2019   
6562458.00    3988       8979      12967       512        1521       2033       2033       1.04       0.73     1953.70    17681.26     2033   
6614541.00    3974       8937      12911       526        1563       2089       2089       1.04       0.73     2014.40    17620.55     2089   
6666624.00    3978       9004      12982       522        1496       2018       2018       1.04       0.73     1947.81    17687.15     2018   
6718707.00    4028       9110      13138       472        1390       1862       1862       1.04       0.74     1798.63    17836.32     1862   
6770790.00    3915       8905      12820       585        1595       2180       2180       1.02       0.73     2145.51    17489.44     2180   
6822873.00    3945       8913      12858       555        1587       2142       2142       1.02       0.73     2099.04    17535.92     2142   
6874956.00    4037       9170      13207       463        1330       1793       1793       1.03       0.74     1741.56    17893.40     1793   
6927039.00    3962       8957      12919       538        1543       2081       2081       1.02       0.73     2047.66    17587.29     2081   
6979122.00    4096       9260      13356       404        1240       1644       1644       1.03       0.74     1599.52    18035.44     1644   
7031205.00    4002       9117      13119       498        1383       1881       1881       0.99       0.74     1908.23    17726.73     1881   
7083288.00    4500      10500      15000        0          0          0         1000       0.00       0.76       0.00     19634.96      0     
7135371.00    4082       9167      13249       418        1333       1751       1751       1.00       0.74     1750.04    17884.91     1751   
7187454.00    4500      10500      15000        0          0          0         956        0.00       0.76       0.00     19634.96      0     
7239537.00    4199       9561      13760       301        939        1240       1240       1.00       0.75     1240.64    18394.31     1240   
7291620.00    4128       9411      13539       372        1089       1461       1461       0.97       0.75     1500.77    18134.18     1461   
7343703.00    3945       8901      12846       555        1599       2154       2154       0.98       0.74     2188.17    17446.78     2154   
7395786.00    4088       9315      13403       412        1185       1597       1597       1.01       0.74     1575.45    18059.50     1597   
7447869.00    4007       9051      13058       493        1449       1942       1942       1.01       0.74     1927.63    17707.33     1942   
7499952.00    4208       9671      13879       292        829        1121       1121       1.01       0.75     1104.76    18530.20     1121   
7552035.00    4120       9492      13612       380        1008       1388       1388       1.00       0.75     1394.79    18240.16     1388   
7604118.00    4154       9482      13636       346        1018       1364       1364       1.03       0.74     1330.33    18304.62     1364   
7656201.00    3796       8418      12214       704        2082       2786       1716       1.00       0.73     2792.21    16842.74     1393   
7708284.00    4128       9411      13539       372        1089       1461       1461       1.00       0.75     1463.52    18171.43     1461   
7760367.00    4222       9605      13827       278        895        1173       1173       1.01       0.75     1164.78    18470.18     1173   
7812450.00    4196       9615      13811       304        885        1189       1189       1.01       0.75     1175.01    18459.95     1189   
7864533.00    3953       8875      12828       547        1625       2172       2172       0.98       0.74     2206.38    17428.58     2172   
7916616.00    4186       9551      13737       314        949        1263       1263       1.01       0.75     1255.72    18379.23     1263   
7968699.00    4096       9257      13353       404        1243       1647       1647       1.01       0.74     1637.30    17997.66     1647   
8020782.00    4205       9551      13756       295        949        1244       1244       1.02       0.75     1217.69    18417.27     1244   
8072865.00    3970       9002      12972       530        1498       2028       2028       0.98       0.74     2068.39    17566.57     2028   
8124948.00    4174       9533      13707       326        967        1293       1293       1.01       0.75     1283.47    18351.48     1293   
8177031.00    4150       9451      13601       350        1049       1399       1399       0.99       0.75     1413.67    18221.28     1399   
8229114.00    4116       9447      13563       384        1053       1437       1437       0.98       0.75     1467.89    18167.07     1437   
8281197.00    4500      10500      15000        0          0          0         904        0.00       0.76       0.00     19634.96      0     
8333280.00    4500      10500      15000        0          0          0         769        0.00       0.76       0.00     19634.96      0     
8385363.00    4500      10500      15000        0          0          0         900        0.00       0.76       0.00     19634.96      0     
8437446.00    4500      10500      15000        0          0          0         688        0.00       0.76       0.00     19634.96      0     
8489529.00    4500      10500      15000        0          0          0         720        0.00       0.76       0.00     19634.96      0     
8541612.00    4206       9648      13854       294        852        1146       1146       0.99       0.75     1155.48    18479.48     1146   
8593695.00    4111       9489      13600       389        1011       1400       1400       0.99       0.75     1420.04    18214.91     1400   
8645778.00    4191       9644      13835       309        856        1165       1165       0.99       0.75     1171.23    18463.72     1165   
8697861.00    4210       9789      13999       290        711        1001       1001       0.99       0.75     1016.06    18618.89     1001   
8749944.00    4500      10500      15000        0          0          0         924        0.00       0.76       0.00     19634.96      0     
8802027.00    4500      10500      15000        0          0          0         973        0.00       0.76       0.00     19634.96      0     
8854110.00    4500      10500      15000        0          0          0         801        0.00       0.76       0.00     19634.96      0     
8906193.00    4500      10500      15000        0          0          0         878        0.00       0.76       0.00     19634.96      0     
8958276.00    4214       9655      13869       286        845        1131       1131       0.99       0.75     1144.27    18490.68     1131   
9010359.00    4500      10500      15000        0          0          0         675        0.00       0.76       0.00     19634.96      0     
9062442.00    4500      10500      15000        0          0          0         703        0.00       0.76       0.00     19634.96      0     
9114525.00    3984       8943      12927       516        1557       2073       2073       0.99       0.74     2100.48    17534.48     2073   
9166608.00    4152       9381      13533       348        1119       1467       1467       0.98       0.75     1493.84    18141.11     1467   
9218691.00    4500      10500      15000        0          0          0         978        0.00       0.76       0.00     19634.96      0     
9270774.00    4231       9687      13918       269        813        1082       1082       0.97       0.75     1120.82    18514.13     1082   
9322857.00    4500      10500      15000        0          0          0         907        0.00       0.76       0.00     19634.96      0     
9374940.00    4500      10500      15000        0          0          0         906        0.00       0.76       0.00     19634.96      0     
9427023.00    4500      10500      15000        0          0          0         549        0.00       0.76       0.00     19634.96      0     
9479106.00    4500      10500      15000        0          0          0         827        0.00       0.76       0.00     19634.96      0     
9531189.00    4500      10500      15000        0          0          0         662        0.00       0.76       0.00     19634.96      0     
9583272.00    4500      10500      15000        0          0          0         886        0.00       0.76       0.00     19634.96      0     
9635355.00    4500      10500      15000        0          0          0         739        0.00       0.76       0.00     19634.96      0     
9687438.00    4137       9515      13652       363        985        1348       1348       0.98       0.75     1368.63    18266.32     1348   
9739521.00    4244       9689      13933       256        811        1067       1067       0.96       0.75     1107.65    18527.30     1067   
9791604.00    4147       9459      13606       353        1041       1394       1394       0.99       0.75     1411.37    18223.58     1394   
9843687.00    4131       9386      13517       369        1114       1483       1483       0.97       0.75     1522.55    18112.41     1483   
9895770.00    4222       9664      13886       278        836        1114       1114       0.98       0.75     1136.40    18498.55     1114   
9947853.00    4500      10500      15000        0          0          0         884        0.00       0.76       0.00     19634.96      0     
9999936.00    4500      10500      15000        0          0          0         902        0.00       0.76       0.00     19634.96      0     
10052019.00    4500      10500      15000        0          0          0         745        0.00       0.76       0.00     19634.96      0     
10104102.00    4231       9650      13881       269        850        1119       1119       1.00       0.75     1116.41    18518.55     1119   
10156185.00    4262       9715      13977       238        785        1023       1023       0.99       0.75     1038.22    18596.73     1023   
10208268.00    4500      10500      15000        0          0          0         857        0.00       0.76       0.00     19634.96      0     
10260351.00    4500      10500      15000        0          0          0         720        0.00       0.76       0.00     19634.96      0     
10312434.00    4187       9423      13610       313        1077       1390       1390       0.96       0.75     1445.14    18189.81     1390   
10364517.00    4251       9720      13971       249        780        1029       1029       0.97       0.75     1060.96    18573.99     1029   
10416600.00    4500      10500      15000        0          0          0         728        0.00       0.76       0.00     19634.96      0     
10468683.00    4500      10500      15000        0          0          0         835        0.00       0.76       0.00     19634.96      0     
10520766.00    4166       9501      13667       334        999        1333       1333       0.99       0.75     1349.44    18285.51     1333   
10572849.00    3945       9010      12955       555        1490       2045       2045       0.99       0.74     2061.90    17573.06     2045   
10624932.00    4086       9412      13498       414        1088       1502       1502       1.01       0.74     1494.48    18140.48     1502   
10677015.00    4071       9333      13404       429        1167       1596       1596       1.01       0.74     1581.45    18053.50     1596   
10729098.00    4108       9466      13574       392        1034       1426       1426       1.02       0.74     1392.49    18242.47     1426   
10781181.00    4065       9309      13374       435        1191       1626       1626       1.01       0.74     1614.17    18020.79     1626   
10833264.00    4087       9383      13470       413        1117       1530       1530       1.03       0.74     1488.10    18146.86     1530   
10885347.00    4099       9434      13533       401        1066       1467       1467       1.02       0.74     1443.62    18191.34     1467   
10937430.00    4134       9542      13676       366        958        1324       1324       1.02       0.75     1297.27    18337.68     1324   
10989513.00    4142       9527      13669       358        973        1331       1331       1.01       0.75     1316.56    18318.40     1331   
11041596.00    4131       9539      13670       369        961        1330       1330       1.02       0.75     1303.92    18331.03     1330   
11093679.00    4128       9476      13604       372        1024       1396       1396       1.03       0.74     1358.06    18276.90     1396   
11145762.00    4089       9384      13473       411        1116       1527       1527       0.99       0.74     1544.85    18090.11     1527   
11197845.00    4183       9573      13756       317        927        1244       1244       0.99       0.75     1254.94    18380.02     1244   
11249928.00    3899       8710      12609       601        1790       2391       1242       0.99       0.73     2422.57    17212.38     1195   
11302011.00    4125       9385      13510       375        1115       1490       1490       0.98       0.75     1513.03    18121.92     1490   
11354094.00    3905       8760      12665       595        1740       2335       1230       1.01       0.73     2311.68    17323.28     1167   
11406177.00    3762       8442      12204       738        2058       2796       1559       1.01       0.72     2776.50    16858.46     1398   
11458260.00    3986       9161      13147       514        1339       1853       1853       1.01       0.74     1834.43    17800.53     1853   
11510343.00    3882       8755      12637       618        1745       2363       1358       1.00       0.73     2359.53    17275.43     1181   
11562426.00    3955       8964      12919       545        1536       2081       2081       1.02       0.73     2036.53    17598.42     2081   
11614509.00    3996       9049      13045       504        1451       1955       1955       1.02       0.74     1913.04    17721.91     1955   
11666592.00    4003       9142      13145       497        1358       1855       1855       1.03       0.74     1807.41    17827.54     1855   
11718675.00    4031       9173      13204       469        1327       1796       1796       1.00       0.74     1794.20    17840.75     1796   
11770758.00    4138       9522      13660       362        978        1340       1340       1.00       0.75     1339.32    18295.63     1340   
11822841.00    4017       9134      13151       483        1366       1849       1849       0.99       0.74     1862.21    17772.74     1849   
11874924.00    4047       9193      13240       453        1307       1760       1760       0.99       0.74     1781.79    17853.17     1760   
11927007.00    4143       9517      13660       357        983        1340       1340       0.99       0.75     1349.87    18285.08     1340   
11979090.00    4500      10500      15000        0          0          0         643        0.00       0.76       0.00     19634.96      0     
12031173.00    4069       9330      13399       431        1170       1601       1601       0.97       0.75     1656.24    17978.71     1601   
12083256.00    4155       9566      13721       345        934        1279       1279       0.98       0.75     1304.17    18330.79     1279   
12135339.00    4100       9209      13309       400        1291       1691       1691       0.99       0.74     1715.35    17919.61     1691   
12187422.00    4066       9162      13228       434        1338       1772       1772       1.00       0.74     1780.36    17854.60     1772   
12239505.00    4026       8999      13025       474        1501       1975       1975       0.99       0.74     1999.05    17635.91     1975   
12291588.00    4044       9319      13363       456        1181       1637       1637       1.01       0.74     1625.40    18009.55     1637   
12343671.00    3927       8813      12740       573        1687       2260       2260       1.01       0.73     2248.10    17386.85     2260   
12395754.00    3834       8566      12400       666        1934       2600       2600       1.00       0.73     2596.80    17038.15     2600   
12447837.00    3783       8468      12251       717        2032       2749       2749       1.01       0.72     2729.38    16905.57     2749   
12499920.00    3693       8014      11707       807        2486       3293       3293       1.00       0.72     3285.94    16349.02     3293   
12552003.00    3786       8254      12040       714        2246       2960       1747       1.00       0.72     2956.20    16678.75     1480   
12604086.00    4096       9214      13310       404        1286       1690       1690       1.02       0.74     1658.59    17976.36     1690   
12656169.00    3761       8327      12088       739        2173       2912       1606       0.99       0.72     2927.16    16707.80     1456   
12708252.00    4074       9196      13270       426        1304       1730       1730       1.00       0.74     1727.56    17907.39     1730   
12760335.00    4134       9372      13506       366        1128       1494       1494       1.02       0.74     1471.27    18163.68     1494   
12812418.00    4165       9608      13773       335        892        1227       1227       1.01       0.75     1217.75    18417.20     1227   
12864501.00    3923       8851      12774       577        1649       2226       1171       0.99       0.73     2243.94    17391.01     1113   
12916584.00    4175       9579      13754       325        921        1246       1246       0.98       0.75     1272.43    18362.53     1246   
12968667.00    4187       9559      13746       313        941        1254       1254       0.98       0.75     1284.32    18350.64     1254   
13020750.00    4007       8976      12983       493        1524       2017       2017       1.00       0.74     2010.70    17624.26     2017   
13072833.00    4231       9496      13727       269        1004       1273       1273       0.99       0.75     1289.16    18345.79     1273   
13124916.00    4213       9671      13884       287        829        1116       1116       1.01       0.75     1110.23    18524.73     1116   
13176999.00    4120       9340      13460       380        1160       1540       1540       0.99       0.74     1547.80    18087.16     1540   
13229082.00    3880       8583      12463       620        1917       2537       2537       0.98       0.73     2580.74    17054.21     2537   
13281165.00    3814       8588      12402       686        1912       2598       2598       0.98       0.73     2657.12    16977.84     2598   
13333248.00    4119       9310      13429       381        1190       1571       1571       1.00       0.74     1573.24    18061.71     1571   
13385331.00    3753       8278      12031       747        2222       2969       2969       0.99       0.72     2995.07    16639.89     2969   
13437414.00    4018       9031      13049       482        1469       1951       1951       1.00       0.74     1953.52    17681.43     1951   
13489497.00    3942       8830      12772       558        1670       2228       2228       1.01       0.73     2214.09    17420.87     2228   
13541580.00    4052       9056      13108       448        1444       1892       1892       1.02       0.74     1851.45    17783.51     1892   
13593663.00    4051       9060      13111       449        1440       1889       1889       1.02       0.74     1849.71    17785.24     1889   
13645746.00    3967       8837      12804       533        1663       2196       2196       0.99       0.73     2211.87    17423.08     2196   
13697829.00    4004       8941      12945       496        1559       2055       2055       1.01       0.74     2037.79    17597.17     2055   
13749912.00    4041       8997      13038       459        1503       1962       1962       1.02       0.74     1922.57    17712.39     1962   
13801995.00    3987       8785      12772       513        1715       2228       2228       1.01       0.73     2202.10    17432.85     2228   
13854078.00    4042       8971      13013       458        1529       1987       1987       1.01       0.74     1970.07    17664.89     1987   
13906161.00    4070       9092      13162       430        1408       1838       1838       1.01       0.74     1816.96    17817.99     1838   
13958244.00    3779       8309      12088       721        2191       2912       1837       1.00       0.72     2911.84    16723.12     1456   
14010327.00    3695       8020      11715       805        2480       3285       1848       0.98       0.72     3342.72    16292.24     1642   
14062410.00    3804       8483      12287       696        2017       2713       1391       0.99       0.73     2740.60    16894.36     1356   
14114493.00    4038       8988      13026       462        1512       1974       1974       1.01       0.74     1952.28    17682.67     1974   
14166576.00    4046       8989      13035       454        1511       1965       1965       1.01       0.74     1946.61    17688.34     1965   
14218659.00    4250       9636      13886       250        864        1114       1114       1.01       0.75     1101.03    18533.92     1114   
14270742.00    4188       9467      13655       312        1033       1345       1345       0.99       0.75     1352.52    18282.43     1345   
14322825.00    4017       8877      12894       483        1623       2106       2106       1.01       0.73     2086.42    17548.53     2106   
14374908.00    4500      10500      15000        0          0          0         827        0.00       0.76       0.00     19634.96      0     
14426991.00    4008       8825      12833       492        1675       2167       2167       0.99       0.74     2190.57    17444.38     2167   
14479074.00    4500      10500      15000        0          0          0         695        0.00       0.76       0.00     19634.96      0     
14531157.00    3904       8736      12640       596        1764       2360       1303       1.00       0.73     2360.36    17274.60     1180   
14583240.00    4176       9624      13800       324        876        1200       1200       0.99       0.75     1206.76    18428.20     1200   
14635323.00    3844       8618      12462       656        1882       2538       2538       0.97       0.73     2608.25    17026.70     2538   
14687406.00    3903       8829      12732       597        1671       2268       1144       0.98       0.74     2316.37    17318.59     1134   
14739489.00    4134       9388      13522       366        1112       1478       1478       1.00       0.74     1482.57    18152.38     1478   
14791572.00    4500      10500      15000        0          0          0         611        0.00       0.76       0.00     19634.96      0     
14843655.00    4106       9392      13498       394        1108       1502       1502       1.01       0.74     1488.36    18146.59     1502   
14895738.00    4058       9100      13158       442        1400       1842       1842       1.00       0.74     1841.08    17793.87     1842   
14947821.00    4075       9163      13238       425        1337       1762       1762       1.00       0.74     1754.91    17880.05     1762   
14999904.00    4104       9227      13331       396        1273       1669       1669       1.00       0.74     1661.67    17973.28     1669   
15051987.00    4149       9334      13483       351        1166       1517       1517       1.04       0.74     1458.17    18176.78     1517   
15104070.00    4172       9330      13502       328        1170       1498       1498       1.05       0.74     1431.53    18203.43     1498   
15156153.00    4157       9339      13496       343        1161       1504       1504       1.04       0.74     1445.97    18188.99     1504   
15208236.00    4132       9281      13413       368        1219       1587       1587       1.03       0.74     1540.26    18094.70     1587   
15260319.00    4070       9068      13138       430        1432       1862       1862       1.02       0.74     1830.58    17804.38     1862   
15312402.00    4107       9159      13266       393        1341       1734       1734       1.02       0.74     1700.50    17934.46     1734   
15364485.00    3876       8651      12527       624        1849       2473       1456       1.00       0.73     2468.61    17166.35     1236   
15416568.00    4114       9270      13384       386        1230       1616       1616       1.00       0.74     1613.09    18021.87     1616   
15468651.00    4194       9489      13683       306        1011       1317       1317       1.00       0.75     1313.05    18321.90     1317   
15520734.00    4278       9696      13974       222        804        1026       1026       1.00       0.75     1025.44    18609.51     1026   
15572817.00    4251       9691      13942       249        809        1058       1058       0.98       0.75     1081.80    18553.15     1058   
15624900.00    4500      10500      15000        0          0          0         894        0.00       0.76       0.00     19634.96      0     
15676983.00    4500      10500      15000        0          0          0         917        0.00       0.76       0.00     19634.96      0     
15729066.00    4500      10500      15000        0          0          0         660        0.00       0.76       0.00     19634.96      0     
15781149.00    4500      10500      15000        0          0          0         736        0.00       0.76       0.00     19634.96      0     
15833232.00    4500      10500      15000        0          0          0         728        0.00       0.76       0.00     19634.96      0     
15885315.00    4500      10500      15000        0          0          0         818        0.00       0.76       0.00     19634.96      0     
15937398.00    4500      10500      15000        0          0          0         768        0.00       0.76       0.00     19634.96      0     
15989481.00    4500      10500      15000        0          0          0         861        0.00       0.76       0.00     19634.96      0     
16041564.00    4500      10500      15000        0          0          0         763        0.00       0.76       0.00     19634.96      0     
16093647.00    4500      10500      15000        0          0          0         729        0.00       0.76       0.00     19634.96      0     
16145730.00    4500      10500      15000        0          0          0         725        0.00       0.76       0.00     19634.96      0     
16197813.00    4166       9539      13705       334        961        1295       1295       0.97       0.75     1332.50    18302.46     1295   
16249896.00    4189       9613      13802       311        887        1198       1198       0.97       0.75     1233.33    18401.62     1198   
16301979.00    4199       9692      13891       301        808        1109       1109       0.99       0.75     1117.67    18517.29     1109   
16354062.00    4500      10500      15000        0          0          0         596        0.00       0.76       0.00     19634.96      0     
16406145.00    4500      10500      15000        0          0          0         671        0.00       0.76       0.00     19634.96      0     
16458228.00    4500      10500      15000        0          0          0         747        0.00       0.76       0.00     19634.96      0     
16510311.00    4232       9722      13954       268        778        1046       1046       0.98       0.75     1071.40    18563.55     1046   
16562394.00    4200       9678      13878       300        822        1122       1122       0.98       0.75     1142.57    18492.38     1122   
16614477.00    4500      10500      15000        0          0          0         855        0.00       0.76       0.00     19634.96      0     
16666560.00    4500      10500      15000        0          0          0         913        0.00       0.76       0.00     19634.96      0     
16718643.00    4500      10500      15000        0          0          0         559        0.00       0.76       0.00     19634.96      0     
16770726.00    4500      10500      15000        0          0          0         804        0.00       0.76       0.00     19634.96      0     
16822809.00    4091       9306      13397       409        1194       1603       1603       0.98       0.74     1630.13    18004.82     1603   
16874892.00    4500      10500      15000        0          0          0         604        0.00       0.76       0.00     19634.96      0     
16926975.00    4202       9562      13764       298        938        1236       1236       0.98       0.75     1262.06    18372.90     1236   
16979058.00    4074       9449      13523       426        1051       1477       1477       0.97       0.75     1518.62    18116.33     1477   
17031141.00    4047       9375      13422       453        1125       1578       1578       0.99       0.74     1600.64    18034.31     1578   
17083224.00    4500      10500      15000        0          0          0         924        0.00       0.76       0.00     19634.96      0     
17135307.00    3993       9220      13213       507        1280       1787       1787       1.01       0.74     1770.91    17864.05     1787   
17187390.00    4055       9306      13361       445        1194       1639       1639       1.02       0.74     1613.68    18021.28     1639   
17239473.00    3969       9132      13101       531        1368       1899       1899       1.01       0.74     1888.38    17746.58     1899   
17291556.00    3914       8970      12884       586        1530       2116       2116       1.01       0.73     2097.33    17537.63     2116   
17343639.00    3997       9226      13223       503        1274       1777       1777       1.03       0.74     1720.65    17914.31     1777   
17395722.00    3983       9222      13205       517        1278       1795       1795       1.02       0.74     1760.17    17874.79     1795   
17447805.00    4038       9319      13357       462        1181       1643       1643       1.02       0.74     1606.20    18028.75     1643   
17499888.00    3997       9197      13194       503        1303       1806       1806       1.03       0.74     1752.32    17882.63     1806   
17551971.00    3954       9050      13004       546        1450       1996       1996       1.01       0.74     1973.42    17661.54     1996   
17604054.00    3690       8251      11941       810        2249       3059       1958       1.02       0.72     3010.39    16624.57     1529   
17656137.00    3848       8869      12717       652        1631       2283       2283       1.03       0.73     2223.21    17411.75     2283   
17708220.00    3890       8795      12685       610        1705       2315       2315       1.03       0.73     2258.11    17376.84     2315   
17760303.00    3762       8552      12314       738        1948       2686       2686       1.02       0.72     2642.40    16992.56     2686   
17812386.00    3821       8805      12626       679        1695       2374       2374       1.04       0.73     2290.52    17344.43     2374   
17864469.00    3810       8672      12482       690        1828       2518       2518       1.04       0.73     2419.86    17215.09     2518   
17916552.00    3605       7996      11601       895        2504       3399       3399       1.03       0.71     3311.82    16323.14     3399   
17968635.00    3828       8712      12540       672        1788       2460       2460       1.03       0.73     2391.60    17243.36     2460   
18020718.00    3882       8898      12780       618        1602       2220       2220       1.02       0.73     2166.90    17468.05     2220   
18072801.00    3915       8996      12911       585        1504       2089       2089       1.02       0.73     2039.25    17595.70     2089   
18124884.00    3962       9024      12986       538        1476       2014       2014       1.02       0.74     1975.32    17659.64     2014   
18176967.00    3964       9023      12987       536        1477       2013       2013       1.02       0.74     1971.78    17663.17     2013   
18229050.00    3972       9018      12990       528        1482       2010       2010       1.02       0.74     1974.21    17660.75     2010   
18281133.00    4003       9179      13182       497        1321       1818       1818       1.03       0.74     1759.50    17875.45     1818   
18333216.00    3875       8813      12688       625        1687       2312       2312       1.02       0.73     2274.89    17360.07     2312   
18385299.00    3827       8828      12655       673        1672       2345       2345       1.00       0.73     2334.80    17300.15     2345   
18437382.00    3811       8677      12488       689        1823       2512       2512       1.01       0.73     2487.01    17147.94     2512   
18489465.00    3907       9137      13044       593        1363       1956       1956       1.03       0.74     1896.36    17738.60     1956   
18541548.00    3854       8905      12759       646        1595       2241       2241       1.04       0.73     2163.05    17471.91     2241   
18593631.00    3971       9132      13103       529        1368       1897       1897       1.06       0.73     1785.27    17849.68     1897   
18645714.00    3905       8947      12852       595        1553       2148       2148       1.05       0.73     2048.48    17586.48     2148   
18697797.00    3900       8930      12830       600        1570       2170       2170       1.05       0.73     2058.27    17576.69     2170   
18749880.00    3893       8890      12783       607        1610       2217       2217       1.05       0.73     2113.36    17521.59     2217   
18801963.00    3840       8695      12535       660        1805       2465       2465       1.03       0.73     2389.69    17245.26     2465   
18854046.00    3905       8855      12760       595        1645       2240       2240       1.05       0.73     2135.00    17499.95     2240   
18906129.00    3855       8781      12636       645        1719       2364       2364       1.04       0.73     2270.38    17364.57     2364   
18958212.00    3875       8756      12631       625        1744       2369       2369       1.03       0.73     2291.09    17343.87     2369   
19010295.00    3954       9027      12981       546        1473       2019       2019       1.05       0.73     1929.66    17705.30     2019   
19062378.00    3900       8888      12788       600        1612       2212       2212       1.04       0.73     2131.56    17503.40     2212   
19114461.00    3878       8787      12665       622        1713       2335       2335       1.03       0.73     2271.68    17363.27     2335   
19166544.00    3838       8711      12549       662        1789       2451       2451       1.02       0.73     2407.93    17227.02     2451   
19218627.00    4049       9276      13325       451        1224       1675       1675       1.05       0.74     1598.61    18036.34     1675   
19270710.00    3789       8528      12317       711        1972       2683       2683       1.01       0.73     2658.74    16976.21     2683   
19322793.00    3973       8950      12923       527        1550       2077       2077       1.03       0.73     2020.35    17614.61     2077   
19374876.00    3817       8618      12435       683        1882       2565       2565       1.01       0.73     2539.34    17095.62     2565   
19426959.00    4022       9089      13111       478        1411       1889       1889       1.01       0.74     1866.47    17768.48     1889   
19479042.00    3996       9087      13083       504        1413       1917       1917       1.00       0.74     1913.21    17721.75     1917   
19531125.00    4100       9238      13338       400        1262       1662       1662       1.01       0.74     1645.25    17989.70     1662   
19583208.00    3826       8506      12332       674        1994       2668       2668       0.98       0.73     2720.16    16914.79     2668   
19635291.00    3882       8679      12561       618        1821       2439       2439       1.00       0.73     2433.89    17201.06     2439   
19687374.00    4114       9352      13466       386        1148       1534       1534       1.02       0.74     1502.81    18132.15     1534   
19739457.00    3936       8747      12683       564        1753       2317       2317       1.01       0.73     2287.23    17347.73     2317   
19791540.00    4208       9588      13796       292        912        1204       1204       1.00       0.75     1207.65    18427.30     1204   
19843623.00    3995       8878      12873       505        1622       2127       2127       1.02       0.73     2085.74    17549.22     2127   
19895706.00    3974       8923      12897       526        1577       2103       2103       1.03       0.73     2051.46    17583.50     2103   
19947789.00    4016       9097      13113       484        1403       1887       1887       1.04       0.74     1815.90    17819.05     1887   
19999872.00    3981       8911      12892       519        1589       2108       2108       1.02       0.73     2059.39    17575.57     2108   
20051955.00    4180       9557      13737       320        943        1263       1263       1.03       0.75     1231.07    18403.89     1263   
20104038.00    4033       9000      13033       467        1500       1967       1967       1.02       0.74     1930.91    17704.04     1967   
20156121.00    4092       9156      13248       408        1344       1752       1752       1.02       0.74     1724.17    17910.79     1752   
20208204.00    4107       9249      13356       393        1251       1644       1644       1.00       0.74     1640.01    17994.95     1644   
20260287.00    4256       9654      13910       244        846        1090       1090       1.02       0.75     1066.67    18568.28     1090   
20312370.00    4237       9630      13867       263        870        1133       1133       1.00       0.75     1138.06    18496.89     1133   
20364453.00    4249       9718      13967       251        782        1033       1033       1.01       0.75     1019.93    18615.03     1033   
20416536.00    3733       8217      11950       767        2283       3050       1914       0.99       0.72     3071.51    16563.44     1525   
20468619.00    4233       9683      13916       267        817        1084       1084       1.04       0.75     1043.38    18591.57     1084   
20520702.00    4202       9560      13762       298        940        1238       1238       1.02       0.75     1216.92    18418.03     1238   
20572785.00    4199       9566      13765       301        934        1235       1235       1.01       0.75     1218.62    18416.33     1235   
20624868.00    4234       9619      13853       266        881        1147       1147       1.01       0.75     1136.58    18498.38     1147   
20676951.00    4274       9723      13997       226        777        1003       1003       1.00       0.75      998.74    18636.22     1003   
20729034.00    4211       9632      13843       289        868        1157       1157       0.99       0.75     1163.92    18471.03     1157   
20781117.00    4193       9582      13775       307        918        1225       1225       1.01       0.75     1216.30    18418.65     1225   
20833200.00    4179       9531      13710       321        969        1290       1290       1.01       0.75     1276.15    18358.80     1290   
