 Timestep    Gas_A      Gas_B     Gas_tot    Dense_A    Dense_B   Dense_tot   Lg_clust  DP_density GP_density Clust_area  Gas_area     MCS    
   0.00       4500      10500      15000        0          0          0          6         0.00       0.76       0.00     19634.96      0     
104166.00     4500      10500      15000        0          0          0         626        0.00       0.76       0.00     19634.96      0     
208332.00     4138       9485      13623       362        1015       1377       1377       0.95       0.75     1443.72    18191.23     1377   
312498.00     3850       8778      12628       650        1722       2372       1364       0.98       0.73     2416.50    17218.46     1186   
416664.00     2919       6188       9107       1581       4312       5893       1952       1.02       0.66     5799.24    13835.72     1473   
520830.00     2268       4372       6640       2232       6128       8360       3758       1.03       0.58     8137.45    11497.51     2090   
624996.00     2213       4257       6470       2287       6243       8530       3083       1.04       0.57     8204.14    11430.81     2132   
729162.00     2291       4493       6784       2209       6007       8216       2530       1.07       0.57     7677.63    11957.32     2054   
833328.00     1816       2913       4729       2684       7587      10271       4019       1.07       0.47     9592.79    10042.17     2567   
937494.00     1780       2759       4539       2720       7741      10461       3114       1.07       0.46     9752.93    9882.03      2092   
1041660.00    1703       2785       4488       2797       7715      10512       3283       1.08       0.45     9759.05    9875.90      2628   
1145826.00    1664       2606       4270       2836       7894      10730       3336       1.08       0.44     9918.72    9716.24      2682   
1249992.00    1593       2465       4058       2907       8035      10942       3481       1.08       0.43     10102.04   9532.91      2735   
1354158.00    1567       2382       3949       2933       8118      11051       3578       1.08       0.42     10192.88   9442.07      2762   
1458324.00    1592       2466       4058       2908       8034      10942       6537       1.10       0.42     9966.05    9668.90      3647   
1562490.00    1464       2235       3699       3036       8265      11301       8800       1.09       0.40     10326.65   9308.30      5650   
1666656.00    1469       2156       3625       3031       8344      11375       6995       1.09       0.39     10396.06   9238.89      3791   
1770822.00    1427       2063       3490       3073       8437      11510       7226       1.09       0.38     10522.48   9112.48      3836   
1874988.00    1410       2089       3499       3090       8411      11501       7166       1.08       0.39     10607.26   9027.69      3833   
1979154.00    1511       2267       3778       2989       8233      11222       9337       1.08       0.41     10374.17   9260.79      5611   
2083320.00    1525       2339       3864       2975       8161      11136       9387       1.09       0.41     10254.06   9380.90      5568   
2187486.00    1590       2488       4078       2910       8012      10922       9205       1.10       0.42     9971.02    9663.94      5461   
2291652.00    1560       2451       4011       2940       8049      10989       9237       1.11       0.41     9936.52    9698.44      5494   
2395818.00    1568       2548       4116       2932       7952      10884       9462       1.11       0.42     9816.98    9817.98      5442   
2499984.00    1559       2600       4159       2941       7900      10841       9535       1.10       0.43     9866.13    9768.83      5420   
2604150.00    1524       2408       3932       2976       8092      11068       9714       1.09       0.41     10122.68   9512.28      5534   
2708316.00    1577       2521       4098       2923       7979      10902       9522       1.09       0.42     9970.20    9664.75      5451   
2812482.00    1521       2389       3910       2979       8111      11090       9830       1.10       0.41     10101.19   9533.76      5545   
2916648.00    1532       2377       3909       2968       8123      11091       9776       1.10       0.41     10053.51   9581.45      5545   
3020814.00    1468       2176       3644       3032       8324      11356      10046       1.10       0.39     10324.93   9310.03      5678   
3124980.00    1446       2120       3566       3054       8380      11434      11434       1.11       0.38     10335.74   9299.22     11434   
3229146.00    1372       2051       3423       3128       8449      11577      11577       1.11       0.37     10466.21   9168.75     11577   
3333312.00    1355       2092       3447       3145       8408      11553      11553       1.10       0.38     10494.32   9140.63     11553   
3437478.00    1323       2028       3351       3177       8472      11649      11649       1.10       0.37     10582.19   9052.77     11649   
3541644.00    1474       2348       3822       3026       8152      11178      11178       1.11       0.40     10111.88   9523.07     11178   
3645810.00    1491       2316       3807       3009       8184      11193      11193       1.10       0.40     10142.59   9492.37     11193   
3749976.00    1453       2342       3795       3047       8158      11205      11205       1.10       0.40     10157.44   9477.52     11205   
3854142.00    1440       2295       3735       3060       8205      11265      10154       1.11       0.39     10144.26   9490.70      5632   
3958308.00    1423       2302       3725       3077       8198      11275      11275       1.12       0.39     10072.32   9562.63     11275   
4062474.00    1399       2224       3623       3101       8276      11377      11377       1.12       0.38     10116.81   9518.14     11377   
4166640.00    1380       2103       3483       3120       8397      11517      11517       1.13       0.37     10194.39   9440.56     11517   
4270806.00    1357       1983       3340       3143       8517      11660      11660       1.13       0.36     10354.89   9280.06     11660   
4374972.00    1314       1938       3252       3186       8562      11748      11748       1.12       0.36     10479.79   9155.16     11748   
4479138.00    1355       1936       3291       3145       8564      11709      11709       1.12       0.36     10415.74   9219.22     11709   
4583304.00    1313       1892       3205       3187       8608      11795      11795       1.12       0.35     10508.88   9126.07     11795   
4687470.00    1344       1813       3157       3156       8687      11843      11843       1.12       0.35     10530.35   9104.61     11843   
4791636.00    1343       1843       3186       3157       8657      11814      11814       1.13       0.35     10453.91   9181.04     11814   
4895802.00    1311       1840       3151       3189       8660      11849      11849       1.12       0.35     10575.89   9059.06     11849   
4999968.00    1262       1720       2982       3238       8780      12018      12018       1.12       0.34     10759.39   8875.57     12018   
5104134.00    1325       1819       3144       3175       8681      11856      11856       1.11       0.35     10697.76   8937.19     11856   
5208300.00    1398       2019       3417       3102       8481      11583      11583       1.11       0.37     10463.92   9171.03     11583   
5312466.00    1423       2085       3508       3077       8415      11492      11492       1.11       0.38     10348.22   9286.73     11492   
5416632.00    1423       2039       3462       3077       8461      11538      11538       1.13       0.37     10245.62   9389.33     11538   
5520798.00    1425       2061       3486       3075       8439      11514      11514       1.12       0.37     10255.67   9379.28     11514   
5624964.00    1405       2004       3409       3095       8496      11591      11591       1.13       0.37     10302.70   9332.26     11591   
5729130.00    1450       2263       3713       3050       8237      11287      11287       1.13       0.39     10024.90   9610.06     11287   
5833296.00    1469       2305       3774       3031       8195      11226      11226       1.13       0.39     9891.77    9743.19     11226   
5937462.00    1423       2198       3621       3077       8302      11379      11379       1.14       0.38     10011.35   9623.60     11379   
6041628.00    1389       2066       3455       3111       8434      11545      11545       1.14       0.36     10123.36   9511.59     11545   
6145794.00    1334       1951       3285       3166       8549      11715      11715       1.14       0.35     10303.30   9331.65     11715   
6249960.00    1301       1898       3199       3199       8602      11801      11801       1.14       0.35     10381.71   9253.24     11801   
6354126.00    1297       1933       3230       3203       8567      11770      11770       1.14       0.35     10364.11   9270.85     11770   
6458292.00    1338       1953       3291       3162       8547      11709      11709       1.13       0.35     10318.28   9316.67     11709   
6562458.00    1334       1929       3263       3166       8571      11737      11737       1.13       0.35     10363.45   9271.51     11737   
6666624.00    1350       1963       3313       3150       8537      11687      11687       1.13       0.36     10348.68   9286.28     11687   
6770790.00    1371       2025       3396       3129       8475      11604      11604       1.13       0.36     10266.36   9368.59     11604   
6874956.00    1433       2089       3522       3067       8411      11478      11478       1.14       0.37     10091.19   9543.77     11478   
6979122.00    1334       1966       3300       3166       8534      11700      11700       1.14       0.35     10297.93   9337.02     11700   
7083288.00    1282       1896       3178       3218       8604      11822      11822       1.13       0.34     10419.90   9215.05     11822   
7187454.00    1287       1822       3109       3213       8678      11891      11891       1.13       0.34     10487.94   9147.02     11891   
7291620.00    1367       1965       3332       3133       8535      11668      11668       1.13       0.36     10300.16   9334.79     11668   
7395786.00    1276       1893       3169       3224       8607      11831      11831       1.13       0.35     10459.73   9175.22     11831   
7499952.00    1329       2018       3347       3171       8482      11653      11653       1.13       0.36     10285.43   9349.52     11653   
7604118.00    1275       1901       3176       3225       8599      11824      11824       1.13       0.35     10470.86   9164.09     11824   
7708284.00    1335       1979       3314       3165       8521      11686      11686       1.13       0.36     10361.98   9272.98     11686   
7812450.00    1363       2006       3369       3137       8494      11631      11631       1.13       0.36     10256.73   9378.22     11631   
7916616.00    1295       1848       3143       3205       8652      11857      11857       1.13       0.34     10464.16   9170.80     11857   
8020782.00    1251       1851       3102       3249       8649      11898      11898       1.13       0.34     10552.96   9082.00     11898   
8124948.00    1276       1822       3098       3224       8678      11902      11902       1.12       0.34     10596.39   9038.57     11902   
8229114.00    1331       1948       3279       3169       8552      11721      11721       1.12       0.36     10443.51   9191.45     11721   
8333280.00    1261       1890       3151       3239       8610      11849      11849       1.12       0.35     10600.94   9034.02     11849   
8437446.00    1281       1921       3202       3219       8579      11798      11798       1.11       0.35     10592.64   9042.31     11798   
8541612.00    1370       2004       3374       3130       8496      11626      11626       1.12       0.37     10408.78   9226.17     11626   
8645778.00    1405       2075       3480       3095       8425      11520      11520       1.12       0.37     10264.77   9370.18     11520   
8749944.00    1345       1990       3335       3155       8510      11665      11665       1.12       0.36     10435.31   9199.65     11665   
8854110.00    1383       2074       3457       3117       8426      11543      11543       1.12       0.37     10283.44   9351.52     11543   
8958276.00    1381       2050       3431       3119       8450      11569      11569       1.12       0.37     10333.87   9301.09     11569   
9062442.00    1456       2200       3656       3044       8300      11344      11344       1.12       0.38     10093.33   9541.62     11344   
9166608.00    1381       2106       3487       3119       8394      11513      11513       1.12       0.37     10301.99   9332.96     11513   
9270774.00    1387       2120       3507       3113       8380      11493      11493       1.12       0.37     10269.87   9365.08     11493   
9374940.00    1438       2168       3606       3062       8332      11394      11394       1.13       0.38     10122.51   9512.44     11394   
9479106.00    1430       2273       3703       3070       8227      11297      11297       1.14       0.38     9941.84    9693.11     11297   
9583272.00    1372       2100       3472       3128       8400      11528      11528       1.14       0.36     10087.38   9547.57     11528   
9687438.00    1393       2050       3443       3107       8450      11557      11557       1.15       0.36     10067.40   9567.55     11557   
9791604.00    1337       1962       3299       3163       8538      11701      11701       1.15       0.35     10215.89   9419.06     11701   
9895770.00    1315       1903       3218       3185       8597      11782      11782       1.14       0.35     10311.66   9323.30     11782   
9999936.00    1359       1919       3278       3141       8581      11722      11722       1.14       0.35     10240.25   9394.71     11722   
10104102.00    1309       1860       3169       3191       8640      11831      11831       1.15       0.34     10305.89   9329.06     11831   
10208268.00    1302       1829       3131       3198       8671      11869      11869       1.15       0.34     10355.18   9279.77     11869   
10312434.00    1247       1686       2933       3253       8814      12067      12067       1.15       0.32     10526.18   9108.77     12067   
10416600.00    1245       1692       2937       3255       8808      12063      12063       1.14       0.32     10583.10   9051.85     12063   
10520766.00    1196       1576       2772       3304       8924      12228      12228       1.13       0.31     10789.97   8844.98     12228   
10624932.00    1242       1678       2920       3258       8822      12080      12080       1.13       0.33     10709.82   8925.14     12080   
10729098.00    1350       1870       3220       3150       8630      11780      11780       1.13       0.35     10423.31   9211.65     11780   
10833264.00    1324       1865       3189       3176       8635      11811      11811       1.13       0.35     10456.97   9177.99     11811   
10937430.00    1377       2034       3411       3123       8466      11589      11589       1.13       0.36     10238.87   9396.08     11589   
11041596.00    1360       1988       3348       3140       8512      11652      11652       1.13       0.36     10317.74   9317.21     11652   
11145762.00    1375       2042       3417       3125       8458      11583      11583       1.14       0.36     10186.77   9448.18     11583   
11249928.00    1267       1825       3092       3233       8675      11908      11908       1.14       0.34     10467.36   9167.60     11908   
11354094.00    1361       1954       3315       3139       8546      11685      11685       1.14       0.35     10277.54   9357.41     11685   
11458260.00    1351       1963       3314       3149       8537      11686      11686       1.13       0.36     10302.41   9332.54     11686   
11562426.00    1314       1924       3238       3186       8576      11762      11762       1.14       0.35     10351.45   9283.51     11762   
11666592.00    1304       1861       3165       3196       8639      11835      11835       1.14       0.34     10416.40   9218.56     11835   
11770758.00    1310       1745       3055       3190       8755      11945      11945       1.14       0.33     10491.68   9143.28     11945   
11874924.00    1320       1817       3137       3180       8683      11863      11863       1.13       0.34     10498.66   9136.29     11863   
11979090.00    1308       1841       3149       3192       8659      11851      11851       1.13       0.35     10515.43   9119.52     11851   
12083256.00    1351       1961       3312       3149       8539      11688      11688       1.12       0.36     10394.46   9240.50     11688   
12187422.00    1325       1905       3230       3175       8595      11770      11770       1.12       0.35     10482.97   9151.98     11770   
12291588.00    1376       2062       3438       3124       8438      11562      11562       1.13       0.37     10227.71   9407.25     11562   
12395754.00    1394       2037       3431       3106       8463      11569      11569       1.12       0.37     10293.33   9341.62     11569   
12499920.00    1322       1932       3254       3178       8568      11746      11746       1.12       0.36     10503.31   9131.65     11746   
12604086.00    1397       2070       3467       3103       8430      11533      11533       1.13       0.37     10222.30   9412.66     11533   
12708252.00    1379       2047       3426       3121       8453      11574      11574       1.12       0.37     10312.86   9322.09     11574   
12812418.00    1327       1957       3284       3173       8543      11716      11716       1.12       0.36     10478.31   9156.64     11716   
12916584.00    1294       1874       3168       3206       8626      11832      11832       1.12       0.35     10569.90   9065.05     11832   
13020750.00    1254       1862       3116       3246       8638      11884      11884       1.12       0.35     10606.44   9028.51     11884   
13124916.00    1282       1804       3086       3218       8696      11914      11914       1.12       0.34     10636.42   8998.54     11914   
13229082.00    1287       1846       3133       3213       8654      11867      11867       1.12       0.35     10596.62   9038.34     11867   
13333248.00    1280       1806       3086       3220       8694      11914      11914       1.12       0.34     10672.34   8962.62     11914   
13437414.00    1299       1824       3123       3201       8676      11877      11877       1.12       0.35     10634.78   9000.17     11877   
13541580.00    1328       1984       3312       3172       8516      11688      11688       1.11       0.36     10508.25   9126.71     11688   
13645746.00    1381       2028       3409       3119       8472      11591      11591       1.11       0.37     10403.41   9231.55     11591   
13749912.00    1399       2074       3473       3101       8426      11527      11527       1.11       0.37     10358.69   9276.27     11527   
13854078.00    1427       2071       3498       3073       8429      11502      11502       1.11       0.38     10331.69   9303.27     11502   
13958244.00    1374       2041       3415       3126       8459      11585      11585       1.11       0.37     10460.81   9174.14     11585   
14062410.00    1427       2087       3514       3073       8413      11486      11486       1.11       0.38     10336.25   9298.70     11486   
14166576.00    1564       2356       3920       2936       8144      11080      11080       1.12       0.40     9856.01    9778.95     11080   
14270742.00    1520       2234       3754       2980       8266      11246      11246       1.11       0.39     10092.55   9542.41     11246   
14374908.00    1493       2274       3767       3007       8226      11233      11233       1.11       0.40     10104.87   9530.09     11233   
14479074.00    1457       2132       3589       3043       8368      11411      11411       1.10       0.39     10334.10   9300.85     11411   
14583240.00    1493       2281       3774       3007       8219      11226      11226       1.11       0.40     10112.46   9522.50     11226   
14687406.00    1517       2282       3799       2983       8218      11201      11201       1.11       0.40     10068.08   9566.87     11201   
14791572.00    1515       2228       3743       2985       8272      11257      11257       1.12       0.39     10027.19   9607.76     11257   
14895738.00    1451       2125       3576       3049       8375      11424      11424       1.12       0.38     10218.14   9416.81     11424   
14999904.00    1481       2189       3670       3019       8311      11330      11330       1.12       0.38     10097.07   9537.88     11330   
15104070.00    1472       2092       3564       3028       8408      11436      11436       1.12       0.38     10186.35   9448.61     11436   
15208236.00    1435       2106       3541       3065       8394      11459      11459       1.13       0.37     10128.03   9506.93     11459   
15312402.00    1425       2063       3488       3075       8437      11512      11512       1.14       0.37     10119.96   9514.99     11512   
15416568.00    1339       1807       3146       3161       8693      11854      11854       1.13       0.34     10509.46   9125.50     11854   
15520734.00    1361       1860       3221       3139       8640      11779      11779       1.12       0.35     10484.25   9150.70     11779   
15624900.00    1412       2066       3478       3088       8434      11522      11522       1.12       0.37     10252.32   9382.63     11522   
15729066.00    1390       2076       3466       3110       8424      11534      11534       1.12       0.37     10303.45   9331.51     11534   
15833232.00    1483       2193       3676       3017       8307      11324      11324       1.12       0.39     10133.05   9501.90     11324   
15937398.00    1430       2124       3554       3070       8376      11446      11446       1.12       0.38     10231.71   9403.24     11446   
16041564.00    1436       2100       3536       3064       8400      11464      11464       1.12       0.38     10251.94   9383.02     11464   
16145730.00    1460       2084       3544       3040       8416      11456      11456       1.12       0.38     10185.23   9449.73     11456   
16249896.00    1405       1988       3393       3095       8512      11607      11607       1.12       0.36     10335.91   9299.04     11607   
16354062.00    1423       2000       3423       3077       8500      11577      11577       1.13       0.36     10214.53   9420.42     11577   
16458228.00    1376       1885       3261       3124       8615      11739      11739       1.13       0.35     10376.22   9258.73     11739   
16562394.00    1393       1952       3345       3107       8548      11655      11655       1.13       0.36     10324.88   9310.08     11655   
16666560.00    1403       1971       3374       3097       8529      11626      11626       1.13       0.36     10285.79   9349.17     11626   
16770726.00    1388       1926       3314       3112       8574      11686      11686       1.13       0.36     10315.46   9319.50     11686   
16874892.00    1382       1881       3263       3118       8619      11737      11737       1.13       0.35     10358.15   9276.81     11737   
16979058.00    1404       1982       3386       3096       8518      11614      11614       1.13       0.36     10251.08   9383.87     11614   
17083224.00    1378       1888       3266       3122       8612      11734      11734       1.14       0.35     10333.09   9301.87     11734   
17187390.00    1362       1841       3203       3138       8659      11797      11797       1.13       0.35     10466.59   9168.37     11797   
17291556.00    1374       1831       3205       3126       8669      11795      11795       1.13       0.35     10473.82   9161.14     11795   
17395722.00    1433       1909       3342       3067       8591      11658      11658       1.12       0.36     10382.88   9252.08     11658   
17499888.00    1424       1945       3369       3076       8555      11631      11631       1.12       0.37     10405.56   9229.40     11631   
17604054.00    1426       1985       3411       3074       8515      11589      11589       1.12       0.37     10312.49   9322.46     11589   
17708220.00    1420       1894       3314       3080       8606      11686      11686       1.13       0.36     10377.92   9257.04     11686   
17812386.00    1378       1820       3198       3122       8680      11802      11802       1.12       0.35     10518.43   9116.52     11802   
17916552.00    1361       1809       3170       3139       8691      11830      11830       1.12       0.35     10557.66   9077.30     11830   
18020718.00    1451       1948       3399       3049       8552      11601      11601       1.12       0.37     10351.38   9283.58     11601   
18124884.00    1480       2098       3578       3020       8402      11422      11422       1.12       0.38     10153.83   9481.13     11422   
18229050.00    1430       1982       3412       3070       8518      11588      11588       1.12       0.37     10324.82   9310.13     11588   
18333216.00    1401       1936       3337       3099       8564      11663      11663       1.12       0.36     10436.05   9198.90     11663   
18437382.00    1494       2097       3591       3006       8403      11409      11409       1.12       0.38     10220.58   9414.37     11409   
18541548.00    1481       2129       3610       3019       8371      11390      11390       1.12       0.38     10196.02   9438.94     11390   
18645714.00    1490       2155       3645       3010       8345      11355      11355       1.12       0.38     10158.91   9476.05     11355   
18749880.00    1429       2008       3437       3071       8492      11563      11563       1.12       0.37     10367.63   9267.33     11563   
18854046.00    1439       2049       3488       3061       8451      11512      11512       1.12       0.37     10276.44   9358.52     11512   
18958212.00    1479       2092       3571       3021       8408      11429      11429       1.12       0.38     10186.86   9448.09     11429   
19062378.00    1475       2100       3575       3025       8400      11425      11425       1.12       0.38     10205.68   9429.28     11425   
19166544.00    1520       2200       3720       2980       8300      11280      11280       1.11       0.39     10143.92   9491.04     11280   
19270710.00    1427       2048       3475       3073       8452      11525      11525       1.11       0.38     10422.90   9212.06     11525   
19374876.00    1464       2146       3610       3036       8354      11390      11390       1.11       0.39     10283.47   9351.49     11390   
19479042.00    1508       2304       3812       2992       8196      11188      11188       1.11       0.40     10069.65   9565.31     11188   
19583208.00    1495       2133       3628       3005       8367      11372      11372       1.11       0.39     10270.33   9364.62     11372   
19687374.00    1439       2008       3447       3061       8492      11553      11553       1.12       0.37     10311.29   9323.67     11553   
19791540.00    1495       2028       3523       3005       8472      11477      11477       1.12       0.38     10275.68   9359.27     11477   
19895706.00    1550       2157       3707       2950       8343      11293      11293       1.13       0.39     10031.51   9603.44     11293   
19999872.00    1474       2012       3486       3026       8488      11514      11514       1.11       0.38     10356.91   9278.04     11514   
20104038.00    1507       2167       3674       2993       8333      11326      11326       1.12       0.39     10139.93   9495.02     11326   
20208204.00    1504       2135       3639       2996       8365      11361      11361       1.11       0.39     10199.31   9435.64     11361   
20312370.00    1523       2194       3717       2977       8306      11283      11283       1.11       0.39     10200.91   9434.05     11283   
20416536.00    1541       2208       3749       2959       8292      11251      11251       1.11       0.40     10172.44   9462.52     11251   
20520702.00    1565       2263       3828       2935       8237      11172      11172       1.11       0.40     10092.57   9542.39     11172   
20624868.00    1531       2220       3751       2969       8280      11249      11249       1.11       0.39     10117.18   9517.78     11249   
20729034.00    1514       2180       3694       2986       8320      11306      11306       1.11       0.39     10177.85   9457.11     11306   
20833200.00    1512       2202       3714       2988       8298      11286      11286       1.11       0.39     10168.01   9466.95     11286   
20937366.00    1521       2090       3611       2979       8410      11389      11389       1.11       0.38     10237.81   9397.15     11389   
21041532.00    1492       2091       3583       3008       8409      11417      11417       1.11       0.38     10275.81   9359.14     11417   
21145698.00    1486       2056       3542       3014       8444      11458      11458       1.12       0.38     10226.53   9408.42     11458   
21249864.00    1499       2144       3643       3001       8356      11357      11357       1.12       0.38     10113.81   9521.14     11357   
21354030.00    1517       2199       3716       2983       8301      11284      11284       1.12       0.39     10045.91   9589.05     11284   
21458196.00    1496       2090       3586       3004       8410      11414      11414       1.13       0.38     10144.13   9490.83     11414   
21562362.00    1491       2036       3527       3009       8464      11473      11473       1.13       0.37     10165.97   9468.99     11473   
21666528.00    1459       2024       3483       3041       8476      11517      11517       1.13       0.37     10197.34   9437.62     11517   
21770694.00    1424       1981       3405       3076       8519      11595      11595       1.13       0.36     10302.76   9332.19     11595   
21874860.00    1562       2284       3846       2938       8216      11154      11154       1.13       0.39     9858.27    9776.69     11154   
21979026.00    1539       2251       3790       2961       8249      11210      11210       1.14       0.39     9819.75    9815.21     11210   
22083192.00    1511       2150       3661       2989       8350      11339      11339       1.14       0.38     9915.27    9719.68     11339   
22187358.00    1456       2033       3489       3044       8467      11511      11511       1.14       0.37     10106.78   9528.17     11511   
22291524.00    1362       1904       3266       3138       8596      11734      11734       1.13       0.35     10365.23   9269.72     11734   
22395690.00    1373       1831       3204       3127       8669      11796      11796       1.13       0.35     10460.16   9174.80     11796   
22499856.00    1454       1927       3381       3046       8573      11619      11619       1.13       0.36     10307.32   9327.63     11619   
22604022.00    1423       1886       3309       3077       8614      11691      11691       1.12       0.36     10440.91   9194.04     11691   
22708188.00    1441       2044       3485       3059       8456      11515      11515       1.12       0.37     10279.18   9355.78     11515   
22812354.00    1515       2136       3651       2985       8364      11349      11349       1.12       0.38     10143.70   9491.26     11349   
22916520.00    1593       2286       3879       2907       8214      11121      11121       1.13       0.40     9870.00    9764.95     11121   
23020686.00    1506       2122       3628       2994       8378      11372      11372       1.13       0.38     10034.45   9600.51     11372   
23124852.00    1480       2009       3489       3020       8491      11511      11511       1.14       0.37     10130.58   9504.38     11511   
23229018.00    1484       1988       3472       3016       8512      11528      11528       1.13       0.37     10193.57   9441.39     11528   
23333184.00    1470       2020       3490       3030       8480      11510      11510       1.13       0.37     10171.97   9462.99     11510   
23437350.00    1464       2044       3508       3036       8456      11492      11492       1.13       0.37     10150.15   9484.80     11492   
23541516.00    1461       1981       3442       3039       8519      11558      11558       1.13       0.36     10204.39   9430.56     11558   
23645682.00    1507       2120       3627       2993       8380      11373      11373       1.13       0.38     10059.69   9575.26     11373   
23749848.00    1394       2004       3398       3106       8496      11602      11602       1.13       0.36     10255.44   9379.51     11602   
23854014.00    1391       1970       3361       3109       8530      11639      11639       1.12       0.36     10402.63   9232.33     11639   
23958180.00    1391       1933       3324       3109       8567      11676      11676       1.11       0.36     10504.98   9129.98     11676   
24062346.00    1386       1948       3334       3114       8552      11666      11666       1.11       0.36     10495.43   9139.52     11666   
24166512.00    1470       2122       3592       3030       8378      11408      11408       1.12       0.38     10212.35   9422.61     11408   
24270678.00    1426       1993       3419       3074       8507      11581      11581       1.12       0.37     10327.95   9307.01     11581   
24374844.00    1424       1950       3374       3076       8550      11626      11626       1.12       0.37     10394.98   9239.97     11626   
24479010.00    1374       1882       3256       3126       8618      11744      11744       1.12       0.36     10495.77   9139.19     11744   
24583176.00    1355       1891       3246       3145       8609      11754      11754       1.11       0.36     10574.91   9060.05     11754   
24687342.00    1380       1913       3293       3120       8587      11707      11707       1.11       0.36     10533.24   9101.72     11707   
24791508.00    1465       2179       3644       3035       8321      11356      11356       1.12       0.38     10146.40   9488.55     11356   
24895674.00    1429       2091       3520       3071       8409      11480      11480       1.12       0.37     10234.56   9400.40     11480   
24999840.00    1458       2121       3579       3042       8379      11421      11421       1.12       0.38     10224.79   9410.17     11421   
25104006.00    1508       2133       3641       2992       8367      11359      11359       1.11       0.39     10189.83   9445.13     11359   
25208172.00    1467       2227       3694       3033       8273      11306      11306       1.12       0.39     10078.69   9556.26     11306   
25312338.00    1446       2128       3574       3054       8372      11426      11426       1.12       0.38     10157.40   9477.55     11426   
25416504.00    1477       2149       3626       3023       8351      11374      11374       1.12       0.38     10112.11   9522.84     11374   
25520670.00    1429       2094       3523       3071       8406      11477      11477       1.12       0.37     10203.09   9431.86     11477   
25624836.00    1451       2145       3596       3049       8355      11404      11404       1.12       0.38     10143.45   9491.50     11404   
25729002.00    1394       2085       3479       3106       8415      11521      11521       1.12       0.37     10275.20   9359.75     11521   
25833168.00    1367       2085       3452       3133       8415      11548      11548       1.12       0.37     10299.69   9335.26     11548   
25937334.00    1399       2011       3410       3101       8489      11590      11590       1.12       0.37     10345.06   9289.90     11590   
26041500.00    1388       2023       3411       3112       8477      11589      11589       1.12       0.37     10306.73   9328.23     11589   
26145666.00    1390       1998       3388       3110       8502      11612      11612       1.12       0.36     10337.08   9297.87     11612   
26249832.00    1334       1935       3269       3166       8565      11731      11731       1.12       0.36     10441.08   9193.87     11731   
26353998.00    1366       1974       3340       3134       8526      11660      11660       1.12       0.36     10419.14   9215.82     11660   
26458164.00    1290       1868       3158       3210       8632      11842      11842       1.12       0.35     10572.42   9062.54     11842   
26562330.00    1431       2112       3543       3069       8388      11457      11457       1.12       0.38     10196.85   9438.10     11457   
26666496.00    1465       2195       3660       3035       8305      11340      11340       1.12       0.38     10123.15   9511.80     11340   
26770662.00    1414       2128       3542       3086       8372      11458      11458       1.12       0.38     10225.86   9409.09     11458   
26874828.00    1411       2034       3445       3089       8466      11555      11555       1.13       0.37     10252.42   9382.54     11555   
26978994.00    1339       1962       3301       3161       8538      11699      11699       1.13       0.36     10368.52   9266.43     11699   
27083160.00    1346       1978       3324       3154       8522      11676      11676       1.13       0.36     10342.37   9292.59     11676   
27187326.00    1374       2011       3385       3126       8489      11615      11615       1.13       0.36     10303.15   9331.80     11615   
27291492.00    1395       2037       3432       3105       8463      11568      11568       1.12       0.37     10287.35   9347.61     11568   
27395658.00    1482       2148       3630       3018       8352      11370      11370       1.12       0.38     10118.07   9516.89     11370   
27499824.00    1473       2189       3662       3027       8311      11338      11338       1.12       0.38     10116.87   9518.08     11338   
27603990.00    1426       2022       3448       3074       8478      11552      11552       1.13       0.37     10233.73   9401.22     11552   
27708156.00    1475       2006       3481       3025       8494      11519      11519       1.14       0.37     10123.43   9511.53     11519   
27812322.00    1430       1933       3363       3070       8567      11637      11637       1.15       0.35     10138.97   9495.98     11637   
27916488.00    1350       1798       3148       3150       8702      11852      11852       1.15       0.34     10297.50   9337.45     11852   
28020654.00    1343       1765       3108       3157       8735      11892      11892       1.15       0.34     10372.97   9261.99     11892   
28124820.00    1311       1698       3009       3189       8802      11991      11991       1.14       0.33     10508.60   9126.36     11991   
28228986.00    1270       1638       2908       3230       8862      12092      12092       1.13       0.32     10667.50   8967.45     12092   
28333152.00    1311       1703       3014       3189       8797      11986      11986       1.13       0.34     10638.73   8996.22     11986   
28437318.00    1358       1724       3082       3142       8776      11918      11918       1.12       0.34     10600.70   9034.26     11918   
28541484.00    1469       1925       3394       3031       8575      11606      11606       1.12       0.37     10341.43   9293.52     11606   
28645650.00    1453       1970       3423       3047       8530      11577      11577       1.12       0.37     10305.51   9329.44     11577   
28749816.00    1445       1999       3444       3055       8501      11556      11556       1.12       0.37     10283.72   9351.23     11556   
28853982.00    1491       2004       3495       3009       8496      11505      11505       1.13       0.37     10207.90   9427.05     11505   
28958148.00    1493       2014       3507       3007       8486      11493      11493       1.13       0.37     10183.76   9451.20     11493   
29062314.00    1456       2057       3513       3044       8443      11487      11487       1.12       0.37     10252.23   9382.72     11487   
29166480.00    1416       1980       3396       3084       8520      11604      11604       1.12       0.37     10372.81   9262.14     11604   
29270646.00    1382       1923       3305       3118       8577      11695      11695       1.11       0.36     10500.42   9134.53     11695   
29374812.00    1387       1922       3309       3113       8578      11691      11691       1.11       0.37     10572.59   9062.37     11691   
29478978.00    1407       1961       3368       3093       8539      11632      11632       1.11       0.37     10447.24   9187.72     11632   
29583144.00    1415       1994       3409       3085       8506      11591      11591       1.12       0.37     10356.64   9278.32     11591   
29687310.00    1428       1946       3374       3072       8554      11626      11626       1.13       0.36     10319.78   9315.18     11626   
29791476.00    1361       1874       3235       3139       8626      11765      11765       1.13       0.35     10421.89   9213.06     11765   
29895642.00    1395       1891       3286       3105       8609      11714      11714       1.13       0.36     10384.62   9250.34     11714   
29999808.00    1442       2046       3488       3058       8454      11512      11512       1.14       0.37     10119.40   9515.55     11512   
30103974.00    1435       1997       3432       3065       8503      11568      11568       1.14       0.36     10188.53   9446.42     11568   
30208140.00    1476       2100       3576       3024       8400      11424      11424       1.13       0.38     10120.08   9514.87     11424   
30312306.00    1515       2206       3721       2985       8294      11279      11279       1.14       0.38     9883.11    9751.84     11279   
30416472.00    1421       2018       3439       3079       8482      11561      11561       1.14       0.36     10130.85   9504.10     11561   
30520638.00    1376       1885       3261       3124       8615      11739      11739       1.14       0.35     10287.45   9347.50     11739   
30624804.00    1331       1774       3105       3169       8726      11895      11895       1.14       0.34     10436.01   9198.94     11895   
30728970.00    1315       1768       3083       3185       8732      11917      11917       1.14       0.34     10474.00   9160.95     11917   
30833136.00    1296       1707       3003       3204       8793      11997      11997       1.13       0.33     10589.23   9045.72     11997   
30937302.00    1305       1805       3110       3195       8695      11890      11890       1.13       0.34     10519.20   9115.76     11890   
31041468.00    1326       1842       3168       3174       8658      11832      11832       1.13       0.35     10489.72   9145.23     11832   
31145634.00    1345       1893       3238       3155       8607      11762      11762       1.12       0.35     10468.79   9166.16     11762   
31249800.00    1298       1885       3183       3202       8615      11817      11817       1.12       0.35     10506.66   9128.30     11817   
31353966.00    1342       1877       3219       3158       8623      11781      11781       1.13       0.35     10423.98   9210.97     11781   
31458132.00    1319       1836       3155       3181       8664      11845      11845       1.13       0.35     10498.18   9136.77     11845   
31562298.00    1349       1910       3259       3151       8590      11741      11741       1.12       0.36     10476.09   9158.87     11741   
31666464.00    1370       2004       3374       3130       8496      11626      11626       1.12       0.37     10415.62   9219.34     11626   
31770630.00    1384       1998       3382       3116       8502      11618      11618       1.11       0.37     10435.58   9199.38     11618   
31874796.00    1381       1899       3280       3119       8601      11720      11720       1.11       0.36     10537.82   9097.13     11720   
31978962.00    1404       1982       3386       3096       8518      11614      11614       1.11       0.37     10463.57   9171.39     11614   
32083128.00    1369       1978       3347       3131       8522      11653      11653       1.11       0.36     10453.00   9181.96     11653   
32187294.00    1455       2170       3625       3045       8330      11375      11375       1.12       0.38     10144.40   9490.55     11375   
32291460.00    1394       2036       3430       3106       8464      11570      11570       1.12       0.37     10309.51   9325.44     11570   
32395626.00    1421       2081       3502       3079       8419      11498      11498       1.13       0.37     10200.71   9434.25     11498   
32499792.00    1456       2063       3519       3044       8437      11481      11481       1.13       0.37     10183.48   9451.47     11481   
32603958.00    1441       2115       3556       3059       8385      11444      11444       1.12       0.38     10212.73   9422.23     11444   
32708124.00    1448       2113       3561       3052       8387      11439      11439       1.12       0.38     10223.10   9411.86     11439   
32812290.00    1454       2081       3535       3046       8419      11465      11465       1.12       0.38     10213.38   9421.57     11465   
32916456.00    1474       2141       3615       3026       8359      11385      11385       1.12       0.38     10142.30   9492.65     11385   
33020622.00    1442       2049       3491       3058       8451      11509      11509       1.12       0.37     10257.53   9377.43     11509   
33124788.00    1449       2098       3547       3051       8402      11453      11453       1.13       0.38     10178.82   9456.13     11453   
33228954.00    1459       2119       3578       3041       8381      11422      11422       1.13       0.37     10092.47   9542.49     11422   
33333120.00    1489       2233       3722       3011       8267      11278      11278       1.14       0.38     9859.21    9775.74     11278   
33437286.00    1470       2133       3603       3030       8367      11397      11397       1.15       0.37     9935.20    9699.76     11397   
33541452.00    1460       2102       3562       3040       8398      11438      11438       1.14       0.37     9989.79    9645.17     11438   
33645618.00    1463       2167       3630       3037       8333      11370      11370       1.14       0.37     9946.76    9688.19     11370   
33749784.00    1437       2025       3462       3063       8475      11538      11538       1.14       0.36     10087.37   9547.58     11538   
33853950.00    1375       1998       3373       3125       8502      11627      11627       1.15       0.35     10086.18   9548.77     11627   
33958116.00    1355       1875       3230       3145       8625      11770      11770       1.15       0.34     10236.55   9398.40     11770   
34062282.00    1353       1889       3242       3147       8611      11758      11758       1.15       0.34     10220.70   9414.25     11758   
34166448.00    1347       1824       3171       3153       8676      11829      11829       1.15       0.34     10265.82   9369.13     11829   
34270614.00    1312       1751       3063       3188       8749      11937      11937       1.15       0.33     10349.86   9285.09     11937   
34374780.00    1255       1712       2967       3245       8788      12033      12033       1.15       0.32     10430.70   9204.26     12033   
34478946.00    1263       1653       2916       3237       8847      12084      12084       1.15       0.32     10518.94   9116.02     12084   
34583112.00    1250       1672       2922       3250       8828      12078      12078       1.15       0.32     10532.71   9102.24     12078   
34687278.00    1301       1727       3028       3199       8773      11972      11972       1.15       0.33     10438.40   9196.56     11972   
34791444.00    1241       1665       2906       3259       8835      12094      12094       1.14       0.32     10614.41   9020.55     12094   
34895610.00    1255       1758       3013       3245       8742      11987      11987       1.13       0.33     10577.50   9057.45     11987   
34999776.00    1242       1749       2991       3258       8751      12009      12009       1.13       0.33     10626.81   9008.14     12009   
35103942.00    1335       1983       3318       3165       8517      11682      11682       1.14       0.35     10285.37   9349.59     11682   
35208108.00    1314       1996       3310       3186       8504      11690      11690       1.14       0.35     10252.20   9382.75     11690   
35312274.00    1263       1812       3075       3237       8688      11925      11925       1.15       0.33     10406.35   9228.61     11925   
35416440.00    1240       1726       2966       3260       8774      12034      12034       1.14       0.33     10531.08   9103.87     12034   
35520606.00    1224       1710       2934       3276       8790      12066      12066       1.14       0.32     10564.03   9070.93     12066   
35624772.00    1162       1587       2749       3338       8913      12251      12251       1.14       0.31     10736.85   8898.10     12251   
35728938.00    1176       1571       2747       3324       8929      12253      12253       1.14       0.31     10740.51   8894.44     12253   
35833104.00    1215       1604       2819       3285       8896      12181      12181       1.14       0.31     10678.12   8956.83     12181   
35937270.00    1252       1650       2902       3248       8850      12098      12098       1.13       0.32     10676.35   8958.61     12098   
36041436.00    1294       1658       2952       3206       8842      12048      12048       1.13       0.33     10656.44   8978.52     12048   
36145602.00    1350       1731       3081       3150       8769      11919      11919       1.13       0.34     10525.12   9109.84     11919   
36249768.00    1323       1792       3115       3177       8708      11885      11885       1.13       0.34     10480.78   9154.18     11885   
36353934.00    1368       1916       3284       3132       8584      11716      11716       1.14       0.35     10302.96   9332.00     11716   
36458100.00    1384       1999       3383       3116       8501      11617      11617       1.14       0.36     10206.71   9428.25     11617   
36562266.00    1384       1918       3302       3116       8582      11698      11698       1.14       0.35     10239.51   9395.45     11698   
36666432.00    1312       1801       3113       3188       8699      11887      11887       1.14       0.34     10394.87   9240.09     11887   
36770598.00    1292       1744       3036       3208       8756      11964      11964       1.14       0.33     10486.06   9148.89     11964   
36874764.00    1340       1871       3211       3160       8629      11789      11789       1.14       0.35     10338.66   9296.30     11789   
36978930.00    1346       1902       3248       3154       8598      11752      11752       1.14       0.35     10285.37   9349.58     11752   
37083096.00    1304       1851       3155       3196       8649      11845      11845       1.14       0.34     10374.20   9260.75     11845   
37187262.00    1345       1845       3190       3155       8655      11810      11810       1.14       0.34     10320.34   9314.61     11810   
37291428.00    1350       1836       3186       3150       8664      11814      11814       1.14       0.34     10322.75   9312.21     11814   
37395594.00    1352       1895       3247       3148       8605      11753      11753       1.15       0.35     10240.48   9394.48     11753   
37499760.00    1369       1886       3255       3131       8614      11745      11745       1.15       0.34     10195.55   9439.40     11745   
37603926.00    1335       1898       3233       3165       8602      11767      11767       1.15       0.34     10250.03   9384.93     11767   
37708092.00    1324       1889       3213       3176       8611      11787      11787       1.15       0.34     10255.02   9379.94     11787   
37812258.00    1343       1825       3168       3157       8675      11832      11832       1.15       0.34     10322.80   9312.15     11832   
37916424.00    1363       1853       3216       3137       8647      11784      11784       1.15       0.34     10290.94   9344.01     11784   
38020590.00    1371       1863       3234       3129       8637      11766      11766       1.15       0.34     10260.99   9373.97     11766   
38124756.00    1418       1925       3343       3082       8575      11657      11657       1.15       0.35     10176.05   9458.91     11657   
38228922.00    1349       1853       3202       3151       8647      11798      11798       1.15       0.34     10295.81   9339.14     11798   
38333088.00    1294       1710       3004       3206       8790      11996      11996       1.14       0.33     10561.17   9073.78     11996   
38437254.00    1301       1818       3119       3199       8682      11881      11881       1.14       0.34     10459.26   9175.70     11881   
38541420.00    1284       1717       3001       3216       8783      11999      11999       1.13       0.33     10589.15   9045.81     11999   
38645586.00    1304       1795       3099       3196       8705      11901      11901       1.13       0.34     10531.33   9103.62     11901   
38749752.00    1305       1761       3066       3195       8739      11934      11934       1.13       0.34     10570.55   9064.41     11934   
38853918.00    1294       1610       2904       3206       8890      12096      12096       1.12       0.33     10765.64   8869.32     12096   
38958084.00    1234       1575       2809       3266       8925      12191      12191       1.12       0.32     10888.04   8746.91     12191   
39062250.00    1319       1716       3035       3181       8784      11965      11965       1.13       0.34     10633.17   9001.78     11965   
39166416.00    1325       1751       3076       3175       8749      11924      11924       1.13       0.34     10586.34   9048.61     11924   
39270582.00    1322       1729       3051       3178       8771      11949      11949       1.13       0.34     10603.62   9031.33     11949   
39374748.00    1359       1717       3076       3141       8783      11924      11924       1.13       0.34     10593.95   9041.01     11924   
39478914.00    1354       1780       3134       3146       8720      11866      11866       1.12       0.35     10563.45   9071.50     11866   
39583080.00    1317       1777       3094       3183       8723      11906      11906       1.13       0.34     10567.94   9067.02     11906   
39687246.00    1359       1744       3103       3141       8756      11897      11897       1.12       0.34     10619.71   9015.25     11897   
39791412.00    1368       1858       3226       3132       8642      11774      11774       1.12       0.35     10481.34   9153.61     11774   
39895578.00    1358       1896       3254       3142       8604      11746      11746       1.12       0.35     10449.47   9185.49     11746   
39999744.00    1398       2011       3409       3102       8489      11591      11591       1.13       0.36     10256.92   9378.04     11591   
40103910.00    1359       1931       3290       3141       8569      11710      11710       1.13       0.36     10392.09   9242.86     11710   
40208076.00    1421       2031       3452       3079       8469      11548      11548       1.13       0.37     10261.65   9373.30     11548   
40312242.00    1401       2004       3405       3099       8496      11595      11595       1.13       0.36     10272.44   9362.52     11595   
40416408.00    1427       2047       3474       3073       8453      11526      11526       1.13       0.37     10184.56   9450.39     11526   
40520574.00    1416       2082       3498       3084       8418      11502      11502       1.13       0.37     10205.00   9429.95     11502   
40624740.00    1410       2058       3468       3090       8442      11532      11532       1.13       0.37     10227.47   9407.48     11532   
40728906.00    1391       2048       3439       3109       8452      11561      11561       1.13       0.36     10207.54   9427.41     11561   
40833072.00    1399       1999       3398       3101       8501      11602      11602       1.14       0.36     10203.39   9431.56     11602   
40937238.00    1391       1943       3334       3109       8557      11666      11666       1.13       0.36     10322.91   9312.05     11666   
41041404.00    1353       1912       3265       3147       8588      11735      11735       1.13       0.35     10398.91   9236.05     11735   
41145570.00    1369       1922       3291       3131       8578      11709      11709       1.14       0.35     10297.88   9337.07     11709   
41249736.00    1386       1913       3299       3114       8587      11701      11701       1.14       0.35     10308.94   9326.02     11701   
41353902.00    1345       1905       3250       3155       8595      11750      11750       1.14       0.35     10342.10   9292.85     11750   
41458068.00    1346       1914       3260       3154       8586      11740      11740       1.14       0.35     10276.38   9358.58     11740   
41562234.00    1363       1847       3210       3137       8653      11790      11790       1.14       0.35     10363.39   9271.57     11790   
41666400.00    1296       1719       3015       3204       8781      11985      11985       1.13       0.33     10622.77   9012.19     11985   
