 Timestep    Gas_A      Gas_B     Gas_tot    Dense_A    Dense_B   Dense_tot   Lg_clust  DP_density GP_density Clust_area  Gas_area     MCS    
   0.00       4500      10500      15000        0          0          0          7         0.00       0.76       0.00     19634.96      0     
 52083.00     4500      10500      15000        0          0          0         126        0.00       0.76       0.00     19634.96      0     
104166.00     4500      10500      15000        0          0          0         185        0.00       0.76       0.00     19634.96      0     
156249.00     4500      10500      15000        0          0          0         282        0.00       0.76       0.00     19634.96      0     
208332.00     4500      10500      15000        0          0          0         313        0.00       0.76       0.00     19634.96      0     
260415.00     4500      10500      15000        0          0          0         451        0.00       0.76       0.00     19634.96      0     
312498.00     4500      10500      15000        0          0          0         445        0.00       0.76       0.00     19634.96      0     
364581.00     4500      10500      15000        0          0          0         328        0.00       0.76       0.00     19634.96      0     
416664.00     4500      10500      15000        0          0          0         754        0.00       0.76       0.00     19634.96      0     
468747.00     4159       9565      13724       341        935        1276       1276       0.99       0.75     1288.97    18345.98     1276   
520830.00     4166       9618      13784       334        882        1216       1216       1.02       0.75     1194.24    18440.72     1216   
572913.00     4153       9611      13764       347        889        1236       1236       1.02       0.75     1216.36    18418.60     1236   
624996.00     4122       9478      13600       378        1022       1400       1400       1.00       0.75     1396.97    18237.99     1400   
677079.00     4161       9642      13803       339        858        1197       1197       1.04       0.75     1152.96    18481.99     1197   
729162.00     4162       9668      13830       338        832        1170       1170       1.02       0.75     1143.69    18491.27     1170   
781245.00     4165       9619      13784       335        881        1216       1216       1.04       0.75     1174.66    18460.30     1216   
833328.00     4058       9461      13519       442        1039       1481       1481       1.02       0.74     1453.60    18181.36     1481   
885411.00     4008       9197      13205       492        1303       1795       1795       1.02       0.74     1766.89    17868.07     1795   
937494.00     4073       9344      13417       427        1156       1583       1583       1.01       0.74     1572.63    18062.33     1583   
989577.00     4058       9278      13336       442        1222       1664       1664       1.01       0.74     1648.27    17986.68     1664   
1041660.00    4008       9170      13178       492        1330       1822       1822       1.01       0.74     1798.58    17836.37     1822   
1093743.00    4170       9627      13797       330        873        1203       1203       1.05       0.75     1150.66    18484.29     1203   
1145826.00    4017       9176      13193       483        1324       1807       1807       1.04       0.74     1740.46    17894.49     1807   
1197909.00    3645       8248      11893       855        2252       3107       2020       1.02       0.72     3032.09    16602.86     1553   
1249992.00    4045       9275      13320       455        1225       1680       1680       1.05       0.74     1603.13    18031.83     1680   
1302075.00    3760       8427      12187       740        2073       2813       1746       1.01       0.72     2778.98    16855.98     1406   
1354158.00    4064       9343      13407       436        1157       1593       1593       1.02       0.74     1556.50    18078.46     1593   
1406241.00    4145       9445      13590       355        1055       1410       1410       1.03       0.74     1369.14    18265.82     1410   
1458324.00    4146       9462      13608       354        1038       1392       1392       1.01       0.75     1373.49    18261.47     1392   
1510407.00    4140       9521      13661       360        979        1339       1339       1.01       0.75     1330.38    18304.58     1339   
1562490.00    4128       9421      13549       372        1079       1451       1451       1.00       0.75     1451.76    18183.19     1451   
1614573.00    4196       9561      13757       304        939        1243       1243       1.01       0.75     1231.74    18403.21     1243   
1666656.00    4191       9557      13748       309        943        1252       1252       0.99       0.75     1258.84    18376.12     1252   
1718739.00    4145       9476      13621       355        1024       1379       1379       1.00       0.75     1380.80    18254.15     1379   
1770822.00    4140       9435      13575       360        1065       1425       1425       1.00       0.75     1423.44    18211.51     1425   
1822905.00    4121       9350      13471       379        1150       1529       1529       1.00       0.74     1527.96    18106.99     1529   
1874988.00    4111       9414      13525       389        1086       1475       1475       1.00       0.74     1474.48    18160.47     1475   
1927071.00    4156       9468      13624       344        1032       1376       1376       1.00       0.75     1381.30    18253.65     1376   
1979154.00    4171       9415      13586       329        1085       1414       1414       1.00       0.75     1414.36    18220.59     1414   
2031237.00    4500      10500      15000        0          0          0         851        0.00       0.76       0.00     19634.96      0     
2083320.00    4500      10500      15000        0          0          0         690        0.00       0.76       0.00     19634.96      0     
2135403.00    4500      10500      15000        0          0          0         855        0.00       0.76       0.00     19634.96      0     
2187486.00    4154       9429      13583       346        1071       1417       1417       1.01       0.74     1399.65    18235.30     1417   
2239569.00    4205       9713      13918       295        787        1082       1082       0.97       0.75     1111.63    18523.33     1082   
2291652.00    3650       8014      11664       850        2486       3336       1896       0.99       0.72     3385.65    16249.31     1668   
2343735.00    4500      10500      15000        0          0          0         938        0.00       0.76       0.00     19634.96      0     
2395818.00    4217       9758      13975       283        742        1025       1025       0.98       0.75     1047.78    18587.18     1025   
2447901.00    4218       9702      13920       282        798        1080       1080       1.00       0.75     1078.24    18556.71     1080   
2499984.00    4500      10500      15000        0          0          0         998        0.00       0.76       0.00     19634.96      0     
2552067.00    4500      10500      15000        0          0          0         913        0.00       0.76       0.00     19634.96      0     
2604150.00    4202       9675      13877       298        825        1123       1123       0.97       0.75     1152.47    18482.48     1123   
2656233.00    4061       9350      13411       439        1150       1589       1589       0.97       0.75     1638.75    17996.20     1589   
2708316.00    4500      10500      15000        0          0          0         945        0.00       0.76       0.00     19634.96      0     
2760399.00    4149       9539      13688       351        961        1312       1312       0.99       0.75     1326.85    18308.11     1312   
2812482.00    4500      10500      15000        0          0          0         816        0.00       0.76       0.00     19634.96      0     
2864565.00    4100       9419      13519       400        1081       1481       1481       0.99       0.75     1490.87    18144.09     1481   
2916648.00    4085       9273      13358       415        1227       1642       1642       1.00       0.74     1643.56    17991.39     1642   
2968731.00    3868       8777      12645       632        1723       2355       2355       1.00       0.73     2346.11    17288.84     2355   
3020814.00    3905       8831      12736       595        1669       2264       2264       1.02       0.73     2216.50    17418.46     2264   
3072897.00    4010       9193      13203       490        1307       1797       1797       1.03       0.74     1744.61    17890.34     1797   
3124980.00    4032       9249      13281       468        1251       1719       1719       1.02       0.74     1684.51    17950.45     1719   
3177063.00    4006       9168      13174       494        1332       1826       1826       0.99       0.74     1837.11    17797.85     1826   
3229146.00    4086       9304      13390       414        1196       1610       1610       1.00       0.74     1614.85    18020.10     1610   
3281229.00    4191       9676      13867       309        824        1133       1133       1.01       0.75     1125.53    18509.43     1133   
3333312.00    4172       9651      13823       328        849        1177       1177       1.02       0.75     1156.72    18478.24     1177   
3385395.00    4112       9449      13561       388        1051       1439       1439       1.01       0.74     1426.43    18208.52     1439   
3437478.00    4074       9289      13363       426        1211       1637       1637       1.00       0.74     1637.12    17997.84     1637   
3489561.00    4169       9543      13712       331        957        1288       1288       1.00       0.75     1283.06    18351.90     1288   
3541644.00    4174       9600      13774       326        900        1226       1226       0.99       0.75     1244.14    18390.81     1226   
3593727.00    4069       9352      13421       431        1148       1579       1579       0.98       0.74     1616.80    18018.15     1579   
3645810.00    4500      10500      15000        0          0          0         889        0.00       0.76       0.00     19634.96      0     
3697893.00    4500      10500      15000        0          0          0         413        0.00       0.76       0.00     19634.96      0     
3749976.00    4500      10500      15000        0          0          0         758        0.00       0.76       0.00     19634.96      0     
3802059.00    4500      10500      15000        0          0          0         506        0.00       0.76       0.00     19634.96      0     
3854142.00    4500      10500      15000        0          0          0         626        0.00       0.76       0.00     19634.96      0     
3906225.00    4214       9671      13885       286        829        1115       1115       1.00       0.75     1117.24    18517.71     1115   
3958308.00    4500      10500      15000        0          0          0         771        0.00       0.76       0.00     19634.96      0     
4010391.00    4084       9361      13445       416        1139       1555       1555       1.00       0.74     1557.68    18077.27     1555   
4062474.00    3716       8284      12000       784        2216       3000       1890       1.00       0.72     3008.58    16626.37     1500   
4114557.00    4029       9208      13237       471        1292       1763       1763       1.02       0.74     1736.25    17898.70     1763   
4166640.00    3906       8907      12813       594        1593       2187       1181       1.00       0.73     2194.47    17440.49     1093   
4218723.00    3962       8977      12939       538        1523       2061       1041       1.00       0.74     2069.27    17565.68     1030   
4270806.00    3853       8810      12663       647        1690       2337       1183       0.98       0.73     2375.30    17259.66     1168   
4322889.00    3890       8725      12615       610        1775       2385       1200       1.00       0.73     2389.37    17245.59     1192   
4374972.00    3584       7857      11441       916        2643       3559       1347       1.00       0.71     3548.59    16086.36     1186   
4427055.00    3452       7431      10883       1048       3069       4117       1419       1.00       0.70     4117.12    15517.84     1372   
4479138.00    4074       9295      13369       426        1205       1631       1631       1.01       0.74     1619.44    18015.51     1631   
4531221.00    3715       8364      12079       785        2136       2921       1508       1.01       0.72     2895.66    16739.29     1460   
4583304.00    3724       8193      11917       776        2307       3083       1586       0.99       0.72     3103.90    16531.05     1541   
4635387.00    3832       8543      12375       668        1957       2625       1313       1.00       0.73     2636.41    16998.55     1312   
4687470.00    3909       8719      12628       591        1781       2372       1243       1.01       0.73     2343.27    17291.68     1186   
4739553.00    3879       8578      12457       621        1922       2543       1521       1.02       0.73     2488.09    17146.86     1271   
4791636.00    3548       7610      11158       952        2890       3842       1469       1.01       0.71     3817.83    15817.12     1280   
4843719.00    3610       7629      11239       890        2871       3761       1438       1.01       0.71     3710.60    15924.35     1253   
4895802.00    3858       8580      12438       642        1920       2562       1406       1.00       0.73     2560.72    17074.23     1281   
4947885.00    4166       9490      13656       334        1010       1344       1344       1.02       0.75     1320.61    18314.34     1344   
4999968.00    3766       8315      12081       734        2185       2919       1787       0.99       0.72     2950.21    16684.74     1459   
5052051.00    4094       9281      13375       406        1219       1625       1625       1.01       0.74     1603.10    18031.86     1625   
5104134.00    4099       9247      13346       401        1253       1654       1654       1.01       0.74     1630.15    18004.81     1654   
5156217.00    4172       9460      13632       328        1040       1368       1368       1.01       0.75     1347.98    18286.98     1368   
5208300.00    4139       9406      13545       361        1094       1455       1455       1.00       0.75     1460.50    18174.45     1455   
5260383.00    4149       9411      13560       351        1089       1440       1440       1.00       0.75     1435.77    18199.18     1440   
5312466.00    3980       9005      12985       520        1495       2015       2015       1.00       0.74     2008.38    17626.57     2015   
5364549.00    4071       9174      13245       429        1326       1755       1755       1.02       0.74     1727.90    17907.05     1755   
5416632.00    4053       9209      13262       447        1291       1738       1738       1.00       0.74     1740.36    17894.59     1738   
5468715.00    4064       9198      13262       436        1302       1738       1738       1.00       0.74     1745.59    17889.36     1738   
5520798.00    3747       8284      12031       753        2216       2969       1882       1.00       0.72     2976.74    16658.21     1484   
5572881.00    3762       8229      11991       738        2271       3009       3009       0.99       0.72     3032.10    16602.86     3009   
5624964.00    4237       9734      13971       263        766        1029       1029       1.00       0.75     1028.56    18606.39     1029   
5677047.00    4184       9566      13750       316        934        1250       1250       1.00       0.75     1248.20    18386.75     1250   
5729130.00    3889       8641      12530       611        1859       2470       1433       1.00       0.73     2469.48    17165.47     1235   
5781213.00    4134       9377      13511       366        1123       1489       1489       1.00       0.74     1496.36    18138.60     1489   
5833296.00    3808       8428      12236       692        2072       2764       1534       1.00       0.72     2751.97    16882.98     1382   
5885379.00    3775       8346      12121       725        2154       2879       1636       0.99       0.72     2904.50    16730.45     1439   
5937462.00    3935       8771      12706       565        1729       2294       1180       1.00       0.73     2304.12    17330.83     1147   
5989545.00    4149       9449      13598       351        1051       1402       1402       0.98       0.75     1424.85    18210.11     1402   
6041628.00    3782       8220      12002       718        2280       2998       1886       1.00       0.72     3005.66    16629.30     1499   
6093711.00    4500      10500      15000        0          0          0         813        0.00       0.76       0.00     19634.96      0     
6145794.00    3869       8571      12440       631        1929       2560       1361       0.98       0.73     2602.49    17032.46     1280   
6197877.00    4252       9668      13920       248        832        1080       1080       0.95       0.75     1135.34    18499.62     1080   
6249960.00    4237       9649      13886       263        851        1114       1114       0.99       0.75     1121.25    18513.71     1114   
6302043.00    4500      10500      15000        0          0          0         983        0.00       0.76       0.00     19634.96      0     
6354126.00    4500      10500      15000        0          0          0         802        0.00       0.76       0.00     19634.96      0     
6406209.00    4247       9704      13951       253        796        1049       1049       1.01       0.75     1036.08    18598.87     1049   
6458292.00    4500      10500      15000        0          0          0         701        0.00       0.76       0.00     19634.96      0     
6510375.00    4500      10500      15000        0          0          0         957        0.00       0.76       0.00     19634.96      0     
6562458.00    4500      10500      15000        0          0          0         927        0.00       0.76       0.00     19634.96      0     
6614541.00    3886       8433      12319       614        2067       2681       1346       0.99       0.73     2707.05    16927.90     1340   
6666624.00    4176       9359      13535       324        1141       1465       1465       0.98       0.75     1498.05    18136.91     1465   
6718707.00    4500      10500      15000        0          0          0         903        0.00       0.76       0.00     19634.96      0     
6770790.00    4500      10500      15000        0          0          0         948        0.00       0.76       0.00     19634.96      0     
6822873.00    4500      10500      15000        0          0          0         987        0.00       0.76       0.00     19634.96      0     
6874956.00    3941       8748      12689       559        1752       2311       1221       1.00       0.73     2317.34    17317.62     1155   
6927039.00    4218       9595      13813       282        905        1187       1187       1.02       0.75     1160.49    18474.47     1187   
6979122.00    4265       9690      13955       235        810        1045       1045       1.02       0.75     1028.74    18606.22     1045   
7031205.00    4219       9558      13777       281        942        1223       1223       1.02       0.75     1200.46    18434.49     1223   
7083288.00    4197       9472      13669       303        1028       1331       1331       1.00       0.75     1324.59    18310.36     1331   
7135371.00    4207       9560      13767       293        940        1233       1233       1.00       0.75     1237.13    18397.82     1233   
7187454.00    4500      10500      15000        0          0          0         739        0.00       0.76       0.00     19634.96      0     
7239537.00    4500      10500      15000        0          0          0         926        0.00       0.76       0.00     19634.96      0     
7291620.00    4131       9275      13406       369        1225       1594       1594       0.99       0.74     1608.78    18026.18     1594   
7343703.00    4230       9546      13776       270        954        1224       1224       0.98       0.75     1243.92    18391.04     1224   
7395786.00    4159       9425      13584       341        1075       1416       1416       0.98       0.75     1445.15    18189.81     1416   
7447869.00    4500      10500      15000        0          0          0         740        0.00       0.76       0.00     19634.96      0     
7499952.00    4049       9164      13213       451        1336       1787       1787       0.99       0.74     1797.30    17837.66     1787   
7552035.00    4500      10500      15000        0          0          0         802        0.00       0.76       0.00     19634.96      0     
7604118.00    4500      10500      15000        0          0          0         917        0.00       0.76       0.00     19634.96      0     
7656201.00    4203       9588      13791       297        912        1209       1209       0.96       0.75     1264.52    18370.44     1209   
7708284.00    4500      10500      15000        0          0          0         550        0.00       0.76       0.00     19634.96      0     
7760367.00    4238       9715      13953       262        785        1047       1047       0.99       0.75     1060.29    18574.67     1047   
7812450.00    3914       8740      12654       586        1760       2346       1322       0.99       0.73     2366.54    17268.42     1173   
7864533.00    4147       9451      13598       353        1049       1402       1402       1.00       0.75     1395.27    18239.68     1402   
7916616.00    4500      10500      15000        0          0          0         855        0.00       0.76       0.00     19634.96      0     
7968699.00    4500      10500      15000        0          0          0         982        0.00       0.76       0.00     19634.96      0     
8020782.00    3855       8686      12541       645        1814       2459       1400       1.01       0.73     2440.70    17194.26     1229   
8072865.00    4115       9466      13581       385        1034       1419       1419       1.03       0.74     1372.31    18262.65     1419   
8124948.00    3392       7588      10980       1108       2912       4020       1501       1.00       0.70     4003.19    15631.76     1340   
8177031.00    4110       9421      13531       390        1079       1469       1469       1.03       0.74     1423.91    18211.05     1469   
8229114.00    3576       7962      11538       924        2538       3462       2319       1.00       0.71     3462.96    16171.99     1731   
8281197.00    3784       8570      12354       716        1930       2646       1459       1.01       0.73     2627.41    17007.54     1323   
8333280.00    3515       7915      11430       985        2585       3570       1975       1.00       0.71     3569.00    16065.95     1785   
8385363.00    4010       9176      13186       490        1324       1814       1814       1.00       0.74     1814.32    17820.64     1814   
8437446.00    3562       7888      11450       938        2612       3550       2029       0.98       0.71     3605.25    16029.71     1775   
8489529.00    4064       9277      13341       436        1223       1659       1659       1.00       0.74     1666.76    17968.20     1659   
8541612.00    4136       9519      13655       364        981        1345       1345       1.02       0.75     1319.88    18315.08     1345   
8593695.00    4157       9553      13710       343        947        1290       1290       1.01       0.75     1272.95    18362.01     1290   
8645778.00    4100       9354      13454       400        1146       1546       1546       1.01       0.74     1536.18    18098.77     1546   
8697861.00    4500      10500      15000        0          0          0         965        0.00       0.76       0.00     19634.96      0     
8749944.00    4129       9459      13588       371        1041       1412       1412       1.00       0.75     1406.82    18228.14     1412   
8802027.00    4070       9303      13373       430        1197       1627       1627       1.00       0.74     1630.65    18004.31     1627   
8854110.00    4500      10500      15000        0          0          0         932        0.00       0.76       0.00     19634.96      0     
8906193.00    4214       9647      13861       286        853        1139       1139       1.02       0.75     1121.51    18513.44     1139   
8958276.00    4500      10500      15000        0          0          0         872        0.00       0.76       0.00     19634.96      0     
9010359.00    4283       9715      13998       217        785        1002       1002       0.98       0.75     1022.32    18612.63     1002   
9062442.00    4500      10500      15000        0          0          0         885        0.00       0.76       0.00     19634.96      0     
9114525.00    4221       9750      13971       279        750        1029       1029       0.99       0.75     1036.58    18598.38     1029   
9166608.00    4500      10500      15000        0          0          0         585        0.00       0.76       0.00     19634.96      0     
9218691.00    4500      10500      15000        0          0          0         748        0.00       0.76       0.00     19634.96      0     
9270774.00    4500      10500      15000        0          0          0         903        0.00       0.76       0.00     19634.96      0     
9322857.00    4500      10500      15000        0          0          0         645        0.00       0.76       0.00     19634.96      0     
9374940.00    4500      10500      15000        0          0          0         598        0.00       0.76       0.00     19634.96      0     
9427023.00    4500      10500      15000        0          0          0         698        0.00       0.76       0.00     19634.96      0     
9479106.00    4500      10500      15000        0          0          0         973        0.00       0.76       0.00     19634.96      0     
9531189.00    3952       8899      12851       548        1601       2149       2149       0.99       0.74     2163.74    17471.21     2149   
9583272.00    4017       9090      13107       483        1410       1893       1893       1.01       0.74     1880.64    17754.31     1893   
9635355.00    4028       9150      13178       472        1350       1822       1822       1.02       0.74     1794.85    17840.10     1822   
9687438.00    3978       8987      12965       522        1513       2035       2035       1.00       0.74     2032.32    17602.63     2035   
9739521.00    4100       9291      13391       400        1209       1609       1609       1.02       0.74     1583.34    18051.62     1609   
9791604.00    3873       8860      12733       627        1640       2267       1152       0.99       0.73     2286.81    17348.14     1133   
9843687.00    4500      10500      15000        0          0          0         789        0.00       0.76       0.00     19634.96      0     
9895770.00    4500      10500      15000        0          0          0         971        0.00       0.76       0.00     19634.96      0     
9947853.00    4500      10500      15000        0          0          0         727        0.00       0.76       0.00     19634.96      0     
9999936.00    4179       9661      13840       321        839        1160       1160       1.00       0.75     1162.12    18472.83     1160   
10052019.00    4215       9706      13921       285        794        1079       1079       1.02       0.75     1056.21    18578.74     1079   
10104102.00    4500      10500      15000        0          0          0         967        0.00       0.76       0.00     19634.96      0     
10156185.00    4500      10500      15000        0          0          0         856        0.00       0.76       0.00     19634.96      0     
10208268.00    4223       9761      13984       277        739        1016       1016       1.01       0.75     1004.37    18630.58     1016   
10260351.00    4141       9561      13702       359        939        1298       1298       1.01       0.75     1282.74    18352.21     1298   
10312434.00    3712       8526      12238       788        1974       2762       1737       0.99       0.73     2789.10    16845.85     1381   
10364517.00    3728       8528      12256       772        1972       2744       1716       1.01       0.72     2720.17    16914.79     1372   
10416600.00    3459       7798      11257       1041       2702       3743       2152       1.01       0.71     3720.89    15914.06     1871   
10468683.00    3551       7982      11533       949        2518       3467       3467       1.02       0.71     3402.31    16232.65     3467   
10520766.00    3600       8109      11709       900        2391       3291       1721       1.01       0.72     3259.50    16375.45     1645   
10572849.00    3661       8243      11904       839        2257       3096       1652       1.01       0.72     3057.56    16577.39     1548   
10624932.00    3546       8030      11576       954        2470       3424       3424       1.01       0.71     3390.57    16244.39     3424   
10677015.00    3578       7954      11532       922        2546       3468       3468       1.00       0.71     3457.27    16177.68     3468   
10729098.00    3795       8619      12414       705        1881       2586       2586       1.01       0.73     2551.04    17083.92     2586   
10781181.00    3838       8712      12550       662        1788       2450       2450       1.01       0.73     2419.35    17215.61     2450   
10833264.00    3799       8435      12234       701        2065       2766       1510       1.00       0.72     2757.90    16877.05     1383   
10885347.00    3932       8856      12788       568        1644       2212       1174       1.00       0.73     2216.73    17418.22     1106   
10937430.00    4174       9523      13697       326        977        1303       1303       0.99       0.75     1312.18    18322.77     1303   
10989513.00    4234       9709      13943       266        791        1057       1057       1.00       0.75     1062.14    18572.81     1057   
11041596.00    4500      10500      15000        0          0          0         779        0.00       0.76       0.00     19634.96      0     
11093679.00    4119       9456      13575       381        1044       1425       1425       0.99       0.75     1437.71    18197.24     1425   
11145762.00    3886       8790      12676       614        1710       2324       1313       0.97       0.74     2392.06    17242.90     1162   
11197845.00    4088       9372      13460       412        1128       1540       1540       0.97       0.75     1581.70    18053.26     1540   
11249928.00    4500      10500      15000        0          0          0         940        0.00       0.76       0.00     19634.96      0     
11302011.00    4500      10500      15000        0          0          0         592        0.00       0.76       0.00     19634.96      0     
11354094.00    4204       9656      13860       296        844        1140       1140       0.97       0.75     1169.67    18465.28     1140   
11406177.00    4220       9653      13873       280        847        1127       1127       0.97       0.75     1160.19    18474.77     1127   
11458260.00    4500      10500      15000        0          0          0         946        0.00       0.76       0.00     19634.96      0     
11510343.00    4500      10500      15000        0          0          0         874        0.00       0.76       0.00     19634.96      0     
11562426.00    4500      10500      15000        0          0          0         851        0.00       0.76       0.00     19634.96      0     
11614509.00    4500      10500      15000        0          0          0         788        0.00       0.76       0.00     19634.96      0     
11666592.00    4500      10500      15000        0          0          0         824        0.00       0.76       0.00     19634.96      0     
11718675.00    4500      10500      15000        0          0          0         833        0.00       0.76       0.00     19634.96      0     
11770758.00    4500      10500      15000        0          0          0         928        0.00       0.76       0.00     19634.96      0     
11822841.00    4500      10500      15000        0          0          0         903        0.00       0.76       0.00     19634.96      0     
11874924.00    4500      10500      15000        0          0          0         857        0.00       0.76       0.00     19634.96      0     
11927007.00    4072       9369      13441       428        1131       1559       1559       0.98       0.74     1588.13    18046.82     1559   
11979090.00    4190       9768      13958       310        732        1042       1042       0.97       0.75     1072.93    18562.02     1042   
12031173.00    4223       9680      13903       277        820        1097       1097       0.97       0.75     1126.83    18508.13     1097   
12083256.00    4500      10500      15000        0          0          0         630        0.00       0.76       0.00     19634.96      0     
12135339.00    4500      10500      15000        0          0          0         527        0.00       0.76       0.00     19634.96      0     
12187422.00    4051       9255      13306       449        1245       1694       1694       0.97       0.74     1741.07    17893.88     1694   
12239505.00    3720       8288      12008       780        2212       2992       1715       0.98       0.72     3065.06    16569.89     1496   
12291588.00    4500      10500      15000        0          0          0         874        0.00       0.76       0.00     19634.96      0     
12343671.00    4500      10500      15000        0          0          0         813        0.00       0.76       0.00     19634.96      0     
12395754.00    4500      10500      15000        0          0          0         719        0.00       0.76       0.00     19634.96      0     
12447837.00    4500      10500      15000        0          0          0         727        0.00       0.76       0.00     19634.96      0     
12499920.00    4241       9710      13951       259        790        1049       1049       0.97       0.75     1080.94    18554.01     1049   
12552003.00    4500      10500      15000        0          0          0         692        0.00       0.76       0.00     19634.96      0     
12604086.00    4500      10500      15000        0          0          0         796        0.00       0.76       0.00     19634.96      0     
12656169.00    4500      10500      15000        0          0          0         907        0.00       0.76       0.00     19634.96      0     
12708252.00    4142       9401      13543       358        1099       1457       1457       0.99       0.75     1477.16    18157.80     1457   
12760335.00    4173       9646      13819       327        854        1181       1181       0.97       0.75     1214.99    18419.96     1181   
12812418.00    4088       9351      13439       412        1149       1561       1561       0.97       0.75     1606.36    18028.59     1561   
12864501.00    4182       9551      13733       318        949        1267       1267       1.00       0.75     1266.52    18368.43     1267   
12916584.00    4500      10500      15000        0          0          0         968        0.00       0.76       0.00     19634.96      0     
12968667.00    4225       9740      13965       275        760        1035       1035       1.00       0.75     1035.44    18599.51     1035   
13020750.00    4016       9219      13235       484        1281       1765       1765       1.01       0.74     1750.52    17884.44     1765   
13072833.00    4048       9303      13351       452        1197       1649       1649       1.00       0.74     1643.74    17991.22     1649   
13124916.00    4081       9267      13348       419        1233       1652       1652       1.00       0.74     1654.64    17980.31     1652   
13176999.00    4112       9446      13558       388        1054       1442       1442       0.99       0.75     1453.17    18181.79     1442   
13229082.00    4121       9555      13676       379        945        1324       1324       1.00       0.75     1323.64    18311.31     1324   
13281165.00    4208       9622      13830       292        878        1170       1170       1.01       0.75     1163.60    18471.36     1170   
13333248.00    4202       9667      13869       298        833        1131       1131       1.00       0.75     1133.65    18501.31     1131   
13385331.00    3910       8820      12730       590        1680       2270       1153       1.01       0.73     2248.49    17386.47     1135   
13437414.00    4209       9768      13977       291        732        1023       1023       1.02       0.75     1006.32    18628.64     1023   
13489497.00    4192       9672      13864       308        828        1136       1136       0.99       0.75     1144.26    18490.70     1136   
13541580.00    4500      10500      15000        0          0          0         855        0.00       0.76       0.00     19634.96      0     
13593663.00    3891       8864      12755       609        1636       2245       1192       0.99       0.73     2279.03    17355.93     1122   
13645746.00    3968       8950      12918       532        1550       2082       1051       0.99       0.74     2100.81    17534.15     1041   
13697829.00    4185       9651      13836       315        849        1164       1164       0.98       0.75     1186.55    18448.41     1164   
13749912.00    4500      10500      15000        0          0          0         902        0.00       0.76       0.00     19634.96      0     
13801995.00    4199       9622      13821       301        878        1179       1179       1.00       0.75     1174.81    18460.14     1179   
13854078.00    4153       9576      13729       347        924        1271       1271       0.99       0.75     1278.36    18356.59     1271   
13906161.00    4171       9605      13776       329        895        1224       1224       0.98       0.75     1247.81    18387.14     1224   
13958244.00    4500      10500      15000        0          0          0         603        0.00       0.76       0.00     19634.96      0     
14010327.00    4500      10500      15000        0          0          0         872        0.00       0.76       0.00     19634.96      0     
14062410.00    4220       9704      13924       280        796        1076       1076       0.99       0.75     1091.34    18543.62     1076   
14114493.00    4104       9404      13508       396        1096       1492       1492       1.00       0.74     1497.74    18137.21     1492   
14166576.00    4150       9501      13651       350        999        1349       1349       0.99       0.75     1359.97    18274.99     1349   
14218659.00    4122       9504      13626       378        996        1374       1374       1.00       0.75     1375.48    18259.47     1374   
14270742.00    4176       9477      13653       324        1023       1347       1347       1.01       0.75     1339.60    18295.35     1347   
14322825.00    4097       9417      13514       403        1083       1486       1486       1.01       0.74     1465.68    18169.27     1486   
14374908.00    4126       9399      13525       374        1101       1475       1475       0.99       0.75     1493.84    18141.12     1475   
14426991.00    4500      10500      15000        0          0          0         905        0.00       0.76       0.00     19634.96      0     
14479074.00    4500      10500      15000        0          0          0         910        0.00       0.76       0.00     19634.96      0     
14531157.00    4104       9477      13581       396        1023       1419       1419       1.00       0.75     1414.85    18220.10     1419   
14583240.00    4219       9728      13947       281        772        1053       1053       0.98       0.75     1069.12    18565.83     1053   
14635323.00    4145       9543      13688       355        957        1312       1312       1.01       0.75     1294.17    18340.79     1312   
14687406.00    4091       9361      13452       409        1139       1548       1548       1.02       0.74     1524.21    18110.74     1548   
14739489.00    4116       9418      13534       384        1082       1466       1466       1.04       0.74     1413.62    18221.33     1466   
14791572.00    4127       9424      13551       373        1076       1449       1449       1.02       0.74     1421.68    18213.27     1449   
14843655.00    4117       9362      13479       383        1138       1521       1521       1.02       0.74     1490.27    18144.68     1521   
14895738.00    4181       9616      13797       319        884        1203       1203       1.03       0.75     1170.96    18464.00     1203   
14947821.00    4162       9565      13727       338        935        1273       1273       1.02       0.75     1253.93    18381.03     1273   
14999904.00    4155       9489      13644       345        1011       1356       1356       1.01       0.75     1345.64    18289.32     1356   
15051987.00    4238       9658      13896       262        842        1104       1104       1.02       0.75     1086.13    18548.82     1104   
15104070.00    4202       9523      13725       298        977        1275       1275       0.99       0.75     1287.81    18347.15     1275   
15156153.00    4199       9634      13833       301        866        1167       1167       0.96       0.75     1212.64    18422.32     1167   
15208236.00    4500      10500      15000        0          0          0         860        0.00       0.76       0.00     19634.96      0     
15260319.00    4500      10500      15000        0          0          0         845        0.00       0.76       0.00     19634.96      0     
15312402.00    4500      10500      15000        0          0          0         734        0.00       0.76       0.00     19634.96      0     
15364485.00    4500      10500      15000        0          0          0         562        0.00       0.76       0.00     19634.96      0     
15416568.00    4500      10500      15000        0          0          0         918        0.00       0.76       0.00     19634.96      0     
15468651.00    4500      10500      15000        0          0          0         845        0.00       0.76       0.00     19634.96      0     
15520734.00    4500      10500      15000        0          0          0         719        0.00       0.76       0.00     19634.96      0     
15572817.00    4500      10500      15000        0          0          0         508        0.00       0.76       0.00     19634.96      0     
15624900.00    4244       9733      13977       256        767        1023       1023       0.98       0.75     1041.24    18593.72     1023   
15676983.00    4500      10500      15000        0          0          0         585        0.00       0.76       0.00     19634.96      0     
15729066.00    4500      10500      15000        0          0          0         622        0.00       0.76       0.00     19634.96      0     
15781149.00    4500      10500      15000        0          0          0         710        0.00       0.76       0.00     19634.96      0     
15833232.00    4160       9619      13779       340        881        1221       1221       0.98       0.75     1251.17    18383.79     1221   
15885315.00    4205       9682      13887       295        818        1113       1113       1.00       0.75     1118.18    18516.77     1113   
15937398.00    3897       8921      12818       603        1579       2182       2182       0.99       0.74     2201.57    17433.38     2182   
15989481.00    3799       8703      12502       701        1797       2498       1427       0.99       0.73     2532.63    17102.32     1249   
16041564.00    3899       8805      12704       601        1695       2296       1250       1.00       0.73     2305.68    17329.27     1148   
16093647.00    3863       8788      12651       637        1712       2349       1344       0.98       0.73     2387.34    17247.62     1174   
16145730.00    4223       9729      13952       277        771        1048       1048       1.00       0.75     1050.20    18584.75     1048   
16197813.00    4192       9672      13864       308        828        1136       1136       1.00       0.75     1132.29    18502.66     1136   
16249896.00    4025       9213      13238       475        1287       1762       1762       1.01       0.74     1748.23    17886.73     1762   
16301979.00    4147       9591      13738       353        909        1262       1262       0.99       0.75     1275.50    18359.45     1262   
16354062.00    4167       9615      13782       333        885        1218       1218       1.00       0.75     1221.13    18413.83     1218   
16406145.00    4206       9656      13862       294        844        1138       1138       1.00       0.75     1136.04    18498.91     1138   
16458228.00    4500      10500      15000        0          0          0         780        0.00       0.76       0.00     19634.96      0     
16510311.00    4500      10500      15000        0          0          0         929        0.00       0.76       0.00     19634.96      0     
16562394.00    4500      10500      15000        0          0          0         565        0.00       0.76       0.00     19634.96      0     
16614477.00    4500      10500      15000        0          0          0         712        0.00       0.76       0.00     19634.96      0     
16666560.00    4087       9457      13544       413        1043       1456       1456       0.97       0.75     1502.26    18132.69     1456   
16718643.00    4500      10500      15000        0          0          0         856        0.00       0.76       0.00     19634.96      0     
16770726.00    4235       9752      13987       265        748        1013       1013       1.01       0.75     1005.06    18629.89     1013   
16822809.00    4500      10500      15000        0          0          0         763        0.00       0.76       0.00     19634.96      0     
16874892.00    4500      10500      15000        0          0          0         708        0.00       0.76       0.00     19634.96      0     
16926975.00    4227       9740      13967       273        760        1033       1033       0.99       0.75     1043.30    18591.65     1033   
16979058.00    4500      10500      15000        0          0          0         853        0.00       0.76       0.00     19634.96      0     
17031141.00    4500      10500      15000        0          0          0         702        0.00       0.76       0.00     19634.96      0     
17083224.00    4500      10500      15000        0          0          0         635        0.00       0.76       0.00     19634.96      0     
17135307.00    4158       9391      13549       342        1109       1451       1451       0.94       0.75     1541.20    18093.76     1451   
17187390.00    4500      10500      15000        0          0          0         727        0.00       0.76       0.00     19634.96      0     
17239473.00    4500      10500      15000        0          0          0         707        0.00       0.76       0.00     19634.96      0     
17291556.00    4500      10500      15000        0          0          0         611        0.00       0.76       0.00     19634.96      0     
17343639.00    4201       9733      13934       299        767        1066       1066       0.99       0.75     1075.69    18559.27     1066   
17395722.00    4500      10500      15000        0          0          0         645        0.00       0.76       0.00     19634.96      0     
17447805.00    4194       9614      13808       306        886        1192       1192       1.01       0.75     1184.92    18450.03     1192   
17499888.00    4500      10500      15000        0          0          0         918        0.00       0.76       0.00     19634.96      0     
17551971.00    4500      10500      15000        0          0          0         805        0.00       0.76       0.00     19634.96      0     
17604054.00    4500      10500      15000        0          0          0         817        0.00       0.76       0.00     19634.96      0     
17656137.00    4500      10500      15000        0          0          0         705        0.00       0.76       0.00     19634.96      0     
17708220.00    4500      10500      15000        0          0          0         967        0.00       0.76       0.00     19634.96      0     
17760303.00    4238       9711      13949       262        789        1051       1051       1.02       0.75     1034.27    18600.68     1051   
17812386.00    4079       9277      13356       421        1223       1644       1644       0.99       0.74     1654.06    17980.89     1644   
17864469.00    4091       9313      13404       409        1187       1596       1596       1.01       0.74     1584.33    18050.63     1596   
17916552.00    4091       9286      13377       409        1214       1623       1623       1.00       0.74     1626.09    18008.87     1623   
17968635.00    4195       9551      13746       305        949        1254       1254       1.00       0.75     1257.13    18377.83     1254   
18020718.00    4200       9620      13820       300        880        1180       1180       1.00       0.75     1176.21    18458.74     1180   
18072801.00    4201       9583      13784       299        917        1216       1216       1.00       0.75     1210.70    18424.25     1216   
18124884.00    4150       9408      13558       350        1092       1442       1442       1.00       0.75     1448.95    18186.00     1442   
18176967.00    4229       9630      13859       271        870        1141       1141       0.98       0.75     1164.39    18470.57     1141   
18229050.00    4114       9452      13566       386        1048       1434       1434       1.00       0.75     1438.61    18196.34     1434   
18281133.00    4048       9257      13305       452        1243       1695       1695       1.00       0.74     1697.84    17937.11     1695   
18333216.00    4085       9334      13419       415        1166       1581       1581       1.01       0.74     1565.94    18069.01     1581   
18385299.00    4086       9275      13361       414        1225       1639       1639       1.03       0.74     1598.51    18036.45     1639   
18437382.00    4098       9343      13441       402        1157       1559       1559       1.04       0.74     1505.72    18129.23     1559   
18489465.00    4088       9288      13376       412        1212       1624       1624       1.04       0.74     1562.76    18072.20     1624   
18541548.00    4029       9134      13163       471        1366       1837       1837       1.04       0.74     1763.17    17871.78     1837   
18593631.00    4108       9298      13406       392        1202       1594       1594       1.04       0.74     1525.44    18109.51     1594   
18645714.00    4161       9476      13637       339        1024       1363       1363       1.05       0.74     1303.81    18331.15     1363   
18697797.00    4196       9606      13802       304        894        1198       1198       1.03       0.75     1165.96    18468.99     1198   
18749880.00    3944       8890      12834       556        1610       2166       2166       1.00       0.73     2162.61    17472.35     2166   
18801963.00    4015       9047      13062       485        1453       1938       1938       1.00       0.74     1931.42    17703.53     1938   
18854046.00    4084       9191      13275       416        1309       1725       1725       0.99       0.74     1740.74    17894.21     1725   
18906129.00    4186       9485      13671       314        1015       1329       1329       1.01       0.75     1317.93    18317.02     1329   
18958212.00    4183       9512      13695       317        988        1305       1305       1.00       0.75     1299.78    18335.17     1305   
19010295.00    4148       9404      13552       352        1096       1448       1448       1.00       0.75     1449.28    18185.67     1448   
19062378.00    4250       9741      13991       250        759        1009       1009       1.02       0.75      988.81    18646.14     1009   
19114461.00    4500      10500      15000        0          0          0         954        0.00       0.76       0.00     19634.96      0     
19166544.00    4500      10500      15000        0          0          0         849        0.00       0.76       0.00     19634.96      0     
19218627.00    4500      10500      15000        0          0          0         788        0.00       0.76       0.00     19634.96      0     
19270710.00    4168       9679      13847       332        821        1153       1153       0.98       0.75     1175.26    18459.69     1153   
19322793.00    4500      10500      15000        0          0          0         581        0.00       0.76       0.00     19634.96      0     
19374876.00    4500      10500      15000        0          0          0         635        0.00       0.76       0.00     19634.96      0     
19426959.00    4500      10500      15000        0          0          0         680        0.00       0.76       0.00     19634.96      0     
19479042.00    4500      10500      15000        0          0          0         930        0.00       0.76       0.00     19634.96      0     
19531125.00    4500      10500      15000        0          0          0         981        0.00       0.76       0.00     19634.96      0     
19583208.00    4265       9729      13994       235        771        1006       1006       0.99       0.75     1011.91    18623.04     1006   
19635291.00    4174       9593      13767       326        907        1233       1233       0.98       0.75     1262.45    18372.51     1233   
19687374.00    4180       9623      13803       320        877        1197       1197       0.99       0.75     1207.17    18427.79     1197   
19739457.00    4500      10500      15000        0          0          0         717        0.00       0.76       0.00     19634.96      0     
19791540.00    4500      10500      15000        0          0          0         876        0.00       0.76       0.00     19634.96      0     
19843623.00    3844       8691      12535       656        1809       2465       1238       0.98       0.73     2515.45    17119.50     1232   
19895706.00    4500      10500      15000        0          0          0         841        0.00       0.76       0.00     19634.96      0     
19947789.00    4500      10500      15000        0          0          0         926        0.00       0.76       0.00     19634.96      0     
19999872.00    4211       9664      13875       289        836        1125       1125       0.98       0.75     1149.27    18485.68     1125   
20051955.00    4500      10500      15000        0          0          0         587        0.00       0.76       0.00     19634.96      0     
20104038.00    4243       9754      13997       257        746        1003       1003       0.97       0.75     1029.61    18605.35     1003   
20156121.00    4500      10500      15000        0          0          0         721        0.00       0.76       0.00     19634.96      0     
20208204.00    4210       9696      13906       290        804        1094       1094       0.98       0.75     1121.64    18513.31     1094   
20260287.00    4500      10500      15000        0          0          0         802        0.00       0.76       0.00     19634.96      0     
20312370.00    4500      10500      15000        0          0          0         960        0.00       0.76       0.00     19634.96      0     
20364453.00    3917       8826      12743       583        1674       2257       1221       1.00       0.73     2267.81    17367.14     1128   
20416536.00    4500      10500      15000        0          0          0         956        0.00       0.76       0.00     19634.96      0     
20468619.00    4226       9694      13920       274        806        1080       1080       1.00       0.75     1074.71    18560.25     1080   
20520702.00    4500      10500      15000        0          0          0         857        0.00       0.76       0.00     19634.96      0     
20572785.00    4500      10500      15000        0          0          0         914        0.00       0.76       0.00     19634.96      0     
20624868.00    4500      10500      15000        0          0          0         685        0.00       0.76       0.00     19634.96      0     
20676951.00    4500      10500      15000        0          0          0         593        0.00       0.76       0.00     19634.96      0     
20729034.00    4500      10500      15000        0          0          0         543        0.00       0.76       0.00     19634.96      0     
20781117.00    4500      10500      15000        0          0          0         561        0.00       0.76       0.00     19634.96      0     
20833200.00    3875       8843      12718       625        1657       2282       2282       0.99       0.73     2300.71    17334.24     2282   
