 Timestep    Gas_A      Gas_B     Gas_tot    Dense_A    Dense_B   Dense_tot   Lg_clust  DP_density GP_density Clust_area  Gas_area     MCS    
   0.00       1500      13500      15000        0          0          0          6         0.00       0.76       0.00     19634.96      0     
 93750.00     1500      13500      15000        0          0          0         549        0.00       0.76       0.00     19634.96      0     
187500.00     1400      12359      13759       100        1141       1241       1241       0.94       0.75     1325.74    18309.22     1241   
281250.00     1271      10908      12179       229        2592       2821       1503       0.98       0.73     2878.84    16756.11     1410   
375000.00     1076       9289      10365       424        4211       4635       2146       0.98       0.69     4708.05    14926.90     1545   
468750.00     902        7247       8149       598        6253       6851       3363       1.02       0.63     6745.45    12889.50     2283   
562500.00     958        7422       8380       542        6078       6620       3892       1.04       0.63     6341.47    13293.48     3310   
656250.00     795        6408       7203       705        7092       7797       3893       1.05       0.59     7406.26    12228.70     2599   
750000.00     597        4565       5162       903        8935       9838       5197       1.08       0.49     9145.20    10489.75     3279   
843750.00     609        4564       5173       891        8936       9827       4755       1.08       0.49     9079.84    10555.11     3275   
937500.00     514        3616       4130       986        9884      10870       5726       1.08       0.43     10067.32   9567.64      3623   
1031250.00    622        4338       4960       878        9162      10040       4649       1.09       0.48     9203.47    10431.48     3346   
1125000.00    599        4049       4648       901        9451      10352       4899       1.09       0.46     9482.76    10152.20     3450   
1218750.00    565        3877       4442       935        9623      10558       8864       1.10       0.44     9634.78    10000.17     5279   
1312500.00    550        3710       4260       950        9790      10740      10740       1.10       0.43     9798.44    9836.52     10740   
1406250.00    541        3746       4287       959        9754      10713       9176       1.10       0.43     9766.32    9868.63      5356   
1500000.00    507        3520       4027       993        9980      10973       9495       1.10       0.42     9980.66    9654.29      5486   
1593750.00    515        3506       4021       985        9994      10979       9505       1.11       0.41     9924.65    9710.31      5489   
1687500.00    501        3292       3793       999       10208      11207       9727       1.10       0.40     10223.63   9411.33      5603   
1781250.00    445        2725       3170       1055      10775      11830       5541       1.10       0.36     10739.39   8895.56      3943   
1875000.00    465        2842       3307       1035      10658      11693       5477       1.10       0.37     10628.99   9005.96      3897   
1968750.00    470        2816       3286       1030      10684      11714       5591       1.10       0.36     10615.35   9019.61      3904   
2062500.00    477        2838       3315       1023      10662      11685       5471       1.10       0.37     10621.62   9013.34      3895   
2156250.00    479        2923       3402       1021      10577      11598       5437       1.10       0.37     10526.90   9108.05      3866   
2250000.00    478        2853       3331       1022      10647      11669       5451       1.10       0.37     10605.95   9029.00      3889   
2343750.00    469        2840       3309       1031      10660      11691       5439       1.10       0.37     10616.84   9018.12      3897   
2437500.00    484        2860       3344       1016      10640      11656       5461       1.11       0.37     10531.25   9103.71      3885   
2531250.00    465        2818       3283       1035      10682      11717       5370       1.11       0.36     10570.09   9064.87      3905   
2625000.00    510        2960       3470       990       10540      11530       5282       1.10       0.38     10442.59   9192.36      3843   
2718750.00    480        2987       3467       1020      10513      11533       5175       1.10       0.38     10454.11   9180.85      3844   
2812500.00    512        2947       3459       988       10553      11541       5185       1.10       0.38     10479.09   9155.87      3847   
2906250.00    490        2831       3321       1010      10669      11679       5219       1.10       0.37     10587.13   9047.83      3893   
3000000.00    492        2810       3302       1008      10690      11698      10455       1.10       0.37     10602.77   9032.18      5849   
3093750.00    484        2855       3339       1016      10645      11661      10353       1.11       0.37     10546.95   9088.00      5830   
3187500.00    458        2643       3101       1042      10857      11899      10490       1.10       0.35     10803.42   8831.53      5949   
3281250.00    457        2573       3030       1043      10927      11970      10658       1.10       0.34     10847.74   8787.21      5985   
3375000.00    447        2607       3054       1053      10893      11946      10681       1.11       0.34     10744.93   8890.02      5973   
3468750.00    450        2561       3011       1050      10939      11989      10736       1.11       0.34     10837.64   8797.32      5994   
3562500.00    447        2645       3092       1053      10855      11908      10691       1.10       0.35     10802.50   8832.46      5954   
3656250.00    461        2706       3167       1039      10794      11833      10641       1.11       0.35     10687.76   8947.20      5916   
3750000.00    484        2890       3374       1016      10610      11626      10568       1.10       0.37     10553.18   9081.77      5813   
3843750.00    597        4177       4774       903        9323      10226      10226       1.11       0.46     9211.85    10423.11    10226   
3937500.00    610        4089       4699       890        9411      10301      10301       1.11       0.45     9271.03    10363.93    10301   
4031250.00    571        3837       4408       929        9663      10592      10592       1.12       0.43     9489.07    10145.88    10592   
4125000.00    532        3479       4011       968       10021      10989      10989       1.12       0.41     9795.12    9839.84     10989   
4218750.00    514        3446       3960       986       10054      11040      11040       1.12       0.40     9828.78    9806.17     11040   
4312500.00    509        3299       3808       991       10201      11192      11192       1.13       0.39     9934.27    9700.68     11192   
4406250.00    507        3099       3606       993       10401      11394      11394       1.13       0.38     10109.17   9525.78     11394   
4500000.00    474        2921       3395       1026      10579      11605      11605       1.12       0.37     10348.33   9286.63     11605   
4593750.00    448        2827       3275       1052      10673      11725      11725       1.12       0.36     10488.46   9146.49     11725   
4687500.00    435        2630       3065       1065      10870      11935      11935       1.12       0.34     10628.39   9006.57     11935   
4781250.00    457        2745       3202       1043      10755      11798      11798       1.12       0.35     10497.00   9137.95     11798   
4875000.00    469        2942       3411       1031      10558      11589      11589       1.13       0.36     10227.83   9407.12     11589   
4968750.00    474        2841       3315       1026      10659      11685      11685       1.14       0.35     10250.38   9384.57     11685   
5062500.00    445        2579       3024       1055      10921      11976      11976       1.13       0.33     10577.22   9057.73     11976   
5156250.00    448        2632       3080       1052      10868      11920      11920       1.14       0.34     10486.36   9148.60     11920   
5250000.00    431        2527       2958       1069      10973      12042      12042       1.13       0.33     10624.24   9010.72     12042   
5343750.00    407        2301       2708       1093      11199      12292      12292       1.14       0.31     10826.00   8808.96     12292   
5437500.00    387        2243       2630       1113      11257      12370      12370       1.13       0.30     10944.26   8690.70     12370   
5531250.00    403        2408       2811       1097      11092      12189      12189       1.14       0.31     10699.70   8935.26     12189   
5625000.00    370        2201       2571       1130      11299      12429      12429       1.13       0.30     10976.86   8658.09     12429   
5718750.00    394        2310       2704       1106      11190      12296      12296       1.13       0.31     10891.76   8743.19     12296   
5812500.00    415        2339       2754       1085      11161      12246      12246       1.13       0.31     10882.92   8752.03     12246   
5906250.00    430        2500       2930       1070      11000      12070      12070       1.13       0.33     10712.35   8922.61     12070   
6000000.00    439        2572       3011       1061      10928      11989      11989       1.12       0.34     10695.57   8939.38     11989   
6093750.00    426        2576       3002       1074      10924      11998      11998       1.13       0.33     10656.51   8978.44     11998   
6187500.00    447        2608       3055       1053      10892      11945      11945       1.12       0.34     10637.64   8997.32     11945   
6281250.00    430        2467       2897       1070      11033      12103      12103       1.12       0.33     10808.13   8826.82     12103   
6375000.00    439        2584       3023       1061      10916      11977      11977       1.12       0.34     10694.61   8940.34     11977   
6468750.00    435        2585       3020       1065      10915      11980      11980       1.12       0.34     10699.94   8935.02     11980   
6562500.00    453        2576       3029       1047      10924      11971      11971       1.12       0.34     10652.26   8982.70     11971   
6656250.00    447        2583       3030       1053      10917      11970      11970       1.13       0.34     10631.99   9002.97     11970   
6750000.00    425        2410       2835       1075      11090      12165      12165       1.13       0.32     10801.20   8833.76     12165   
6843750.00    416        2462       2878       1084      11038      12122      12122       1.12       0.33     10788.25   8846.70     12122   
6937500.00    416        2377       2793       1084      11123      12207      12207       1.13       0.32     10795.13   8839.82     12207   
7031250.00    413        2381       2794       1087      11119      12206      12206       1.13       0.32     10801.72   8833.23     12206   
7125000.00    428        2537       2965       1072      10963      12035      12035       1.12       0.33     10720.15   8914.81     12035   
7218750.00    426        2613       3039       1074      10887      11961      11961       1.12       0.34     10657.13   8977.83     11961   
7312500.00    419        2607       3026       1081      10893      11974      11974       1.12       0.34     10713.76   8921.20     11974   
7406250.00    441        2617       3058       1059      10883      11942      11942       1.12       0.34     10660.94   8974.02     11942   
7500000.00    441        2692       3133       1059      10808      11867      11867       1.13       0.34     10531.45   9103.51     11867   
7593750.00    442        2752       3194       1058      10748      11806      11806       1.13       0.35     10465.00   9169.96     11806   
7687500.00    447        2776       3223       1053      10724      11777      11777       1.13       0.35     10424.89   9210.07     11777   
7781250.00    438        2745       3183       1062      10755      11817      11817       1.12       0.35     10506.03   9128.93     11817   
7875000.00    443        2828       3271       1057      10672      11729      11729       1.12       0.36     10450.78   9184.18     11729   
7968750.00    460        2914       3374       1040      10586      11626      11626       1.12       0.36     10357.70   9277.25     11626   
8062500.00    456        2981       3437       1044      10519      11563      11563       1.13       0.36     10199.14   9435.82     11563   
8156250.00    414        2637       3051       1086      10863      11949      11949       1.13       0.34     10589.12   9045.84     11949   
8250000.00    430        2674       3104       1070      10826      11896      11896       1.13       0.34     10523.02   9111.94     11896   
8343750.00    411        2634       3045       1089      10866      11955      11955       1.13       0.34     10557.85   9077.11     11955   
8437500.00    418        2630       3048       1082      10870      11952      11952       1.12       0.34     10637.83   8997.13     11952   
8531250.00    401        2559       2960       1099      10941      12040      12040       1.13       0.33     10663.71   8971.25     12040   
8625000.00    403        2649       3052       1097      10851      11948      11948       1.13       0.34     10587.63   9047.33     11948   
8718750.00    389        2582       2971       1111      10918      12029      12029       1.12       0.33     10701.16   8933.79     12029   
8812500.00    396        2548       2944       1104      10952      12056      12056       1.13       0.33     10673.10   8961.85     12056   
8906250.00    399        2555       2954       1101      10945      12046      12046       1.13       0.33     10638.62   8996.33     12046   
9000000.00    402        2621       3023       1098      10879      11977      11977       1.13       0.33     10580.74   9054.22     11977   
9093750.00    394        2471       2865       1106      11029      12135      12135       1.13       0.32     10760.40   8874.56     12135   
9187500.00    403        2671       3074       1097      10829      11926      11926       1.13       0.34     10571.66   9063.29     11926   
9281250.00    422        2591       3013       1078      10909      11987      11987       1.13       0.34     10654.78   8980.18     11987   
9375000.00    418        2583       3001       1082      10917      11999      11999       1.13       0.33     10617.48   9017.48     11999   
9468750.00    403        2517       2920       1097      10983      12080      12080       1.13       0.33     10706.99   8927.97     12080   
9562500.00    423        2523       2946       1077      10977      12054      12054       1.13       0.33     10641.09   8993.87     12054   
9656250.00    405        2385       2790       1095      11115      12210      12210       1.14       0.31     10755.28   8879.67     12210   
9750000.00    409        2481       2890       1091      11019      12110      12110       1.14       0.32     10642.26   8992.69     12110   
9843750.00    407        2397       2804       1093      11103      12196      12196       1.13       0.32     10749.52   8885.43     12196   
9937500.00    413        2354       2767       1087      11146      12233      12233       1.13       0.31     10798.42   8836.53     12233   
10031250.00    404        2329       2733       1096      11171      12267      12267       1.13       0.31     10837.70   8797.26     12267   
10125000.00    405        2326       2731       1095      11174      12269      12269       1.14       0.31     10783.33   8851.63     12269   
10218750.00    393        2267       2660       1107      11233      12340      12340       1.14       0.30     10825.48   8809.47     12340   
10312500.00    398        2285       2683       1102      11215      12317      12317       1.14       0.31     10843.17   8791.79     12317   
10406250.00    390        2282       2672       1110      11218      12328      12328       1.13       0.31     10898.22   8736.74     12328   
10500000.00    382        2344       2726       1118      11156      12274      12274       1.14       0.31     10793.29   8841.66     12274   
10593750.00    398        2431       2829       1102      11069      12171      12171       1.14       0.32     10683.45   8951.51     12171   
10687500.00    421        2513       2934       1079      10987      12066      12066       1.14       0.32     10554.78   9080.18     12066   
10781250.00    418        2375       2793       1082      11125      12207      12207       1.15       0.31     10653.77   8981.19     12207   
10875000.00    419        2377       2796       1081      11123      12204      12204       1.15       0.31     10653.25   8981.70     12204   
10968750.00    401        2161       2562       1099      11339      12438      12438       1.14       0.29     10872.86   8762.09     12438   
11062500.00    359        2134       2493       1141      11366      12507      12507       1.14       0.29     10979.51   8655.45     12507   
11156250.00    377        2118       2495       1123      11382      12505      12505       1.13       0.29     11047.99   8586.96     12505   
11250000.00    392        2234       2626       1108      11266      12374      12374       1.13       0.30     10912.78   8722.18     12374   
11343750.00    369        2253       2622       1131      11247      12378      12378       1.14       0.30     10886.81   8748.14     12378   
11437500.00    380        2211       2591       1120      11289      12409      12409       1.14       0.30     10913.43   8721.52     12409   
11531250.00    400        2293       2693       1100      11207      12307      12307       1.14       0.30     10799.60   8835.35     12307   
11625000.00    400        2255       2655       1100      11245      12345      12345       1.14       0.30     10834.63   8800.33     12345   
11718750.00    400        2356       2756       1100      11144      12244      12244       1.14       0.31     10710.61   8924.35     12244   
11812500.00    385        2340       2725       1115      11160      12275      12275       1.14       0.31     10807.35   8827.61     12275   
11906250.00    399        2564       2963       1101      10936      12037      12037       1.14       0.33     10540.75   9094.20     12037   
12000000.00    379        2313       2692       1121      11187      12308      12308       1.15       0.30     10737.75   8897.21     12308   
12093750.00    368        2316       2684       1132      11184      12316      12316       1.15       0.30     10735.76   8899.19     12316   
12187500.00    393        2373       2766       1107      11127      12234      12234       1.15       0.31     10655.76   8979.20     12234   
12281250.00    376        2367       2743       1124      11133      12257      12257       1.14       0.31     10756.67   8878.29     12257   
12375000.00    386        2418       2804       1114      11082      12196      12196       1.14       0.31     10708.20   8926.76     12196   
12468750.00    408        2493       2901       1092      11007      12099      12099       1.14       0.32     10633.00   9001.95     12099   
12562500.00    406        2576       2982       1094      10924      12018      12018       1.14       0.33     10551.50   9083.45     12018   
12656250.00    402        2417       2819       1098      11083      12181      12181       1.14       0.31     10684.12   8950.84     12181   
12750000.00    396        2391       2787       1104      11109      12213      12213       1.14       0.31     10733.59   8901.37     12213   
12843750.00    398        2485       2883       1102      11015      12117      12117       1.13       0.32     10724.40   8910.56     12117   
12937500.00    408        2666       3074       1092      10834      11926      11926       1.13       0.34     10571.82   9063.13     11926   
13031250.00    439        2787       3226       1061      10713      11774      11774       1.14       0.35     10324.35   9310.61     11774   
13125000.00    435        2775       3210       1065      10725      11790      11790       1.14       0.35     10352.89   9282.07     11790   
13218750.00    443        2896       3339       1057      10604      11661      11661       1.14       0.35     10215.07   9419.89     11661   
13312500.00    435        2731       3166       1065      10769      11834      11834       1.14       0.34     10368.47   9266.49     11834   
13406250.00    435        2679       3114       1065      10821      11886      11886       1.14       0.34     10451.58   9183.37     11886   
13500000.00    428        2591       3019       1072      10909      11981      11981       1.14       0.33     10552.19   9082.77     11981   
13593750.00    423        2603       3026       1077      10897      11974      11974       1.13       0.33     10600.83   9034.12     11974   
13687500.00    442        2622       3064       1058      10878      11936      11936       1.13       0.34     10562.46   9072.50     11936   
13781250.00    426        2517       2943       1074      10983      12057      12057       1.13       0.33     10647.29   8987.67     12057   
13875000.00    426        2486       2912       1074      11014      12088      12088       1.14       0.32     10635.31   8999.65     12088   
13968750.00    450        2657       3107       1050      10843      11893      11893       1.14       0.34     10434.75   9200.21     11893   
14062500.00    440        2707       3147       1060      10793      11853      11853       1.14       0.34     10409.03   9225.92     11853   
14156250.00    416        2428       2844       1084      11072      12156      12156       1.14       0.32     10674.71   8960.24     12156   
14250000.00    412        2348       2760       1088      11152      12240      12240       1.14       0.31     10744.91   8890.04     12240   
14343750.00    407        2349       2756       1093      11151      12244      12244       1.15       0.31     10670.48   8964.48     12244   
14437500.00    409        2384       2793       1091      11116      12207      12207       1.15       0.31     10627.81   9007.14     12207   
14531250.00    399        2408       2807       1101      11092      12193      12193       1.15       0.31     10638.96   8996.00     12193   
14625000.00    383        2370       2753       1117      11130      12247      12247       1.15       0.31     10656.32   8978.63     12247   
14718750.00    394        2324       2718       1106      11176      12282      12282       1.15       0.30     10692.46   8942.49     12282   
14812500.00    383        2288       2671       1117      11212      12329      12329       1.14       0.30     10836.55   8798.41     12329   
14906250.00    371        2349       2720       1129      11151      12280      12280       1.14       0.31     10789.38   8845.58     12280   
15000000.00    404        2413       2817       1096      11087      12183      12183       1.14       0.31     10658.95   8976.00     12183   
15093750.00    391        2396       2787       1109      11104      12213      12213       1.15       0.31     10615.85   9019.10     12213   
15187500.00    379        2285       2664       1121      11215      12336      12336       1.15       0.30     10736.55   8898.40     12336   
15281250.00    381        2282       2663       1119      11218      12337      12337       1.15       0.30     10755.08   8879.88     12337   
15375000.00    380        2306       2686       1120      11194      12314      12314       1.15       0.30     10738.90   8896.05     12314   
15468750.00    391        2246       2637       1109      11254      12363      12363       1.14       0.30     10799.02   8835.93     12363   
15562500.00    374        2214       2588       1126      11286      12412      12412       1.14       0.29     10853.48   8781.48     12412   
15656250.00    392        2250       2642       1108      11250      12358      12358       1.14       0.30     10830.60   8804.35     12358   
15750000.00    395        2286       2681       1105      11214      12319      12319       1.14       0.30     10821.35   8813.60     12319   
15843750.00    413        2303       2716       1087      11197      12284      12284       1.14       0.31     10747.44   8887.51     12284   
15937500.00    404        2241       2645       1096      11259      12355      12355       1.14       0.30     10792.46   8842.49     12355   
16031250.00    404        2127       2531       1096      11373      12469      12469       1.15       0.29     10868.25   8766.71     12469   
16125000.00    428        2334       2762       1072      11166      12238      12238       1.15       0.31     10658.87   8976.08     12238   
16218750.00    420        2332       2752       1080      11168      12248      12248       1.15       0.31     10680.49   8954.46     12248   
16312500.00    414        2267       2681       1086      11233      12319      12319       1.15       0.30     10739.84   8895.12     12319   
16406250.00    432        2398       2830       1068      11102      12170      12170       1.14       0.31     10638.23   8996.72     12170   
16500000.00    441        2523       2964       1059      10977      12036      12036       1.14       0.33     10533.24   9101.72     12036   
16593750.00    429        2490       2919       1071      11010      12081      12081       1.14       0.32     10593.88   9041.08     12081   
16687500.00    428        2507       2935       1072      10993      12065      12065       1.14       0.32     10556.42   9078.53     12065   
16781250.00    422        2426       2848       1078      11074      12152      12152       1.15       0.32     10605.72   9029.23     12152   
16875000.00    412        2370       2782       1088      11130      12218      12218       1.15       0.31     10658.93   8976.03     12218   
16968750.00    401        2247       2648       1099      11253      12352      12352       1.15       0.30     10787.59   8847.37     12352   
17062500.00    413        2303       2716       1087      11197      12284      12284       1.15       0.30     10651.85   8983.11     12284   
17156250.00    390        2129       2519       1110      11371      12481      12481       1.16       0.28     10772.67   8862.29     12481   
17250000.00    384        2099       2483       1116      11401      12517      12517       1.16       0.28     10830.95   8804.01     12517   
17343750.00    378        2157       2535       1122      11343      12465      12465       1.15       0.29     10803.07   8831.89     12465   
17437500.00    367        2102       2469       1133      11398      12531      12531       1.15       0.28     10899.13   8735.82     12531   
17531250.00    376        2082       2458       1124      11418      12542      12542       1.14       0.28     10965.86   8669.09     12542   
17625000.00    381        2202       2583       1119      11298      12417      12417       1.14       0.29     10858.58   8776.37     12417   
17718750.00    395        2108       2503       1105      11392      12497      12497       1.14       0.29     10924.20   8710.75     12497   
17812500.00    388        2075       2463       1112      11425      12537      12537       1.15       0.28     10939.06   8695.89     12537   
17906250.00    371        2026       2397       1129      11474      12603      12603       1.15       0.28     10971.40   8663.55     12603   
18000000.00    376        2069       2445       1124      11431      12555      12555       1.14       0.28     10970.13   8664.83     12555   
18093750.00    356        2036       2392       1144      11464      12608      12608       1.14       0.28     11057.34   8577.61     12608   
18187500.00    390        2065       2455       1110      11435      12545      12545       1.14       0.28     11015.71   8619.25     12545   
18281250.00    385        2093       2478       1115      11407      12522      12522       1.14       0.29     11017.77   8617.19     12522   
18375000.00    390        2108       2498       1110      11392      12502      12502       1.13       0.29     11021.42   8613.54     12502   
18468750.00    398        2207       2605       1102      11293      12395      12395       1.13       0.30     10953.41   8681.55     12395   
18562500.00    419        2269       2688       1081      11231      12312      12312       1.13       0.31     10855.63   8779.33     12312   
18656250.00    444        2422       2866       1056      11078      12134      12134       1.13       0.32     10721.46   8913.49     12134   
18750000.00    442        2495       2937       1058      11005      12063      12063       1.13       0.33     10661.89   8973.07     12063   
18843750.00    433        2418       2851       1067      11082      12149      12149       1.14       0.32     10681.34   8953.61     12149   
18937500.00    420        2348       2768       1080      11152      12232      12232       1.13       0.31     10832.93   8802.03     12232   
19031250.00    446        2464       2910       1054      11036      12090      12090       1.13       0.33     10687.87   8947.09     12090   
19125000.00    449        2406       2855       1051      11094      12145      12145       1.13       0.32     10768.98   8865.97     12145   
19218750.00    425        2350       2775       1075      11150      12225      12225       1.13       0.32     10860.80   8774.16     12225   
19312500.00    437        2410       2847       1063      11090      12153      12153       1.13       0.32     10782.04   8852.91     12153   
19406250.00    445        2525       2970       1055      10975      12030      12030       1.13       0.33     10620.63   9014.33     12030   
19500000.00    454        2436       2890       1046      11064      12110      12110       1.14       0.32     10580.10   9054.85     12110   
19593750.00    447        2515       2962       1053      10985      12038      12038       1.15       0.32     10468.57   9166.39     12038   
19687500.00    438        2496       2934       1062      11004      12066      12066       1.15       0.32     10448.31   9186.65     12066   
19781250.00    415        2318       2733       1085      11182      12267      12267       1.15       0.30     10654.76   8980.20     12267   
19875000.00    434        2418       2852       1066      11082      12148      12148       1.15       0.32     10583.39   9051.57     12148   
19968750.00    429        2392       2821       1071      11108      12179      12179       1.15       0.31     10573.98   9060.97     12179   
20062500.00    416        2378       2794       1084      11122      12206      12206       1.14       0.31     10696.23   8938.73     12206   
20156250.00    421        2465       2886       1079      11035      12114      12114       1.14       0.32     10596.12   9038.84     12114   
20250000.00    421        2476       2897       1079      11024      12103      12103       1.15       0.32     10517.74   9117.22     12103   
20343750.00    432        2390       2822       1068      11110      12178      12178       1.15       0.31     10585.26   9049.70     12178   
20437500.00    417        2397       2814       1083      11103      12186      12186       1.15       0.31     10621.28   9013.68     12186   
20531250.00    424        2440       2864       1076      11060      12136      12136       1.15       0.32     10551.68   9083.27     12136   
20625000.00    407        2267       2674       1093      11233      12326      12326       1.15       0.30     10751.38   8883.58     12326   
20718750.00    410        2271       2681       1090      11229      12319      12319       1.15       0.30     10702.03   8932.93     12319   
20812500.00    424        2100       2524       1076      11400      12476      12476       1.15       0.29     10890.08   8744.88     12476   
20906250.00    415        2190       2605       1085      11310      12395      12395       1.14       0.30     10850.00   8784.95     12395   
21000000.00    428        2163       2591       1072      11337      12409      12409       1.14       0.30     10895.76   8739.19     12409   
21093750.00    421        2281       2702       1079      11219      12298      12298       1.14       0.31     10776.31   8858.64     12298   
21187500.00    409        2217       2626       1091      11283      12374      12374       1.14       0.30     10845.53   8789.43     12374   
21281250.00    411        2245       2656       1089      11255      12344      12344       1.14       0.30     10823.39   8811.56     12344   
21375000.00    407        2282       2689       1093      11218      12311      12311       1.14       0.30     10803.48   8831.48     12311   
21468750.00    403        2273       2676       1097      11227      12324      12324       1.14       0.30     10815.76   8819.19     12324   
21562500.00    415        2225       2640       1085      11275      12360      12360       1.15       0.30     10781.99   8852.96     12360   
21656250.00    370        2117       2487       1130      11383      12513      12513       1.14       0.29     10980.83   8654.13     12513   
21750000.00    410        2113       2523       1090      11387      12477      12477       1.13       0.29     11016.69   8618.26     12477   
21843750.00    382        2153       2535       1118      11347      12465      12465       1.13       0.30     11057.11   8577.85     12465   
21937500.00    422        2308       2730       1078      11192      12270      12270       1.12       0.31     10912.51   8722.45     12270   
22031250.00    455        2528       2983       1045      10972      12017      12017       1.13       0.33     10668.37   8966.59     12017   
22125000.00    445        2622       3067       1055      10878      11933      11933       1.13       0.34     10536.84   9098.12     11933   
22218750.00    448        2712       3160       1052      10788      11840      11840       1.14       0.34     10399.68   9235.28     11840   
22312500.00    463        2590       3053       1037      10910      11947      11947       1.14       0.33     10447.10   9187.85     11947   
22406250.00    454        2620       3074       1046      10880      11926      11926       1.14       0.33     10439.75   9195.21     11926   
22500000.00    458        2515       2973       1042      10985      12027      12027       1.14       0.33     10522.20   9112.75     12027   
22593750.00    433        2425       2858       1067      11075      12142      12142       1.14       0.32     10672.74   8962.21     12142   
22687500.00    428        2524       2952       1072      10976      12048      12048       1.14       0.33     10567.65   9067.30     12048   
22781250.00    436        2507       2943       1064      10993      12057      12057       1.14       0.33     10612.03   9022.92     12057   
22875000.00    452        2526       2978       1048      10974      12022      12022       1.14       0.33     10509.21   9125.75     12022   
22968750.00    431        2416       2847       1069      11084      12153      12153       1.15       0.32     10610.24   9024.71     12153   
23062500.00    423        2377       2800       1077      11123      12200      12200       1.15       0.31     10653.28   8981.67     12200   
23156250.00    425        2376       2801       1075      11124      12199      12199       1.15       0.31     10588.78   9046.17     12199   
23250000.00    416        2227       2643       1084      11273      12357      12357       1.15       0.30     10779.80   8855.15     12357   
23343750.00    412        2217       2629       1088      11283      12371      12371       1.14       0.30     10822.70   8812.25     12371   
23437500.00    413        2219       2632       1087      11281      12368      12368       1.14       0.30     10862.59   8772.37     12368   
23531250.00    431        2372       2803       1069      11128      12197      12197       1.14       0.31     10707.86   8927.10     12197   
23625000.00    420        2513       2933       1080      10987      12067      12067       1.15       0.32     10527.61   9107.34     12067   
23718750.00    444        2696       3140       1056      10804      11860      11860       1.15       0.34     10302.80   9332.15     11860   
23812500.00    444        2557       3001       1056      10943      11999      11999       1.15       0.33     10447.49   9187.47     11999   
23906250.00    445        2680       3125       1055      10820      11875      11875       1.15       0.33     10300.45   9334.51     11875   
24000000.00    437        2643       3080       1063      10857      11920      11920       1.15       0.33     10370.24   9264.71     11920   
24093750.00    450        2649       3099       1050      10851      11901      11901       1.16       0.33     10292.65   9342.31     11901   
24187500.00    439        2658       3097       1061      10842      11903      11903       1.16       0.33     10254.11   9380.85     11903   
24281250.00    428        2456       2884       1072      11044      12116      12116       1.16       0.31     10444.26   9190.69     12116   
24375000.00    410        2287       2697       1090      11213      12303      12303       1.16       0.30     10640.00   8994.95     12303   
24468750.00    404        2278       2682       1096      11222      12318      12318       1.16       0.30     10606.20   9028.76     12318   
24562500.00    390        2112       2502       1110      11388      12498      12498       1.16       0.28     10776.19   8858.77     12498   
24656250.00    372        2074       2446       1128      11426      12554      12554       1.15       0.28     10898.60   8736.35     12554   
24750000.00    394        2070       2464       1106      11430      12536      12536       1.15       0.28     10879.14   8755.82     12536   
24843750.00    414        2182       2596       1086      11318      12404      12404       1.15       0.29     10759.75   8875.21     12404   
24937500.00    417        2232       2649       1083      11268      12351      12351       1.15       0.30     10737.47   8897.49     12351   
25031250.00    431        2297       2728       1069      11203      12272      12272       1.15       0.31     10694.28   8940.68     12272   
25125000.00    421        2350       2771       1079      11150      12229      12229       1.15       0.31     10653.48   8981.47     12229   
25218750.00    435        2452       2887       1065      11048      12113      12113       1.15       0.32     10567.99   9066.96     12113   
25312500.00    424        2529       2953       1076      10971      12047      12047       1.14       0.32     10545.05   9089.91     12047   
25406250.00    424        2459       2883       1076      11041      12117      12117       1.14       0.32     10629.30   9005.65     12117   
25500000.00    430        2479       2909       1070      11021      12091      12091       1.14       0.32     10627.00   9007.95     12091   
25593750.00    430        2543       2973       1070      10957      12027      12027       1.15       0.33     10487.72   9147.24     12027   
25687500.00    450        2610       3060       1050      10890      11940      11940       1.15       0.33     10348.78   9286.17     11940   
25781250.00    440        2569       3009       1060      10931      11991      11991       1.15       0.33     10387.91   9247.04     11991   
25875000.00    433        2500       2933       1067      11000      12067      12067       1.16       0.32     10445.57   9189.39     12067   
25968750.00    437        2435       2872       1063      11065      12128      12128       1.15       0.32     10530.32   9104.63     12128   
26062500.00    420        2462       2882       1080      11038      12118      12118       1.16       0.31     10463.94   9171.01     12118   
26156250.00    397        2297       2694       1103      11203      12306      12306       1.15       0.30     10667.84   8967.12     12306   
26250000.00    405        2234       2639       1095      11266      12361      12361       1.15       0.30     10711.94   8923.01     12361   
26343750.00    393        2114       2507       1107      11386      12493      12493       1.15       0.29     10872.13   8762.83     12493   
26437500.00    398        2208       2606       1102      11292      12394      12394       1.16       0.29     10726.80   8908.15     12394   
26531250.00    410        2201       2611       1090      11299      12389      12389       1.16       0.29     10641.05   8993.91     12389   
26625000.00    387        2041       2428       1113      11459      12572      12572       1.16       0.28     10834.84   8800.11     12572   
26718750.00    392        2089       2481       1108      11411      12519      12519       1.16       0.28     10828.84   8806.12     12519   
26812500.00    392        2063       2455       1108      11437      12545      12545       1.16       0.28     10853.80   8781.16     12545   
26906250.00    389        2079       2468       1111      11421      12532      12532       1.16       0.28     10791.27   8843.68     12532   
27000000.00    396        2134       2530       1104      11366      12470      12470       1.16       0.28     10736.25   8898.70     12470   
27093750.00    409        2121       2530       1091      11379      12470      12470       1.16       0.29     10770.19   8864.76     12470   
27187500.00    401        2108       2509       1099      11392      12491      12491       1.16       0.28     10805.69   8829.27     12491   
27281250.00    407        2130       2537       1093      11370      12463      12463       1.15       0.29     10805.97   8828.98     12463   
27375000.00    420        2282       2702       1080      11218      12298      12298       1.15       0.30     10684.23   8950.73     12298   
27468750.00    440        2392       2832       1060      11108      12168      12168       1.16       0.31     10521.47   9113.49     12168   
27562500.00    457        2401       2858       1043      11099      12142      12142       1.16       0.31     10439.14   9195.82     12142   
27656250.00    416        2240       2656       1084      11260      12344      12344       1.16       0.30     10664.92   8970.04     12344   
27750000.00    419        2161       2580       1081      11339      12420      12420       1.16       0.29     10702.38   8932.58     12420   
27843750.00    412        2154       2566       1088      11346      12434      12434       1.16       0.29     10746.98   8887.97     12434   
27937500.00    428        2191       2619       1072      11309      12381      12381       1.15       0.29     10731.47   8903.49     12381   
28031250.00    428        2185       2613       1072      11315      12387      12387       1.15       0.29     10730.81   8904.14     12387   
28125000.00    433        2193       2626       1067      11307      12374      12374       1.16       0.29     10673.73   8961.23     12374   
28218750.00    406        2107       2513       1094      11393      12487      12487       1.16       0.28     10780.79   8854.16     12487   
28312500.00    416        2189       2605       1084      11311      12395      12395       1.16       0.29     10713.57   8921.38     12395   
28406250.00    390        2124       2514       1110      11376      12486      12486       1.15       0.29     10818.83   8816.13     12486   
28500000.00    389        2145       2534       1111      11355      12466      12466       1.15       0.29     10850.01   8784.95     12466   
28593750.00    407        2364       2771       1093      11136      12229      12229       1.15       0.31     10653.36   8981.60     12229   
28687500.00    421        2320       2741       1079      11180      12259      12259       1.15       0.31     10695.85   8939.11     12259   
28781250.00    426        2373       2799       1074      11127      12201      12201       1.14       0.31     10671.13   8963.82     12201   
28875000.00    418        2383       2801       1082      11117      12199      12199       1.14       0.31     10703.45   8931.51     12199   
28968750.00    413        2408       2821       1087      11092      12179      12179       1.14       0.31     10648.16   8986.79     12179   
29062500.00    429        2450       2879       1071      11050      12121      12121       1.15       0.32     10545.29   9089.67     12121   
29156250.00    450        2523       2973       1050      10977      12027      12027       1.15       0.32     10430.55   9204.41     12027   
29250000.00    483        2552       3035       1017      10948      11965      11965       1.16       0.32     10287.62   9347.34     11965   
29343750.00    480        2562       3042       1020      10938      11958      11958       1.17       0.32     10233.34   9401.61     11958   
29437500.00    457        2418       2875       1043      11082      12125      12125       1.17       0.31     10372.94   9262.02     12125   
29531250.00    448        2378       2826       1052      11122      12174      12174       1.17       0.31     10418.51   9216.44     12174   
29625000.00    433        2315       2748       1067      11185      12252      12252       1.17       0.30     10478.52   9156.44     12252   
29718750.00    437        2294       2731       1063      11206      12269      12269       1.16       0.30     10554.89   9080.06     12269   
29812500.00    449        2318       2767       1051      11182      12233      12233       1.16       0.30     10520.66   9114.30     12233   
29906250.00    439        2237       2676       1061      11263      12324      12324       1.16       0.30     10607.49   9027.47     12324   
30000000.00    445        2239       2684       1055      11261      12316      12316       1.16       0.30     10605.51   9029.44     12316   
30093750.00    449        2249       2698       1051      11251      12302      12302       1.16       0.30     10592.11   9042.85     12302   
30187500.00    456        2306       2762       1044      11194      12238      12238       1.16       0.30     10528.61   9106.34     12238   
30281250.00    444        2323       2767       1056      11177      12233      12233       1.16       0.30     10511.79   9123.16     12233   
30375000.00    459        2275       2734       1041      11225      12266      12266       1.16       0.30     10560.72   9074.24     12266   
30468750.00    459        2358       2817       1041      11142      12183      12183       1.17       0.31     10432.93   9202.03     12183   
30562500.00    450        2321       2771       1050      11179      12229      12229       1.17       0.30     10475.22   9159.73     12229   
30656250.00    452        2352       2804       1048      11148      12196      12196       1.17       0.30     10422.35   9212.60     12196   
30750000.00    439        2319       2758       1061      11181      12242      12242       1.17       0.30     10499.18   9135.77     12242   
30843750.00    444        2445       2889       1056      11055      12111      12111       1.16       0.31     10404.11   9230.84     12111   
30937500.00    431        2348       2779       1069      11152      12221      12221       1.17       0.30     10489.00   9145.96     12221   
31031250.00    433        2308       2741       1067      11192      12259      12259       1.16       0.30     10577.30   9057.66     12259   
31125000.00    423        2181       2604       1077      11319      12396      12396       1.15       0.29     10798.43   8836.52     12396   
31218750.00    430        2173       2603       1070      11327      12397      12397       1.14       0.30     10849.12   8785.83     12397   
31312500.00    423        2209       2632       1077      11291      12368      12368       1.14       0.30     10877.20   8757.75     12368   
31406250.00    427        2124       2551       1073      11376      12449      12449       1.13       0.30     10997.40   8637.55     12449   
31500000.00    442        2242       2684       1058      11258      12316      12316       1.14       0.31     10843.14   8791.81     12316   
31593750.00    453        2416       2869       1047      11084      12131      12131       1.13       0.32     10698.86   8936.09     12131   
31687500.00    456        2481       2937       1044      11019      12063      12063       1.13       0.33     10639.59   8995.37     12063   
31781250.00    439        2429       2868       1061      11071      12132      12132       1.14       0.32     10680.50   8954.45     12132   
31875000.00    401        2325       2726       1099      11175      12274      12274       1.14       0.31     10731.69   8903.26     12274   
31968750.00    425        2257       2682       1075      11243      12318      12318       1.15       0.30     10721.31   8913.65     12318   
32062500.00    433        2155       2588       1067      11345      12412      12412       1.15       0.29     10810.34   8824.61     12412   
32156250.00    438        2172       2610       1062      11328      12390      12390       1.15       0.30     10797.51   8837.44     12390   
32250000.00    427        2148       2575       1073      11352      12425      12425       1.15       0.29     10802.98   8831.98     12425   
32343750.00    426        2104       2530       1074      11396      12470      12470       1.15       0.29     10866.10   8768.85     12470   
32437500.00    416        2052       2468       1084      11448      12532      12532       1.14       0.29     11021.81   8613.15     12532   
32531250.00    420        2160       2580       1080      11340      12420      12420       1.14       0.30     10915.34   8719.62     12420   
32625000.00    412        2071       2483       1088      11429      12517      12517       1.14       0.29     10994.26   8640.69     12517   
32718750.00    434        2163       2597       1066      11337      12403      12403       1.14       0.30     10905.97   8728.98     12403   
32812500.00    418        2085       2503       1082      11415      12497      12497       1.13       0.29     11067.39   8567.57     12497   
32906250.00    458        2322       2780       1042      11178      12220      12220       1.14       0.31     10759.24   8875.71     12220   
33000000.00    460        2292       2752       1040      11208      12248      12248       1.14       0.31     10729.29   8905.66     12248   
33093750.00    441        2303       2744       1059      11197      12256      12256       1.14       0.31     10727.69   8907.27     12256   
33187500.00    473        2292       2765       1027      11208      12235      12235       1.15       0.31     10684.61   8950.35     12235   
33281250.00    449        2248       2697       1051      11252      12303      12303       1.14       0.30     10784.74   8850.22     12303   
33375000.00    464        2328       2792       1036      11172      12208      12208       1.15       0.31     10651.68   8983.28     12208   
33468750.00    470        2379       2849       1030      11121      12151      12151       1.14       0.32     10646.74   8988.22     12151   
33562500.00    452        2355       2807       1048      11145      12193      12193       1.14       0.32     10729.07   8905.89     12193   
33656250.00    456        2332       2788       1044      11168      12212      12212       1.14       0.31     10750.02   8884.93     12212   
33750000.00    448        2405       2853       1052      11095      12147      12147       1.14       0.32     10665.66   8969.29     12147   
33843750.00    442        2312       2754       1058      11188      12246      12246       1.14       0.31     10736.11   8898.85     12246   
33937500.00    445        2363       2808       1055      11137      12192      12192       1.14       0.32     10736.92   8898.04     12192   
34031250.00    416        2382       2798       1084      11118      12202      12202       1.13       0.32     10768.01   8866.95     12202   
34125000.00    494        2985       3479       1006      10515      11521      11521       1.15       0.36     10046.07   9588.89     11521   
34218750.00    476        2891       3367       1024      10609      11633      11633       1.15       0.35     10135.68   9499.28     11633   
34312500.00    481        2848       3329       1019      10652      11671      11671       1.15       0.35     10182.45   9452.51     11671   
34406250.00    495        2830       3325       1005      10670      11675      11675       1.14       0.35     10218.03   9416.93     11675   
34500000.00    467        2625       3092       1033      10875      11908      11908       1.14       0.34     10455.63   9179.33     11908   
34593750.00    453        2556       3009       1047      10944      11991      11991       1.14       0.33     10539.78   9095.18     11991   
34687500.00    465        2686       3151       1035      10814      11849      11849       1.13       0.34     10450.72   9184.23     11849   
34781250.00    470        2670       3140       1030      10830      11860      11860       1.13       0.34     10476.16   9158.80     11860   
34875000.00    481        2727       3208       1019      10773      11792      11792       1.14       0.35     10355.78   9279.17     11792   
34968750.00    475        2678       3153       1025      10822      11847      11847       1.14       0.34     10412.44   9222.51     11847   
35062500.00    460        2607       3067       1040      10893      11933      11933       1.14       0.34     10488.72   9146.24     11933   
35156250.00    467        2546       3013       1033      10954      11987      11987       1.13       0.33     10635.09   8999.86     11987   
35250000.00    455        2462       2917       1045      11038      12083      12083       1.12       0.33     10781.99   8852.97     12083   
35343750.00    458        2427       2885       1042      11073      12115      12115       1.13       0.33     10761.13   8873.82     12115   
35437500.00    442        2420       2862       1058      11080      12138      12138       1.13       0.32     10762.07   8872.88     12138   
35531250.00    428        2297       2725       1072      11203      12275      12275       1.12       0.31     10917.42   8717.54     12275   
35625000.00    436        2286       2722       1064      11214      12278      12278       1.13       0.31     10864.84   8770.11     12278   
35718750.00    446        2219       2665       1054      11281      12335      12335       1.13       0.30     10887.58   8747.37     12335   
35812500.00    430        2362       2792       1070      11138      12208      12208       1.13       0.32     10785.59   8849.37     12208   
35906250.00    442        2413       2855       1058      11087      12145      12145       1.13       0.32     10727.35   8907.61     12145   
36000000.00    446        2339       2785       1054      11161      12215      12215       1.13       0.31     10777.99   8856.96     12215   
36093750.00    436        2230       2666       1064      11270      12334      12334       1.13       0.31     10922.68   8712.28     12334   
36187500.00    440        2182       2622       1060      11318      12378      12378       1.13       0.30     10926.22   8708.74     12378   
36281250.00    457        2412       2869       1043      11088      12131      12131       1.13       0.32     10698.52   8936.43     12131   
36375000.00    453        2494       2947       1047      11006      12053      12053       1.14       0.32     10560.25   9074.71     12053   
36468750.00    469        2530       2999       1031      10970      12001      12001       1.14       0.33     10559.81   9075.14     12001   
36562500.00    461        2404       2865       1039      11096      12135      12135       1.14       0.32     10663.75   8971.21     12135   
36656250.00    449        2319       2768       1051      11181      12232      12232       1.14       0.31     10761.96   8872.99     12232   
36750000.00    459        2462       2921       1041      11038      12079      12079       1.13       0.33     10705.53   8929.43     12079   
36843750.00    454        2346       2800       1046      11154      12200      12200       1.13       0.32     10830.11   8804.84     12200   
36937500.00    444        2451       2895       1056      11049      12105      12105       1.12       0.33     10821.32   8813.64     12105   
37031250.00    459        2451       2910       1041      11049      12090      12090       1.12       0.33     10797.83   8837.12     12090   
37125000.00    490        2642       3132       1010      10858      11868      11868       1.13       0.34     10521.89   9113.06     11868   
37218750.00    483        2603       3086       1017      10897      11914      11914       1.13       0.34     10555.26   9079.69     11914   
37312500.00    469        2502       2971       1031      10998      12029      12029       1.13       0.33     10668.15   8966.80     12029   
37406250.00    469        2539       3008       1031      10961      11992      11992       1.12       0.34     10666.61   8968.35     11992   
