 Timestep    Gas_A      Gas_B     Gas_tot    Dense_A    Dense_B   Dense_tot   Lg_clust  DP_density GP_density Clust_area  Gas_area     MCS    
   0.00      10500       4500      15000        0          0          0          6         0.00       0.76       0.00     19634.96      0     
104166.00    10500       4500      15000        0          0          0         150        0.00       0.76       0.00     19634.96      0     
208332.00    10500       4500      15000        0          0          0         334        0.00       0.76       0.00     19634.96      0     
312498.00    10500       4500      15000        0          0          0         235        0.00       0.76       0.00     19634.96      0     
416664.00    10500       4500      15000        0          0          0         278        0.00       0.76       0.00     19634.96      0     
520830.00    10500       4500      15000        0          0          0         234        0.00       0.76       0.00     19634.96      0     
624996.00    10500       4500      15000        0          0          0         414        0.00       0.76       0.00     19634.96      0     
729162.00    10500       4500      15000        0          0          0         411        0.00       0.76       0.00     19634.96      0     
833328.00    10500       4500      15000        0          0          0         406        0.00       0.76       0.00     19634.96      0     
937494.00    10500       4500      15000        0          0          0         425        0.00       0.76       0.00     19634.96      0     
1041660.00   10500       4500      15000        0          0          0         390        0.00       0.76       0.00     19634.96      0     
1145826.00   10500       4500      15000        0          0          0         467        0.00       0.76       0.00     19634.96      0     
1249992.00   10500       4500      15000        0          0          0         480        0.00       0.76       0.00     19634.96      0     
1354158.00   10500       4500      15000        0          0          0         620        0.00       0.76       0.00     19634.96      0     
1458324.00   10500       4500      15000        0          0          0         794        0.00       0.76       0.00     19634.96      0     
1562490.00   10500       4500      15000        0          0          0         791        0.00       0.76       0.00     19634.96      0     
1666656.00   10500       4500      15000        0          0          0         887        0.00       0.76       0.00     19634.96      0     
1770822.00    9853       4121      13974       647        379        1026       1026       1.05       0.75      979.05    18655.90     1026   
1874988.00   10500       4500      15000        0          0          0         965        0.00       0.76       0.00     19634.96      0     
1979154.00   10500       4500      15000        0          0          0         895        0.00       0.76       0.00     19634.96      0     
2083320.00   10500       4500      15000        0          0          0         926        0.00       0.76       0.00     19634.96      0     
2187486.00    9712       3959      13671       788        541        1329       1329       1.02       0.75     1303.04    18331.92     1329   
2291652.00    9563       3925      13488       937        575        1512       1512       1.01       0.74     1502.86    18132.10     1512   
2395818.00    9550       3913      13463       950        587        1537       1537       1.01       0.74     1517.76    18117.19     1537   
2499984.00    9442       3901      13343       1058       599        1657       1657       1.03       0.74     1603.65    18031.30     1657   
2604150.00   10500       4500      15000        0          0          0         988        0.00       0.76       0.00     19634.96      0     
2708316.00    9449       3841      13290       1051       659        1710       1710       1.02       0.74     1679.05    17955.90     1710   
2812482.00    9253       3741      12994       1247       759        2006       2006       1.03       0.73     1940.68    17694.28     2006   
2916648.00    9305       3720      13025       1195       780        1975       1975       1.04       0.73     1901.41    17733.55     1975   
3020814.00    9553       3878      13431       947        622        1569       1569       1.03       0.74     1523.56    18111.40     1569   
3124980.00    9338       3744      13082       1162       756        1918       1918       1.02       0.74     1888.73    17746.22     1918   
3229146.00    9625       3914      13539       875        586        1461       1461       1.03       0.74     1420.25    18214.71     1461   
3333312.00    9464       3797      13261       1036       703        1739       1739       1.02       0.74     1704.69    17930.26     1739   
3437478.00    9756       3973      13729       744        527        1271       1271       1.03       0.75     1234.48    18400.47     1271   
3541644.00    9878       4046      13924       622        454        1076       1076       1.04       0.75     1029.87    18605.09     1076   
3645810.00    9912       4063      13975       588        437        1025       1025       1.02       0.75     1005.61    18629.34     1025   
3749976.00    9835       4070      13905       665        430        1095       1095       1.01       0.75     1081.88    18553.08     1095   
3854142.00   10500       4500      15000        0          0          0         995        0.00       0.76       0.00     19634.96      0     
3958308.00   10500       4500      15000        0          0          0         792        0.00       0.76       0.00     19634.96      0     
4062474.00    9855       4068      13923       645        432        1077       1077       1.01       0.75     1062.36    18572.59     1077   
4166640.00   10500       4500      15000        0          0          0         997        0.00       0.76       0.00     19634.96      0     
4270806.00   10500       4500      15000        0          0          0         706        0.00       0.76       0.00     19634.96      0     
4374972.00   10500       4500      15000        0          0          0         810        0.00       0.76       0.00     19634.96      0     
4479138.00   10500       4500      15000        0          0          0         756        0.00       0.76       0.00     19634.96      0     
4583304.00   10500       4500      15000        0          0          0         887        0.00       0.76       0.00     19634.96      0     
4687470.00   10500       4500      15000        0          0          0         581        0.00       0.76       0.00     19634.96      0     
4791636.00   10500       4500      15000        0          0          0         568        0.00       0.76       0.00     19634.96      0     
4895802.00    9798       4082      13880       702        418        1120       1120       1.00       0.75     1117.88    18517.07     1120   
4999968.00   10500       4500      15000        0          0          0         885        0.00       0.76       0.00     19634.96      0     
5104134.00   10500       4500      15000        0          0          0         849        0.00       0.76       0.00     19634.96      0     
5208300.00   10500       4500      15000        0          0          0         924        0.00       0.76       0.00     19634.96      0     
5312466.00   10500       4500      15000        0          0          0         788        0.00       0.76       0.00     19634.96      0     
5416632.00    9818       4084      13902       682        416        1098       1098       1.03       0.75     1062.43    18572.52     1098   
5520798.00    9838       4106      13944       662        394        1056       1056       1.03       0.75     1020.70    18614.25     1056   
5624964.00   10500       4500      15000        0          0          0         987        0.00       0.76       0.00     19634.96      0     
5729130.00    9732       4049      13781       768        451        1219       1219       1.03       0.75     1188.62    18446.34     1219   
5833296.00   10500       4500      15000        0          0          0         709        0.00       0.76       0.00     19634.96      0     
5937462.00    9705       4013      13718       795        487        1282       1282       1.01       0.75     1269.25    18365.71     1282   
6041628.00   10500       4500      15000        0          0          0         737        0.00       0.76       0.00     19634.96      0     
6145794.00   10500       4500      15000        0          0          0         726        0.00       0.76       0.00     19634.96      0     
6249960.00   10500       4500      15000        0          0          0         528        0.00       0.76       0.00     19634.96      0     
6354126.00   10500       4500      15000        0          0          0         990        0.00       0.76       0.00     19634.96      0     
6458292.00   10500       4500      15000        0          0          0         814        0.00       0.76       0.00     19634.96      0     
6562458.00   10500       4500      15000        0          0          0         873        0.00       0.76       0.00     19634.96      0     
6666624.00   10500       4500      15000        0          0          0         768        0.00       0.76       0.00     19634.96      0     
6770790.00   10500       4500      15000        0          0          0         713        0.00       0.76       0.00     19634.96      0     
6874956.00   10500       4500      15000        0          0          0         963        0.00       0.76       0.00     19634.96      0     
6979122.00    9750       4043      13793       750        457        1207       1207       1.00       0.75     1211.21    18423.74     1207   
7083288.00   10500       4500      15000        0          0          0         655        0.00       0.76       0.00     19634.96      0     
7187454.00   10500       4500      15000        0          0          0         941        0.00       0.76       0.00     19634.96      0     
7291620.00   10500       4500      15000        0          0          0         356        0.00       0.76       0.00     19634.96      0     
7395786.00   10500       4500      15000        0          0          0         641        0.00       0.76       0.00     19634.96      0     
7499952.00   10500       4500      15000        0          0          0         582        0.00       0.76       0.00     19634.96      0     
7604118.00   10500       4500      15000        0          0          0         587        0.00       0.76       0.00     19634.96      0     
7708284.00   10500       4500      15000        0          0          0         630        0.00       0.76       0.00     19634.96      0     
7812450.00   10500       4500      15000        0          0          0         772        0.00       0.76       0.00     19634.96      0     
7916616.00    9836       4133      13969       664        367        1031       1031       1.02       0.75     1006.55    18628.40     1031   
8020782.00    9745       4080      13825       755        420        1175       1175       1.03       0.75     1138.53    18496.43     1175   
8124948.00    9332       3779      13111       1168       721        1889       1889       1.02       0.74     1852.25    17782.71     1889   
8229114.00    9499       3916      13415       1001       584        1585       1585       1.04       0.74     1521.09    18113.87     1585   
8333280.00    9462       3842      13304       1038       658        1696       1696       1.03       0.74     1650.91    17984.04     1696   
8437446.00    9855       4112      13967       645        388        1033       1033       1.02       0.75     1009.35    18625.60     1033   
8541612.00    9881       4097      13978       619        403        1022       1022       1.03       0.75      993.31    18641.65     1022   
8645778.00   10500       4500      15000        0          0          0         943        0.00       0.76       0.00     19634.96      0     
8749944.00   10500       4500      15000        0          0          0         884        0.00       0.76       0.00     19634.96      0     
8854110.00   10500       4500      15000        0          0          0         886        0.00       0.76       0.00     19634.96      0     
8958276.00   10500       4500      15000        0          0          0         672        0.00       0.76       0.00     19634.96      0     
9062442.00   10500       4500      15000        0          0          0         541        0.00       0.76       0.00     19634.96      0     
9166608.00   10500       4500      15000        0          0          0         548        0.00       0.76       0.00     19634.96      0     
9270774.00   10500       4500      15000        0          0          0         761        0.00       0.76       0.00     19634.96      0     
9374940.00   10500       4500      15000        0          0          0         740        0.00       0.76       0.00     19634.96      0     
9479106.00   10500       4500      15000        0          0          0         920        0.00       0.76       0.00     19634.96      0     
9583272.00    9843       4119      13962       657        381        1038       1038       1.03       0.75     1012.48    18622.47     1038   
9687438.00   10500       4500      15000        0          0          0         957        0.00       0.76       0.00     19634.96      0     
9791604.00    9835       4056      13891       665        444        1109       1109       1.03       0.75     1076.09    18558.87     1109   
9895770.00    9781       4070      13851       719        430        1149       1149       1.01       0.75     1132.44    18502.51     1149   
9999936.00    9827       4062      13889       673        438        1111       1111       1.05       0.75     1060.45    18574.51     1111   
10104102.00   10500       4500      15000        0          0          0         935        0.00       0.76       0.00     19634.96      0     
10208268.00   10500       4500      15000        0          0          0         854        0.00       0.76       0.00     19634.96      0     
10312434.00   10500       4500      15000        0          0          0         874        0.00       0.76       0.00     19634.96      0     
10416600.00    9351       3775      13126       1149       725        1874       1874       1.03       0.74     1813.09    17821.87     1874   
10520766.00   10500       4500      15000        0          0          0         915        0.00       0.76       0.00     19634.96      0     
10624932.00    9764       3997      13761       736        503        1239       1239       1.04       0.75     1194.46    18440.49     1239   
10729098.00    9595       3967      13562       905        533        1438       1438       1.03       0.74     1400.33    18234.62     1438   
10833264.00   10500       4500      15000        0          0          0         912        0.00       0.76       0.00     19634.96      0     
10937430.00   10500       4500      15000        0          0          0         996        0.00       0.76       0.00     19634.96      0     
11041596.00    9570       3985      13555       930        515        1445       1445       1.03       0.74     1401.85    18233.11     1445   
11145762.00    9548       3967      13515       952        533        1485       1485       1.04       0.74     1422.10    18212.85     1485   
11249928.00    9457       3909      13366       1043       591        1634       1634       1.02       0.74     1595.57    18039.39     1634   
11354094.00    9487       3878      13365       1013       622        1635       1635       1.03       0.74     1594.62    18040.33     1635   
11458260.00    9456       3878      13334       1044       622        1666       1666       1.04       0.74     1608.87    18026.09     1666   
11562426.00    9450       3846      13296       1050       654        1704       1704       1.03       0.74     1647.91    17987.05     1704   
11666592.00    9501       3881      13382       999        619        1618       1618       1.04       0.74     1555.62    18079.33     1618   
11770758.00    9468       3850      13318       1032       650        1682       1682       1.04       0.74     1624.03    18010.93     1682   
11874924.00    9483       3852      13335       1017       648        1665       1665       1.03       0.74     1619.44    18015.51     1665   
11979090.00    9691       3957      13648       809        543        1352       1352       1.02       0.75     1325.72    18309.23     1352   
12083256.00    9626       3960      13586       874        540        1414       1414       1.05       0.74     1347.19    18287.76     1414   
12187422.00    9610       3925      13535       890        575        1465       1465       1.03       0.74     1423.45    18211.50     1465   
12291588.00    9781       4040      13821       719        460        1179       1179       1.03       0.75     1148.68    18486.27     1179   
12395754.00   10500       4500      15000        0          0          0         891        0.00       0.76       0.00     19634.96      0     
12499920.00   10500       4500      15000        0          0          0         973        0.00       0.76       0.00     19634.96      0     
12604086.00   10500       4500      15000        0          0          0         892        0.00       0.76       0.00     19634.96      0     
12708252.00   10500       4500      15000        0          0          0         955        0.00       0.76       0.00     19634.96      0     
12812418.00   10500       4500      15000        0          0          0         774        0.00       0.76       0.00     19634.96      0     
12916584.00   10500       4500      15000        0          0          0         700        0.00       0.76       0.00     19634.96      0     
13020750.00   10500       4500      15000        0          0          0         804        0.00       0.76       0.00     19634.96      0     
13124916.00   10500       4500      15000        0          0          0         714        0.00       0.76       0.00     19634.96      0     
13229082.00   10500       4500      15000        0          0          0         842        0.00       0.76       0.00     19634.96      0     
13333248.00   10500       4500      15000        0          0          0         983        0.00       0.76       0.00     19634.96      0     
13437414.00   10500       4500      15000        0          0          0         892        0.00       0.76       0.00     19634.96      0     
13541580.00    9798       4075      13873       702        425        1127       1127       1.03       0.75     1089.42    18545.54     1127   
13645746.00   10500       4500      15000        0          0          0         980        0.00       0.76       0.00     19634.96      0     
13749912.00    9745       4074      13819       755        426        1181       1181       1.01       0.75     1171.91    18463.04     1181   
13854078.00   10500       4500      15000        0          0          0         541        0.00       0.76       0.00     19634.96      0     
13958244.00   10500       4500      15000        0          0          0         915        0.00       0.76       0.00     19634.96      0     
14062410.00   10500       4500      15000        0          0          0         943        0.00       0.76       0.00     19634.96      0     
14166576.00    9820       4086      13906       680        414        1094       1094       0.99       0.75     1101.33    18533.63     1094   
14270742.00   10500       4500      15000        0          0          0         964        0.00       0.76       0.00     19634.96      0     
14374908.00    9839       4107      13946       661        393        1054       1054       1.04       0.75     1013.91    18621.05     1054   
14479074.00    9792       4080      13872       708        420        1128       1128       1.01       0.75     1118.36    18516.59     1128   
14583240.00   10500       4500      15000        0          0          0         1000       0.00       0.76       0.00     19634.96      0     
14687406.00    9854       4114      13968       646        386        1032       1032       1.00       0.75     1028.41    18606.54     1032   
14791572.00   10500       4500      15000        0          0          0         761        0.00       0.76       0.00     19634.96      0     
14895738.00   10500       4500      15000        0          0          0         646        0.00       0.76       0.00     19634.96      0     
14999904.00   10500       4500      15000        0          0          0         691        0.00       0.76       0.00     19634.96      0     
15104070.00   10500       4500      15000        0          0          0         836        0.00       0.76       0.00     19634.96      0     
15208236.00   10500       4500      15000        0          0          0         718        0.00       0.76       0.00     19634.96      0     
15312402.00   10500       4500      15000        0          0          0         657        0.00       0.76       0.00     19634.96      0     
15416568.00   10500       4500      15000        0          0          0         899        0.00       0.76       0.00     19634.96      0     
15520734.00   10500       4500      15000        0          0          0         689        0.00       0.76       0.00     19634.96      0     
15624900.00   10500       4500      15000        0          0          0         546        0.00       0.76       0.00     19634.96      0     
15729066.00   10500       4500      15000        0          0          0         924        0.00       0.76       0.00     19634.96      0     
15833232.00   10500       4500      15000        0          0          0         889        0.00       0.76       0.00     19634.96      0     
15937398.00   10500       4500      15000        0          0          0         881        0.00       0.76       0.00     19634.96      0     
16041564.00   10500       4500      15000        0          0          0         899        0.00       0.76       0.00     19634.96      0     
16145730.00   10500       4500      15000        0          0          0         872        0.00       0.76       0.00     19634.96      0     
16249896.00   10500       4500      15000        0          0          0         547        0.00       0.76       0.00     19634.96      0     
16354062.00   10500       4500      15000        0          0          0         701        0.00       0.76       0.00     19634.96      0     
16458228.00    9821       4125      13946       679        375        1054       1054       1.03       0.75     1019.15    18615.80     1054   
16562394.00    9801       4109      13910       699        391        1090       1090       1.04       0.75     1045.83    18589.13     1090   
16666560.00    9804       4128      13932       696        372        1068       1068       1.04       0.75     1028.63    18606.33     1068   
16770726.00   10500       4500      15000        0          0          0         980        0.00       0.76       0.00     19634.96      0     
16874892.00    9712       4046      13758       788        454        1242       1242       1.03       0.75     1209.36    18425.59     1242   
16979058.00    9389       3848      13237       1111       652        1763       1763       1.02       0.74     1726.95    17908.00     1763   
17083224.00    9331       3840      13171       1169       660        1829       1829       1.03       0.74     1776.89    17858.07     1829   
17187390.00    9210       3749      12959       1290       751        2041       2041       1.02       0.73     1992.31    17642.65     2041   
17291556.00    9369       3861      13230       1131       639        1770       1770       1.03       0.74     1723.99    17910.97     1770   
17395722.00    9413       3849      13262       1087       651        1738       1738       1.04       0.74     1668.31    17966.64     1738   
17499888.00    9558       3909      13467       942        591        1533       1533       1.05       0.74     1463.14    18171.82     1533   
17604054.00    9436       3876      13312       1064       624        1688       1688       1.03       0.74     1638.42    17996.53     1688   
17708220.00    9150       3674      12824       1350       826        2176       2176       1.03       0.73     2105.22    17529.74     2176   
17812386.00    9390       3838      13228       1110       662        1772       1772       1.06       0.74     1676.48    17958.47     1772   
17916552.00    9290       3759      13049       1210       741        1951       1951       1.05       0.73     1858.85    17776.11     1951   
18020718.00    9354       3775      13129       1146       725        1871       1871       1.04       0.74     1800.52    17834.44     1871   
18124884.00    9573       3917      13490       927        583        1510       1510       1.04       0.74     1451.96    18183.00     1510   
18229050.00    9344       3773      13117       1156       727        1883       1883       1.06       0.73     1784.59    17850.37     1883   
18333216.00    9456       3827      13283       1044       673        1717       1717       1.05       0.74     1640.82    17994.14     1717   
18437382.00    8946       3502      12448       1554       998        2552       2552       1.02       0.73     2494.87    17140.09     2552   
18541548.00    9218       3697      12915       1282       803        2085       2085       1.02       0.73     2039.80    17595.15     2085   
18645714.00    9180       3668      12848       1320       832        2152       2152       1.03       0.73     2094.65    17540.30     2152   
18749880.00    9060       3616      12676       1440       884        2324       2324       1.04       0.73     2231.14    17403.81     2324   
18854046.00    9103       3669      12772       1397       831        2228       2228       1.04       0.73     2151.89    17483.06     2228   
18958212.00    9058       3649      12707       1442       851        2293       2293       1.03       0.73     2223.08    17411.88     2293   
19062378.00    8936       3561      12497       1564       939        2503       2503       1.03       0.73     2432.48    17202.47     2503   
19166544.00    8994       3557      12551       1506       943        2449       2449       1.03       0.73     2373.33    17261.62     2449   
19270710.00    9217       3743      12960       1283       757        2040       2040       1.04       0.73     1952.41    17682.55     2040   
19374876.00    9161       3652      12813       1339       848        2187       2187       1.03       0.73     2113.14    17521.81     2187   
19479042.00    9369       3754      13123       1131       746        1877       1877       1.05       0.74     1790.83    17844.13     1877   
19583208.00    9228       3758      12986       1272       742        2014       2014       1.05       0.73     1914.46    17720.50     2014   
19687374.00    9088       3667      12755       1412       833        2245       2245       1.06       0.73     2123.33    17511.62     2245   
19791540.00    9168       3738      12906       1332       762        2094       2094       1.06       0.73     1983.08    17651.87     2094   
19895706.00    9097       3659      12756       1403       841        2244       2244       1.06       0.73     2123.37    17511.58     2244   
19999872.00    9470       3880      13350       1030       620        1650       1650       1.07       0.74     1543.68    18091.27     1650   
20104038.00    9315       3790      13105       1185       710        1895       1895       1.07       0.73     1778.90    17856.06     1895   
20208204.00    9014       3610      12624       1486       890        2376       2376       1.05       0.73     2253.32    17381.64     2376   
20312370.00    9128       3697      12825       1372       803        2175       2175       1.06       0.73     2052.69    17582.27     2175   
20416536.00    9277       3799      13076       1223       701        1924       1924       1.08       0.73     1785.12    17849.83     1924   
20520702.00    9138       3740      12878       1362       760        2122       2122       1.07       0.73     1985.36    17649.59     2122   
20624868.00    9149       3695      12844       1351       805        2156       2156       1.07       0.73     2008.13    17626.83     2156   
20729034.00    9149       3736      12885       1351       764        2115       2115       1.06       0.73     1987.78    17647.17     2115   
20833200.00    9151       3717      12868       1349       783        2132       2132       1.07       0.73     1992.35    17642.61     2132   
20937366.00    9202       3733      12935       1298       767        2065       2065       1.08       0.73     1919.40    17715.55     2065   
21041532.00    9139       3690      12829       1361       810        2171       2171       1.06       0.73     2052.56    17582.40     2171   
21145698.00    9130       3701      12831       1370       799        2169       2169       1.07       0.73     2019.71    17615.24     2169   
21249864.00    9099       3652      12751       1401       848        2249       2249       1.05       0.73     2133.35    17501.61     2249   
21354030.00    9329       3785      13114       1171       715        1886       1886       1.05       0.73     1788.51    17846.44     1886   
21458196.00    9328       3768      13096       1172       732        1904       1904       1.04       0.74     1830.95    17804.00     1904   
21562362.00    9338       3784      13122       1162       716        1878       1878       1.04       0.74     1811.89    17823.06     1878   
21666528.00    9312       3771      13083       1188       729        1917       1917       1.04       0.74     1845.79    17789.17     1917   
21770694.00    9494       3827      13321       1006       673        1679       1679       1.05       0.74     1602.82    18032.13     1679   
21874860.00    9385       3793      13178       1115       707        1822       1822       1.04       0.74     1744.23    17890.73     1822   
21979026.00    9451       3824      13275       1049       676        1725       1725       1.06       0.74     1631.37    18003.58     1725   
22083192.00    9313       3782      13095       1187       718        1905       1905       1.04       0.74     1824.22    17810.74     1905   
22187358.00    9559       3959      13518       941        541        1482       1482       1.04       0.74     1424.15    18210.81     1482   
22291524.00    9467       3866      13333       1033       634        1667       1667       1.05       0.74     1588.92    18046.04     1667   
22395690.00    9494       3878      13372       1006       622        1628       1628       1.05       0.74     1544.91    18090.05     1628   
22499856.00    9485       3866      13351       1015       634        1649       1649       1.03       0.74     1605.50    18029.46     1649   
22604022.00   10500       4500      15000        0          0          0         961        0.00       0.76       0.00     19634.96      0     
22708188.00    9627       3990      13617       873        510        1383       1383       1.02       0.75     1357.67    18277.28     1383   
22812354.00    9814       4102      13916       686        398        1084       1084       1.01       0.75     1075.98    18558.98     1084   
22916520.00   10500       4500      15000        0          0          0         893        0.00       0.76       0.00     19634.96      0     
23020686.00    9839       4132      13971       661        368        1029       1029       1.03       0.75     1002.61    18632.34     1029   
23124852.00    9822       4071      13893       678        429        1107       1107       1.04       0.75     1067.61    18567.34     1107   
23229018.00    9819       4077      13896       681        423        1104       1104       1.02       0.75     1078.94    18556.01     1104   
23333184.00    9820       4095      13915       680        405        1085       1085       1.02       0.75     1062.98    18571.98     1085   
23437350.00   10500       4500      15000        0          0          0         666        0.00       0.76       0.00     19634.96      0     
23541516.00   10500       4500      15000        0          0          0         756        0.00       0.76       0.00     19634.96      0     
23645682.00   10500       4500      15000        0          0          0         838        0.00       0.76       0.00     19634.96      0     
23749848.00    9701       4081      13782       799        419        1218       1218       1.04       0.75     1175.05    18459.91     1218   
23854014.00    9582       4012      13594       918        488        1406       1406       1.05       0.74     1344.64    18290.32     1406   
23958180.00    9766       4105      13871       734        395        1129       1129       1.05       0.75     1078.45    18556.51     1129   
24062346.00    9753       4109      13862       747        391        1138       1138       1.04       0.75     1092.64    18542.31     1138   
24166512.00    9677       4081      13758       823        419        1242       1242       1.06       0.75     1175.48    18459.47     1242   
24270678.00    9368       3851      13219       1132       649        1781       1781       1.06       0.74     1682.95    17952.00     1781   
24374844.00    9685       4077      13762       815        423        1238       1238       1.07       0.74     1158.22    18476.74     1238   
24479010.00    9451       3909      13360       1049       591        1640       1640       1.05       0.74     1554.90    18080.06     1640   
24583176.00    9750       4075      13825       750        425        1175       1175       1.06       0.75     1110.61    18524.34     1175   
24687342.00    8834       3527      12361       1666       973        2639       1591       1.05       0.72     2519.54    17115.41     1319   
24791508.00    8670       3419      12089       1830       1081       2911       2911       1.05       0.72     2768.71    16866.24     2911   
24895674.00    8640       3428      12068       1860       1072       2932       2932       1.05       0.72     2789.45    16845.51     2932   
24999840.00    8646       3396      12042       1854       1104       2958       2958       1.05       0.72     2809.82    16825.14     2958   
25104006.00    8671       3399      12070       1829       1101       2930       2930       1.06       0.72     2772.22    16862.74     2930   
25208172.00    8913       3597      12510       1587       903        2490       2490       1.05       0.72     2375.12    17259.84     2490   
25312338.00    8999       3589      12588       1501       911        2412       2412       1.06       0.73     2279.93    17355.02     2412   
25416504.00    8761       3431      12192       1739       1069       2808       2808       1.04       0.72     2698.19    16936.77     2808   
25520670.00    9247       3721      12968       1253       779        2032       2032       1.03       0.73     1964.03    17670.92     2032   
25624836.00    8826       3466      12292       1674       1034       2708       2708       1.02       0.72     2656.44    16978.51     2708   
25729002.00    9279       3762      13041       1221       738        1959       1959       1.04       0.73     1882.36    17752.59     1959   
25833168.00    9234       3737      12971       1266       763        2029       2029       1.04       0.73     1955.37    17679.58     2029   
25937334.00    9496       3900      13396       1004       600        1604       1604       1.04       0.74     1536.30    18098.65     1604   
26041500.00    9033       3593      12626       1467       907        2374       1372       1.05       0.73     2270.74    17364.22     1187   
26145666.00    8313       3167      11480       2187       1333       3520       3520       1.03       0.71     3411.27    16223.69     3520   
26249832.00    8684       3355      12039       1816       1145       2961       2961       1.03       0.72     2873.28    16761.68     2961   
26353998.00    9144       3672      12816       1356       828        2184       2184       1.06       0.73     2069.50    17565.46     2184   
26458164.00    9528       3878      13406       972        622        1594       1594       1.06       0.74     1509.85    18125.11     1594   
26562330.00    9303       3710      13013       1197       790        1987       1987       1.05       0.73     1893.32    17741.64     1987   
26666496.00    9762       4016      13778       738        484        1222       1222       1.06       0.75     1149.39    18485.57     1222   
26770662.00    9322       3689      13011       1178       811        1989       1989       1.02       0.74     1950.67    17684.28     1989   
26874828.00    9814       4062      13876       686        438        1124       1124       1.03       0.75     1088.63    18546.33     1124   
26978994.00    9795       4032      13827       705        468        1173       1173       1.04       0.75     1124.24    18510.72     1173   
27083160.00    9178       3590      12768       1322       910        2232       2232       1.02       0.73     2197.93    17437.03     2232   
27187326.00    9598       3940      13538       902        560        1462       1462       1.02       0.74     1428.58    18206.37     1462   
27291492.00    9366       3797      13163       1134       703        1837       1837       1.05       0.74     1756.60    17878.36     1837   
27395658.00    9141       3654      12795       1359       846        2205       2205       1.04       0.73     2128.32    17506.63     2205   
27499824.00    9273       3729      13002       1227       771        1998       1998       1.04       0.73     1914.12    17720.84     1998   
27603990.00    9301       3784      13085       1199       716        1915       1915       1.06       0.73     1810.22    17824.73     1915   
27708156.00    9274       3750      13024       1226       750        1976       1976       1.06       0.73     1870.83    17764.12     1976   
27812322.00    9307       3741      13048       1193       759        1952       1952       1.07       0.73     1823.29    17811.67     1952   
27916488.00    9253       3692      12945       1247       808        2055       2055       1.07       0.73     1925.68    17709.27     2055   
28020654.00    8942       3513      12455       1558       987        2545       2545       1.06       0.72     2395.03    17239.92     2545   
28124820.00    9054       3558      12612       1446       942        2388       2388       1.07       0.73     2239.63    17395.33     2388   
28228986.00    9269       3715      12984       1231       785        2016       2016       1.07       0.73     1890.98    17743.97     2016   
28333152.00    8996       3526      12522       1504       974        2478       2478       1.05       0.73     2366.93    17268.02     2478   
28437318.00    9137       3575      12712       1363       925        2288       2288       1.05       0.73     2189.25    17445.70     2288   
28541484.00    9217       3625      12842       1283       875        2158       2158       1.03       0.73     2095.50    17539.45     2158   
28645650.00    9283       3707      12990       1217       793        2010       2010       1.03       0.73     1953.63    17681.33     2010   
28749816.00    9284       3671      12955       1216       829        2045       2045       1.03       0.73     1992.20    17642.76     2045   
28853982.00    9743       3966      13709       757        534        1291       1291       1.04       0.75     1245.50    18389.45     1291   
28958148.00   10500       4500      15000        0          0          0         942        0.00       0.76       0.00     19634.96      0     
29062314.00   10500       4500      15000        0          0          0         981        0.00       0.76       0.00     19634.96      0     
29166480.00    9674       3958      13632       826        542        1368       1368       1.02       0.74     1336.81    18298.15     1368   
29270646.00    9180       3670      12850       1320       830        2150       1134       1.03       0.73     2085.06    17549.89     1075   
29374812.00    9068       3587      12655       1432       913        2345       1214       1.02       0.73     2291.22    17343.73     1172   
29478978.00    9092       3661      12753       1408       839        2247       1227       1.03       0.73     2189.36    17445.60     1123   
29583144.00   10500       4500      15000        0          0          0         788        0.00       0.76       0.00     19634.96      0     
29687310.00   10500       4500      15000        0          0          0         844        0.00       0.76       0.00     19634.96      0     
29791476.00    9576       3935      13511       924        565        1489       1489       1.02       0.74     1459.13    18175.82     1489   
29895642.00   10500       4500      15000        0          0          0         857        0.00       0.76       0.00     19634.96      0     
29999808.00    8746       3408      12154       1754       1092       2846       1772       1.04       0.72     2746.22    16888.73     1423   
30103974.00    9224       3751      12975       1276       749        2025       2025       1.03       0.73     1962.85    17672.11     2025   
30208140.00    9552       3937      13489       948        563        1511       1511       1.05       0.74     1436.14    18198.81     1511   
30312306.00    8624       3329      11953       1876       1171       3047       2043       1.04       0.72     2938.82    16696.13     1523   
30416472.00    9462       3853      13315       1038       647        1685       1685       1.04       0.74     1614.30    18020.66     1685   
30520638.00    9871       4114      13985       629        386        1015       1015       1.02       0.75      995.81    18639.15     1015   
30624804.00    9482       3887      13369       1018       613        1631       1631       1.04       0.74     1573.50    18061.45     1631   
30728970.00    9551       3915      13466       949        585        1534       1534       1.02       0.74     1503.27    18131.69     1534   
30833136.00    9606       3936      13542       894        564        1458       1458       1.02       0.74     1423.02    18211.94     1458   
30937302.00    9358       3793      13151       1142       707        1849       1849       1.00       0.74     1845.33    17789.63     1849   
31041468.00    9578       3987      13565       922        513        1435       1435       1.00       0.75     1431.09    18203.86     1435   
31145634.00    9735       4064      13799       765        436        1201       1201       1.02       0.75     1181.41    18453.55     1201   
31249800.00   10500       4500      15000        0          0          0         761        0.00       0.76       0.00     19634.96      0     
31353966.00    9709       4017      13726       791        483        1274       1274       1.01       0.75     1267.43    18367.52     1274   
31458132.00    9695       4019      13714       805        481        1286       1286       1.03       0.75     1248.83    18386.13     1286   
31562298.00    9115       3639      12754       1385       861        2246       2246       1.03       0.73     2190.79    17444.16     2246   
31666464.00    9777       4058      13835       723        442        1165       1165       1.05       0.75     1114.09    18520.87     1165   
31770630.00    9720       4027      13747       780        473        1253       1253       1.05       0.75     1189.04    18445.91     1253   
31874796.00    9596       3922      13518       904        578        1482       1482       1.06       0.74     1400.93    18234.02     1482   
31978962.00    8711       3288      11999       1789       1212       3001       1964       1.03       0.72     2901.98    16732.98     1500   
32083128.00    9400       3801      13201       1100       699        1799       1799       1.03       0.74     1746.12    17888.83     1799   
32187294.00   10500       4500      15000        0          0          0         979        0.00       0.76       0.00     19634.96      0     
32291460.00    9851       4052      13903       649        448        1097       1097       1.05       0.75     1048.70    18586.25     1097   
32395626.00    9565       3892      13457       935        608        1543       1543       1.04       0.74     1485.32    18149.64     1543   
32499792.00    9791       4008      13799       709        492        1201       1201       1.04       0.75     1152.00    18482.95     1201   
32603958.00    9617       3935      13552       883        565        1448       1448       1.03       0.74     1410.55    18224.40     1448   
32708124.00    9649       3972      13621       851        528        1379       1379       1.05       0.74     1314.45    18320.51     1379   
32812290.00    9535       3894      13429       965        606        1571       1571       1.05       0.74     1491.12    18143.84     1571   
32916456.00    9592       3908      13500       908        592        1500       1500       1.05       0.74     1423.98    18210.98     1500   
33020622.00    9515       3857      13372       985        643        1628       1628       1.07       0.74     1527.39    18107.57     1628   
33124788.00    9249       3708      12957       1251       792        2043       2043       1.05       0.73     1951.67    17683.28     2043   
33228954.00    9296       3704      13000       1204       796        2000       2000       1.05       0.73     1901.54    17733.42     2000   
33333120.00    9290       3692      12982       1210       808        2018       2018       1.04       0.73     1940.24    17694.72     2018   
33437286.00    9561       3846      13407       939        654        1593       1593       1.05       0.74     1521.30    18113.66     1593   
33541452.00    9666       3870      13536       834        630        1464       1464       1.05       0.74     1397.05    18237.91     1464   
33645618.00    9720       3945      13665       780        555        1335       1335       1.02       0.75     1307.35    18327.61     1335   
33749784.00    9271       3683      12954       1229       817        2046       2046       1.02       0.73     2002.77    17632.18     2046   
33853950.00    9300       3723      13023       1200       777        1977       1977       1.02       0.74     1943.00    17691.96     1977   
33958116.00    9722       3964      13686       778        536        1314       1314       1.04       0.74     1259.48    18375.48     1314   
34062282.00    9566       3837      13403       934        663        1597       1597       1.04       0.74     1538.62    18096.34     1597   
34166448.00    9389       3711      13100       1111       789        1900       1900       1.06       0.73     1795.52    17839.44     1900   
34270614.00    8565       3267      11832       1935       1233       3168       1829       1.04       0.71     3052.42    16582.54     1584   
34374780.00    8559       3285      11844       1941       1215       3156       1814       1.05       0.71     3016.78    16618.17     1578   
34478946.00    9688       3887      13575       812        613        1425       1425       1.07       0.74     1328.00    18306.95     1425   
34583112.00    8663       3325      11988       1837       1175       3012       1738       1.05       0.71     2866.47    16768.49     1506   
34687278.00    8768       3411      12179       1732       1089       2821       1480       1.04       0.72     2699.62    16935.34     1410   
34791444.00    8570       3256      11826       1930       1244       3174       1677       1.04       0.71     3060.53    16574.43     1587   
34895610.00    8995       3491      12486       1505       1009       2514       1469       1.03       0.73     2436.20    17198.75     1257   
34999776.00    8849       3413      12262       1651       1087       2738       1634       1.03       0.72     2647.83    16987.12     1369   
35103942.00    9864       4119      13983       636        381        1017       1017       1.03       0.75      984.47    18650.48     1017   
35208108.00   10500       4500      15000        0          0          0         987        0.00       0.76       0.00     19634.96      0     
35312274.00    9503       3927      13430       997        573        1570       1570       1.03       0.74     1527.05    18107.91     1570   
35416440.00    9126       3698      12824       1374       802        2176       1157       1.04       0.73     2082.59    17552.37     1088   
35520606.00    8153       3004      11157       2347       1496       3843       1728       1.03       0.70     3717.55    15917.40     1281   
35624772.00    8766       3474      12240       1734       1026       2760       2760       1.04       0.72     2655.70    16979.26     2760   
35728938.00    8973       3604      12577       1527       896        2423       2423       1.04       0.73     2339.05    17295.90     2423   
35833104.00    8850       3556      12406       1650       944        2594       2594       1.04       0.72     2484.40    17150.56     2594   
35937270.00    8622       3414      12036       1878       1086       2964       2964       1.05       0.72     2833.64    16801.32     2964   
36041436.00    8520       3359      11879       1980       1141       3121       3121       1.05       0.71     2960.43    16674.53     3121   
36145602.00    8255       3167      11422       2245       1333       3578       3578       1.05       0.70     3419.91    16215.05     3578   
36249768.00    9234       3725      12959       1266       775        2041       2041       1.07       0.73     1914.90    17720.05     2041   
36353934.00    8989       3634      12623       1511       866        2377       2377       1.07       0.73     2229.38    17405.58     2377   
36458100.00    8363       3224      11587       2137       1276       3413       3413       1.05       0.71     3236.36    16398.59     3413   
36562266.00    8345       3216      11561       2155       1284       3439       3439       1.06       0.71     3242.97    16391.99     3439   
36666432.00    8333       3174      11507       2167       1326       3493       3493       1.06       0.70     3296.62    16338.34     3493   
36770598.00    8251       3077      11328       2249       1423       3672       3672       1.06       0.70     3449.90    16185.06     3672   
36874764.00    8780       3413      12193       1720       1087       2807       2807       1.06       0.72     2648.84    16986.11     2807   
36978930.00    8270       3109      11379       2230       1391       3621       3621       1.05       0.70     3436.11    16198.85     3621   
37083096.00    8141       3044      11185       2359       1456       3815       3815       1.04       0.70     3680.48    15954.48     3815   
37187262.00    8295       3101      11396       2205       1399       3604       3604       1.04       0.70     3468.79    16166.16     3604   
37291428.00    9197       3611      12808       1303       889        2192       2192       1.04       0.73     2116.90    17518.05     2192   
37395594.00    9198       3625      12823       1302       875        2177       2177       1.04       0.73     2091.57    17543.39     2177   
37499760.00    9731       3984      13715       769        516        1285       1285       1.05       0.75     1226.00    18408.96     1285   
37603926.00    9899       4076      13975       601        424        1025       1025       1.03       0.75      996.16    18638.80     1025   
37708092.00   10500       4500      15000        0          0          0         991        0.00       0.76       0.00     19634.96      0     
37812258.00    9873       4118      13991       627        382        1009       1009       1.01       0.75     1000.12    18634.84     1009   
37916424.00    8997       3485      12482       1503       1015       2518       1295       1.01       0.73     2481.73    17153.23     1259   
38020590.00    9553       3904      13457       947        596        1543       1543       1.03       0.74     1493.93    18141.02     1543   
38124756.00    8387       3191      11578       2113       1309       3422       1725       1.02       0.71     3343.45    16291.51     1711   
38228922.00    8843       3405      12248       1657       1095       2752       1576       1.03       0.72     2672.64    16962.32     1376   
38333088.00    9677       3983      13660       823        517        1340       1340       1.04       0.74     1284.48    18350.48     1340   
38437254.00    9780       4020      13800       720        480        1200       1200       1.03       0.75     1168.87    18466.09     1200   
38541420.00    9769       4014      13783       731        486        1217       1217       1.01       0.75     1204.06    18430.90     1217   
38645586.00   10500       4500      15000        0          0          0         862        0.00       0.76       0.00     19634.96      0     
38749752.00    9545       3850      13395       955        650        1605       1605       1.02       0.74     1580.54    18054.42     1605   
38853918.00    9453       3787      13240       1047       713        1760       1760       1.01       0.74     1735.27    17899.68     1760   
38958084.00    9786       4013      13799       714        487        1201       1201       1.01       0.75     1185.87    18449.08     1201   
39062250.00    9615       3903      13518       885        597        1482       1482       1.04       0.74     1431.76    18203.19     1482   
39166416.00    9334       3747      13081       1166       753        1919       1919       1.03       0.74     1857.78    17777.18     1919   
39270582.00    9431       3780      13211       1069       720        1789       1789       1.03       0.74     1742.33    17892.62     1789   
39374748.00    9746       3957      13703       754        543        1297       1297       1.04       0.75     1251.42    18383.53     1297   
39478914.00    8688       3310      11998       1812       1190       3002       1715       1.03       0.72     2912.28    16722.67     1501   
39583080.00    9372       3703      13075       1128       797        1925       1925       1.03       0.74     1867.04    17767.92     1925   
39687246.00    8887       3488      12375       1613       1012       2625       1483       1.04       0.72     2531.23    17103.72     1312   
39791412.00    8723       3390      12113       1777       1110       2887       1651       1.04       0.72     2782.00    16852.95     1443   
39895578.00    8515       3290      11805       1985       1210       3195       1749       1.04       0.71     3075.41    16559.54     1597   
39999744.00    8556       3347      11903       1944       1153       3097       1776       1.04       0.71     2966.65    16668.31     1548   
40103910.00    8738       3464      12202       1762       1036       2798       1452       1.04       0.72     2696.98    16937.97     1399   
40208076.00    9410       3924      13334       1090       576        1666       1666       1.05       0.74     1585.96    18049.00     1666   
40312242.00    7935       2986      10921       2565       1514       4079       2449       1.04       0.69     3907.41    15727.54     2039   
40416408.00    8785       3598      12383       1715       902        2617       2617       1.06       0.72     2478.10    17156.85     2617   
40520574.00    8646       3497      12143       1854       1003       2857       2857       1.06       0.72     2707.46    16927.50     2857   
40624740.00    7793       2908      10701       2707       1592       4299       1929       1.04       0.69     4143.48    15491.48     1433   
40728906.00    8760       3536      12296       1740       964        2704       2704       1.05       0.72     2574.77    17060.19     2704   
40833072.00    8802       3536      12338       1698       964        2662       2662       1.04       0.72     2551.73    17083.23     2662   
40937238.00    8672       3508      12180       1828       992        2820       2820       1.05       0.72     2682.96    16952.00     2820   
41041404.00    9273       3823      13096       1227       677        1904       1904       1.04       0.74     1822.19    17812.76     1904   
41145570.00    8724       3510      12234       1776       990        2766       1723       1.04       0.72     2665.55    16969.41     1383   
41249736.00    9144       3697      12841       1356       803        2159       2159       1.03       0.73     2099.11    17535.85     2159   
41353902.00    9121       3682      12803       1379       818        2197       2197       1.03       0.73     2136.66    17498.29     2197   
41458068.00    9167       3733      12900       1333       767        2100       1076       1.03       0.73     2034.66    17600.30     1050   
41562234.00    8358       3221      11579       2142       1279       3421       1374       1.02       0.71     3337.76    16297.20     1140   
41666400.00    8917       3539      12456       1583       961        2544       1327       1.03       0.73     2460.70    17174.26     1272   
