 Timestep    Gas_A      Gas_B     Gas_tot    Dense_A    Dense_B   Dense_tot   Lg_clust  DP_density GP_density Clust_area  Gas_area     MCS    
   0.00       4500      10500      15000        0          0          0          7         0.00       0.76       0.00     19634.96      0     
 52083.00     4500      10500      15000        0          0          0         116        0.00       0.76       0.00     19634.96      0     
104166.00     4500      10500      15000        0          0          0         253        0.00       0.76       0.00     19634.96      0     
156249.00     4500      10500      15000        0          0          0         242        0.00       0.76       0.00     19634.96      0     
208332.00     4500      10500      15000        0          0          0         413        0.00       0.76       0.00     19634.96      0     
260415.00     4500      10500      15000        0          0          0         618        0.00       0.76       0.00     19634.96      0     
312498.00     4500      10500      15000        0          0          0         448        0.00       0.76       0.00     19634.96      0     
364581.00     4500      10500      15000        0          0          0         774        0.00       0.76       0.00     19634.96      0     
416664.00     4500      10500      15000        0          0          0         856        0.00       0.76       0.00     19634.96      0     
468747.00     4500      10500      15000        0          0          0         586        0.00       0.76       0.00     19634.96      0     
520830.00     4500      10500      15000        0          0          0         891        0.00       0.76       0.00     19634.96      0     
572913.00     4102       9516      13618       398        984        1382       1382       0.99       0.75     1390.45    18244.50     1382   
624996.00     4133       9473      13606       367        1027       1394       1394       1.00       0.75     1389.97    18244.98     1394   
677079.00     4124       9471      13595       376        1029       1405       1405       1.02       0.74     1377.82    18257.14     1405   
729162.00     4500      10500      15000        0          0          0         868        0.00       0.76       0.00     19634.96      0     
781245.00     4213       9786      13999       287        714        1001       1001       1.00       0.75      998.65    18636.31     1001   
833328.00     4500      10500      15000        0          0          0         996        0.00       0.76       0.00     19634.96      0     
885411.00     4228       9759      13987       272        741        1013       1013       1.03       0.75      981.42    18653.54     1013   
937494.00     4209       9756      13965       291        744        1035       1035       1.02       0.75     1010.74    18624.21     1035   
989577.00     4177       9580      13757       323        920        1243       1243       1.02       0.75     1213.36    18421.59     1243   
1041660.00    4181       9705      13886       319        795        1114       1114       1.02       0.75     1096.05    18538.90     1114   
1093743.00    4206       9782      13988       294        718        1012       1012       1.05       0.75      967.71    18667.25     1012   
1145826.00    4173       9679      13852       327        821        1148       1148       1.05       0.75     1094.90    18540.06     1148   
1197909.00    4155       9564      13719       345        936        1281       1281       1.03       0.75     1246.06    18388.90     1281   
1249992.00    4159       9602      13761       341        898        1239       1239       1.04       0.75     1190.57    18444.39     1239   
1302075.00    3567       7834      11401       933        2666       3599       1273       0.99       0.71     3618.91    16016.05     1199   
1354158.00    4168       9626      13794       332        874        1206       1206       1.02       0.75     1187.22    18447.74     1206   
1406241.00    4149       9553      13702       351        947        1298       1298       1.01       0.75     1288.63    18346.33     1298   
1458324.00    3826       8663      12489       674        1837       2511       1501       1.01       0.73     2480.65    17154.30     1255   
1510407.00    4073       9303      13376       427        1197       1624       1624       1.00       0.74     1618.26    18016.69     1624   
1562490.00    3766       8509      12275       734        1991       2725       1575       1.02       0.72     2671.47    16963.48     1362   
1614573.00    3737       8325      12062       763        2175       2938       1692       1.01       0.72     2896.67    16738.29     1469   
1666656.00    3860       8721      12581       640        1779       2419       1319       1.02       0.73     2365.95    17269.01     1209   
1718739.00    3887       8737      12624       613        1763       2376       1347       1.03       0.73     2316.07    17318.88     1188   
1770822.00    3986       8890      12876       514        1610       2124       1123       1.00       0.74     2124.60    17510.35     1062   
1822905.00    3724       8329      12053       776        2171       2947       1850       1.02       0.72     2898.96    16736.00     1473   
1874988.00    3676       8140      11816       824        2360       3184       2023       1.01       0.72     3141.69    16493.27     1592   
1927071.00    3894       8776      12670       606        1724       2330       1269       1.02       0.73     2282.78    17352.18     1165   
1979154.00    3840       8685      12525       660        1815       2475       1389       1.02       0.73     2432.35    17202.61     1237   
2031237.00    4012       9112      13124       488        1388       1876       1876       1.00       0.74     1867.16    17767.79     1876   
2083320.00    3888       8697      12585       612        1803       2415       1334       1.03       0.73     2349.13    17285.83     1207   
2135403.00    3983       9024      13007       517        1476       1993       1993       1.00       0.74     1998.74    17636.22     1993   
2187486.00    3892       8693      12585       608        1807       2415       1246       1.01       0.73     2394.38    17240.58     1207   
2239569.00    3577       7906      11483       923        2594       3517       2220       1.01       0.71     3490.17    16144.79     1758   
2291652.00    3522       7781      11303       978        2719       3697       2236       1.01       0.71     3675.96    15958.99     1848   
2343735.00    3620       7988      11608       880        2512       3392       1972       1.01       0.71     3371.45    16263.51     1696   
2395818.00    3786       8377      12163       714        2123       2837       1740       0.99       0.73     2858.48    16776.47     1418   
2447901.00    3673       8101      11774       827        2399       3226       1671       0.98       0.72     3287.05    16347.90     1613   
2499984.00    4500      10500      15000        0          0          0         726        0.00       0.76       0.00     19634.96      0     
2552067.00    4200       9598      13798       300        902        1202       1202       0.98       0.75     1231.17    18403.78     1202   
2604150.00    4206       9724      13930       294        776        1070       1070       0.99       0.75     1075.91    18559.04     1070   
2656233.00    4049       9234      13283       451        1266       1717       1717       0.99       0.74     1739.86    17895.09     1717   
2708316.00    4500      10500      15000        0          0          0         988        0.00       0.76       0.00     19634.96      0     
2760399.00    4237       9734      13971       263        766        1029       1029       1.03       0.75     1002.35    18632.61     1029   
2812482.00    4118       9328      13446       382        1172       1554       1554       0.99       0.74     1565.44    18069.51     1554   
2864565.00    3885       8823      12708       615        1677       2292       1221       1.01       0.73     2276.07    17358.88     1146   
2916648.00    3686       8307      11993       814        2193       3007       3007       0.99       0.72     3049.14    16585.81     3007   
2968731.00    4500      10500      15000        0          0          0         939        0.00       0.76       0.00     19634.96      0     
3020814.00    4146       9501      13647       354        999        1353       1353       1.00       0.75     1352.76    18282.20     1353   
3072897.00    4101       9294      13395       399        1206       1605       1605       1.00       0.74     1609.81    18025.14     1605   
3124980.00    4077       9332      13409       423        1168       1591       1591       0.99       0.74     1603.99    18030.97     1591   
3177063.00    4118       9436      13554       382        1064       1446       1446       0.99       0.75     1457.73    18177.22     1446   
3229146.00    3972       9045      13017       528        1455       1983       1983       0.99       0.74     2002.92    17632.04     1983   
3281229.00    4099       9356      13455       401        1144       1545       1545       0.98       0.75     1577.05    18057.90     1545   
3333312.00    4090       9317      13407       410        1183       1593       1593       0.99       0.74     1606.07    18028.89     1593   
3385395.00    4006       9057      13063       494        1443       1937       1937       1.01       0.74     1910.60    17724.35     1937   
3437478.00    4154       9496      13650       346        1004       1350       1350       1.02       0.75     1324.84    18310.12     1350   
3489561.00    4179       9583      13762       321        917        1238       1238       1.02       0.75     1215.54    18419.42     1238   
3541644.00    4106       9396      13502       394        1104       1498       1498       1.01       0.74     1488.07    18146.89     1498   
3593727.00    4021       9056      13077       479        1444       1923       1923       0.99       0.74     1934.31    17700.65     1923   
3645810.00    4166       9515      13681       334        985        1319       1319       1.00       0.75     1313.34    18321.61     1319   
3697893.00    4073       9282      13355       427        1218       1645       1645       0.99       0.74     1664.22    17970.73     1645   
3749976.00    4500      10500      15000        0          0          0         987        0.00       0.76       0.00     19634.96      0     
3802059.00    4238       9751      13989       262        749        1011       1011       0.98       0.75     1028.54    18606.42     1011   
3854142.00    4500      10500      15000        0          0          0         919        0.00       0.76       0.00     19634.96      0     
3906225.00    4235       9682      13917       265        818        1083       1083       0.98       0.75     1105.71    18529.25     1083   
3958308.00    4218       9613      13831       282        887        1169       1169       1.00       0.75     1172.37    18462.59     1169   
4010391.00    4155       9485      13640       345        1015       1360       1360       1.01       0.75     1348.07    18286.89     1360   
4062474.00    4085       9260      13345       415        1240       1655       1655       1.01       0.74     1640.02    17994.94     1655   
4114557.00    4145       9447      13592       355        1053       1408       1408       1.01       0.74     1388.16    18246.79     1408   
4166640.00    4500      10500      15000        0          0          0         927        0.00       0.76       0.00     19634.96      0     
4218723.00    4500      10500      15000        0          0          0         983        0.00       0.76       0.00     19634.96      0     
4270806.00    4030       9244      13274       470        1256       1726       1726       1.00       0.74     1731.58    17903.38     1726   
4322889.00    4135       9546      13681       365        954        1319       1319       0.99       0.75     1330.70    18304.25     1319   
4374972.00    4114       9535      13649       386        965        1351       1351       0.99       0.75     1360.22    18274.73     1351   
4427055.00    4500      10500      15000        0          0          0         962        0.00       0.76       0.00     19634.96      0     
4479138.00    4119       9517      13636       381        983        1364       1364       1.00       0.75     1360.21    18274.74     1364   
4531221.00    4158       9516      13674       342        984        1326       1326       1.00       0.75     1329.13    18305.83     1326   
4583304.00    4500      10500      15000        0          0          0         830        0.00       0.76       0.00     19634.96      0     
4635387.00    4156       9593      13749       344        907        1251       1251       1.01       0.75     1234.85    18400.10     1251   
4687470.00    3832       8683      12515       668        1817       2485       1406       1.01       0.73     2455.90    17179.05     1242   
4739553.00    4084       9344      13428       416        1156       1572       1572       1.02       0.74     1542.48    18092.47     1572   
4791636.00    4013       9185      13198       487        1315       1802       1802       1.03       0.74     1750.67    17884.29     1802   
4843719.00    3992       9089      13081       508        1411       1919       1919       1.00       0.74     1914.93    17720.03     1919   
4895802.00    4003       9200      13203       497        1300       1797       1797       1.00       0.74     1802.82    17832.14     1797   
4947885.00    3963       8999      12962       537        1501       2038       2038       1.02       0.74     2004.09    17630.86     2038   
4999968.00    3920       8865      12785       580        1635       2215       2215       1.03       0.73     2155.79    17479.17     2215   
5052051.00    3792       8516      12308       708        1984       2692       2692       1.03       0.72     2622.60    17012.36     2692   
5104134.00    3786       8534      12320       714        1966       2680       2680       1.02       0.72     2631.76    17003.19     2680   
5156217.00    4038       9242      13280       462        1258       1720       1720       1.03       0.74     1676.41    17958.54     1720   
5208300.00    3745       8364      12109       755        2136       2891       2891       1.00       0.72     2881.63    16753.32     2891   
5260383.00    3818       8535      12353       682        1965       2647       2647       1.00       0.73     2649.48    16985.47     2647   
5312466.00    3875       8842      12717       625        1658       2283       2283       1.01       0.73     2256.82    17378.13     2283   
5364549.00    3934       8941      12875       566        1559       2125       2125       1.00       0.74     2128.12    17506.83     2125   
5416632.00    4178       9623      13801       322        877        1199       1199       1.02       0.75     1173.09    18461.86     1199   
5468715.00    4141       9427      13568       359        1073       1432       1432       1.01       0.74     1413.83    18221.12     1432   
5520798.00    4060       9184      13244       440        1316       1756       1756       0.99       0.74     1766.18    17868.78     1756   
5572881.00    4177       9533      13710       323        967        1290       1290       1.01       0.75     1271.74    18363.21     1290   
5624964.00    4186       9543      13729       314        957        1271       1271       1.01       0.75     1255.67    18379.29     1271   
5677047.00    4200       9630      13830       300        870        1170       1170       1.01       0.75     1159.46    18475.50     1170   
5729130.00    3846       8681      12527       654        1819       2473       1240       0.98       0.73     2514.32    17120.64     1236   
5781213.00    4500      10500      15000        0          0          0         862        0.00       0.76       0.00     19634.96      0     
5833296.00    4209       9605      13814       291        895        1186       1186       0.99       0.75     1203.45    18431.50     1186   
5885379.00    3923       8807      12730       577        1693       2270       1239       0.97       0.74     2331.33    17303.62     1135   
5937462.00    4252       9725      13977       248        775        1023       1023       1.00       0.75     1021.48    18613.47     1023   
5989545.00    3980       9004      12984       520        1496       2016       2016       0.98       0.74     2057.73    17577.23     2016   
6041628.00    4118       9365      13483       382        1135       1517       1517       1.00       0.74     1522.86    18112.09     1517   
6093711.00    4018       9082      13100       482        1418       1900       1900       0.99       0.74     1916.62    17718.33     1900   
6145794.00    4043       9203      13246       457        1297       1754       1754       1.00       0.74     1756.28    17878.67     1754   
6197877.00    4010       9060      13070       490        1440       1930       1930       1.00       0.74     1937.67    17697.28     1930   
6249960.00    4072       9245      13317       428        1255       1683       1683       1.00       0.74     1681.20    17953.75     1683   
6302043.00    4042       9183      13225       458        1317       1775       1775       1.00       0.74     1769.18    17865.78     1775   
6354126.00    3857       8673      12530       643        1827       2470       2470       0.99       0.73     2497.71    17137.25     2470   
6406209.00    4143       9413      13556       357        1087       1444       1444       1.00       0.75     1443.64    18191.31     1444   
6458292.00    4228       9649      13877       272        851        1123       1123       1.01       0.75     1112.77    18522.18     1123   
6510375.00    4157       9482      13639       343        1018       1361       1361       0.99       0.75     1375.47    18259.48     1361   
6562458.00    4500      10500      15000        0          0          0         911        0.00       0.76       0.00     19634.96      0     
6614541.00    3913       8861      12774       587        1639       2226       2226       0.98       0.74     2275.81    17359.14     2226   
6666624.00    3962       8924      12886       538        1576       2114       2114       0.99       0.74     2138.93    17496.02     2114   
6718707.00    4073       9194      13267       427        1306       1733       1733       1.01       0.74     1720.77    17914.19     1733   
6770790.00    3658       8174      11832       842        2326       3168       1866       0.99       0.72     3196.49    16438.46     1584   
6822873.00    4004       9033      13037       496        1467       1963       1963       1.01       0.74     1947.92    17687.04     1963   
6874956.00    3900       8747      12647       600        1753       2353       2353       1.01       0.73     2327.25    17307.71     2353   
6927039.00    3944       8845      12789       556        1655       2211       2211       1.01       0.73     2192.12    17442.83     2211   
6979122.00    3685       8080      11765       815        2420       3235       2201       0.99       0.72     3258.85    16376.10     1617   
7031205.00    3787       8390      12177       713        2110       2823       1764       1.00       0.72     2811.17    16823.79     1411   
7083288.00    4031       9043      13074       469        1457       1926       1926       1.02       0.74     1889.00    17745.95     1926   
7135371.00    3677       8063      11740       823        2437       3260       2111       1.01       0.72     3219.67    16415.29     1630   
7187454.00    3966       8941      12907       534        1559       2093       2093       1.01       0.73     2067.16    17567.79     2093   
7239537.00    3643       8033      11676       857        2467       3324       1937       1.01       0.71     3299.19    16335.77     1662   
7291620.00    3947       8922      12869       553        1578       2131       2131       1.01       0.73     2099.59    17535.37     2131   
7343703.00    3667       8094      11761       833        2406       3239       3239       1.02       0.71     3169.18    16465.78     3239   
7395786.00    3849       8688      12537       651        1812       2463       2463       1.05       0.73     2350.21    17284.74     2463   
7447869.00    3885       8721      12606       615        1779       2394       2394       1.04       0.73     2291.61    17343.34     2394   
7499952.00    3920       8786      12706       580        1714       2294       2294       1.05       0.73     2194.44    17440.52     2294   
7552035.00    3576       7777      11353       924        2723       3647       2312       1.01       0.71     3614.61    16020.34     1823   
7604118.00    3570       7837      11407       930        2663       3593       2014       1.02       0.71     3533.02    16101.94     1796   
7656201.00    3565       7812      11377       935        2688       3623       2258       1.01       0.71     3589.75    16045.21     1811   
7708284.00    3687       8127      11814       813        2373       3186       2182       1.01       0.72     3166.05    16468.91     1593   
7760367.00    3761       8311      12072       739        2189       2928       1836       1.01       0.72     2892.59    16742.36     1464   
7812450.00    3650       8024      11674       850        2476       3326       1858       1.02       0.71     3247.04    16387.91     1663   
7864533.00    3712       8205      11917       788        2295       3083       1762       1.02       0.72     3016.12    16618.83     1541   
7916616.00    3782       8476      12258       718        2024       2742       1641       1.03       0.72     2664.46    16970.50     1371   
7968699.00    3859       8616      12475       641        1884       2525       1384       1.04       0.72     2427.88    17207.07     1262   
8020782.00    3727       8223      11950       773        2277       3050       1568       1.02       0.72     2982.07    16652.89     1525   
8072865.00    3748       8313      12061       752        2187       2939       1472       1.02       0.72     2888.02    16746.94     1469   
8124948.00    3870       8594      12464       630        1906       2536       1487       1.02       0.73     2476.74    17158.22     1268   
8177031.00    3657       8043      11700       843        2457       3300       1947       1.01       0.71     3269.13    16365.82     1650   
8229114.00    3736       8257      11993       764        2243       3007       1528       1.02       0.72     2943.49    16691.46     1503   
8281197.00    3717       8219      11936       783        2281       3064       1603       1.02       0.72     3013.60    16621.35     1532   
8333280.00    3720       8170      11890       780        2330       3110       1715       1.00       0.72     3109.56    16525.40     1555   
8385363.00    4092       9268      13360       408        1232       1640       1640       1.02       0.74     1609.84    18025.11     1640   
8437446.00    3963       8835      12798       537        1665       2202       1168       1.02       0.73     2152.19    17482.76     1101   
8489529.00    3816       8544      12360       684        1956       2640       1401       1.01       0.73     2626.11    17008.84     1320   
8541612.00    4170       9498      13668       330        1002       1332       1332       1.03       0.75     1296.42    18338.54     1332   
8593695.00    3843       8640      12483       657        1860       2517       1315       0.98       0.73     2559.13    17075.82     1258   
8645778.00    3887       8710      12597       613        1790       2403       1316       1.00       0.73     2395.86    17239.09     1201   
8697861.00    3855       8615      12470       645        1885       2530       1354       0.99       0.73     2553.37    17081.58     1265   
8749944.00    3840       8531      12371       660        1969       2629       1384       0.99       0.73     2663.24    16971.71     1314   
8802027.00    3876       8607      12483       624        1893       2517       1323       0.98       0.73     2560.95    17074.00     1258   
8854110.00    4199       9655      13854       301        845        1146       1146       0.97       0.75     1181.55    18453.41     1146   
8906193.00    4500      10500      15000        0          0          0         883        0.00       0.76       0.00     19634.96      0     
8958276.00    4500      10500      15000        0          0          0         650        0.00       0.76       0.00     19634.96      0     
9010359.00    4500      10500      15000        0          0          0         769        0.00       0.76       0.00     19634.96      0     
9062442.00    4500      10500      15000        0          0          0         783        0.00       0.76       0.00     19634.96      0     
9114525.00    4500      10500      15000        0          0          0         660        0.00       0.76       0.00     19634.96      0     
9166608.00    4156       9577      13733       344        923        1267       1267       0.96       0.75     1313.36    18321.60     1267   
9218691.00    4500      10500      15000        0          0          0         763        0.00       0.76       0.00     19634.96      0     
9270774.00    4500      10500      15000        0          0          0         863        0.00       0.76       0.00     19634.96      0     
9322857.00    3951       8989      12940       549        1511       2060       2060       0.97       0.74     2112.88    17522.07     2060   
9374940.00    4038       9235      13273       462        1265       1727       1727       0.99       0.74     1743.92    17891.03     1727   
9427023.00    4500      10500      15000        0          0          0         641        0.00       0.76       0.00     19634.96      0     
9479106.00    4500      10500      15000        0          0          0         625        0.00       0.76       0.00     19634.96      0     
9531189.00    4500      10500      15000        0          0          0         879        0.00       0.76       0.00     19634.96      0     
9583272.00    4500      10500      15000        0          0          0         862        0.00       0.76       0.00     19634.96      0     
9635355.00    4500      10500      15000        0          0          0         908        0.00       0.76       0.00     19634.96      0     
9687438.00    4204       9744      13948       296        756        1052       1052       1.01       0.75     1040.06    18594.90     1052   
9739521.00    4204       9690      13894       296        810        1106       1106       1.01       0.75     1097.55    18537.41     1106   
9791604.00    4500      10500      15000        0          0          0         914        0.00       0.76       0.00     19634.96      0     
9843687.00    4500      10500      15000        0          0          0         936        0.00       0.76       0.00     19634.96      0     
9895770.00    4000       9147      13147       500        1353       1853       1853       1.02       0.74     1824.87    17810.08     1853   
9947853.00    4180       9650      13830       320        850        1170       1170       1.01       0.75     1158.24    18476.72     1170   
9999936.00    4500      10500      15000        0          0          0         815        0.00       0.76       0.00     19634.96      0     
10052019.00    4500      10500      15000        0          0          0         910        0.00       0.76       0.00     19634.96      0     
10104102.00    4138       9604      13742       362        896        1258       1258       0.99       0.75     1271.95    18363.00     1258   
10156185.00    3917       8792      12709       583        1708       2291       1200       0.99       0.73     2321.44    17313.52     1145   
10208268.00    4208       9777      13985       292        723        1015       1015       1.00       0.75     1011.06    18623.90     1015   
10260351.00    4500      10500      15000        0          0          0         789        0.00       0.76       0.00     19634.96      0     
10312434.00    3925       8711      12636       575        1789       2364       1232       0.99       0.73     2381.94    17253.02     1182   
10364517.00    4500      10500      15000        0          0          0         1000       0.00       0.76       0.00     19634.96      0     
10416600.00    4500      10500      15000        0          0          0         945        0.00       0.76       0.00     19634.96      0     
10468683.00    4170       9636      13806       330        864        1194       1194       1.00       0.75     1199.22    18435.73     1194   
10520766.00    3917       8907      12824       583        1593       2176       1156       0.99       0.74     2201.17    17433.79     1088   
10572849.00    3798       8809      12607       702        1691       2393       1223       0.98       0.73     2444.82    17190.14     1196   
10624932.00    3730       8419      12149       770        2081       2851       1626       0.98       0.73     2914.46    16720.49     1425   
10677015.00    4198       9541      13739       302        959        1261       1261       1.00       0.75     1257.25    18377.70     1261   
10729098.00    4238       9721      13959       262        779        1041       1041       1.01       0.75     1029.96    18605.00     1041   
10781181.00    4164       9635      13799       336        865        1201       1201       1.00       0.75     1195.19    18439.77     1201   
10833264.00    4172       9717      13889       328        783        1111       1111       0.98       0.75     1135.86    18499.09     1111   
10885347.00    3632       8151      11783       868        2349       3217       1997       0.99       0.72     3251.20    16383.76     1608   
10937430.00    3676       8213      11889       824        2287       3111       2070       0.98       0.72     3162.85    16472.11     1555   
10989513.00    3871       8749      12620       629        1751       2380       1233       0.98       0.73     2430.53    17204.42     1190   
11041596.00    4022       9245      13267       478        1255       1733       1733       1.00       0.74     1734.32    17900.63     1733   
11093679.00    4053       9341      13394       447        1159       1606       1606       1.01       0.74     1592.28    18042.68     1606   
11145762.00    4021       9189      13210       479        1311       1790       1790       1.03       0.74     1745.19    17889.76     1790   
11197845.00    3880       8677      12557       620        1823       2443       2443       1.01       0.73     2430.07    17204.89     2443   
11249928.00    3922       8786      12708       578        1714       2292       2292       1.00       0.73     2286.37    17348.58     2292   
11302011.00    3973       9073      13046       527        1427       1954       1954       1.01       0.74     1943.02    17691.93     1954   
11354094.00    3896       8873      12769       604        1627       2231       2231       0.99       0.73     2242.86    17392.09     2231   
11406177.00    3548       7768      11316       952        2732       3684       2127       1.00       0.71     3700.80    15934.16     1842   
11458260.00    3676       8236      11912       824        2264       3088       1974       1.00       0.72     3092.77    16542.19     1544   
11510343.00    3865       8768      12633       635        1732       2367       1305       1.02       0.73     2316.85    17318.11     1183   
11562426.00    3722       8362      12084       778        2138       2916       1501       1.01       0.72     2890.78    16744.18     1458   
11614509.00    3867       8724      12591       633        1776       2409       1330       1.00       0.73     2401.50    17233.45     1204   
11666592.00    3759       8396      12155       741        2104       2845       1621       1.00       0.72     2853.83    16781.13     1422   
11718675.00    3437       7533      10970       1063       2967       4030       1559       0.99       0.70     4058.11    15576.84     1343   
11770758.00    3773       8327      12100       727        2173       2900       1768       1.00       0.72     2898.80    16736.15     1450   
11822841.00    3696       8116      11812       804        2384       3188       1626       1.00       0.72     3186.36    16448.59     1594   
11874924.00    3751       8206      11957       749        2294       3043       1726       1.00       0.72     3054.20    16580.75     1521   
11927007.00    3532       7651      11183       968        2849       3817       1450       0.99       0.71     3849.39    15785.56     1272   
11979090.00    3594       7905      11499       906        2595       3501       2077       0.98       0.72     3578.06    16056.90     1750   
12031173.00    4215       9532      13747       285        968        1253       1253       0.98       0.75     1275.89    18359.06     1253   
12083256.00    4153       9351      13504       347        1149       1496       1496       0.99       0.74     1506.84    18128.12     1496   
12135339.00    4500      10500      15000        0          0          0         968        0.00       0.76       0.00     19634.96      0     
12187422.00    4223       9577      13800       277        923        1200       1200       0.98       0.75     1220.84    18414.12     1200   
12239505.00    4262       9689      13951       238        811        1049       1049       0.99       0.75     1059.10    18575.86     1049   
12291588.00    4500      10500      15000        0          0          0         940        0.00       0.76       0.00     19634.96      0     
12343671.00    4059       9164      13223       441        1336       1777       1777       1.00       0.74     1782.30    17852.66     1777   
12395754.00    4500      10500      15000        0          0          0         954        0.00       0.76       0.00     19634.96      0     
12447837.00    4500      10500      15000        0          0          0         910        0.00       0.76       0.00     19634.96      0     
12499920.00    3679       8042      11721       821        2458       3279       1165       0.99       0.72     3307.36    16327.59     1093   
12552003.00    3914       8951      12865       586        1549       2135       1131       0.98       0.74     2177.68    17457.28     1067   
12604086.00    3875       8818      12693       625        1682       2307       1205       0.99       0.73     2338.55    17296.41     1153   
12656169.00    3911       8876      12787       589        1624       2213       2213       1.00       0.73     2223.01    17411.95     2213   
12708252.00    4500      10500      15000        0          0          0         937        0.00       0.76       0.00     19634.96      0     
12760335.00    4183       9629      13812       317        871        1188       1188       1.01       0.75     1178.83    18456.12     1188   
12812418.00    3460       7422      10882       1040       3078       4118       1644       0.99       0.70     4159.94    15475.01     1372   
12864501.00    4170       9524      13694       330        976        1306       1306       1.01       0.75     1299.43    18335.52     1306   
12916584.00    3960       8967      12927       540        1533       2073       2073       0.99       0.74     2102.62    17532.34     2073   
12968667.00    3829       8634      12463       671        1866       2537       1530       0.99       0.73     2564.90    17070.05     1268   
13020750.00    4114       9474      13588       386        1026       1412       1412       1.01       0.75     1400.89    18234.07     1412   
13072833.00    3857       8485      12342       643        2015       2658       1337       1.00       0.73     2649.94    16985.01     1329   
13124916.00    3797       8321      12118       703        2179       2882       1517       0.99       0.72     2907.83    16727.13     1441   
13176999.00    3878       8602      12480       622        1898       2520       1463       1.00       0.73     2524.37    17110.59     1260   
13229082.00    3855       8616      12471       645        1884       2529       1442       1.00       0.73     2537.67    17097.29     1264   
13281165.00    4211       9566      13777       289        934        1223       1223       1.00       0.75     1217.98    18416.97     1223   
13333248.00    3737       8364      12101       763        2136       2899       1656       1.01       0.72     2878.78    16756.17     1449   
13385331.00    3839       8388      12227       661        2112       2773       1429       0.99       0.73     2788.16    16846.79     1386   
13437414.00    4156       9522      13678       344        978        1322       1322       1.00       0.75     1318.81    18316.15     1322   
13489497.00    3583       7823      11406       917        2677       3594       2284       0.99       0.71     3630.28    16004.67     1797   
13541580.00    3692       8204      11896       808        2296       3104       1964       1.00       0.72     3103.44    16531.51     1552   
13593663.00    3896       8855      12751       604        1645       2249       2249       1.01       0.73     2217.18    17417.78     2249   
13645746.00    3591       7850      11441       909        2650       3559       2413       1.00       0.71     3549.35    16085.61     1779   
13697829.00    3548       7777      11325       952        2723       3675       2584       0.99       0.71     3694.50    15940.45     1837   
13749912.00    3541       7844      11385       959        2656       3615       2497       0.99       0.71     3643.02    15991.94     1807   
13801995.00    4011       9117      13128       489        1383       1872       1872       1.01       0.74     1851.15    17783.80     1872   
13854078.00    4019       9131      13150       481        1369       1850       1850       1.01       0.74     1835.24    17799.72     1850   
13906161.00    3741       8290      12031       759        2210       2969       1923       0.99       0.72     2993.32    16641.64     1484   
13958244.00    4115       9429      13544       385        1071       1456       1456       1.00       0.75     1455.44    18179.51     1456   
14010327.00    4243       9741      13984       257        759        1016       1016       1.00       0.75     1013.41    18621.55     1016   
14062410.00    4074       9250      13324       426        1250       1676       1676       1.01       0.74     1664.56    17970.40     1676   
14114493.00    4058       9177      13235       442        1323       1765       1765       1.00       0.74     1766.04    17868.91     1765   
14166576.00    4051       9227      13278       449        1273       1722       1722       1.01       0.74     1702.74    17932.22     1722   
14218659.00    4120       9382      13502       380        1118       1498       1498       1.00       0.74     1497.20    18137.75     1498   
14270742.00    4066       9192      13258       434        1308       1742       1742       0.98       0.74     1772.11    17862.84     1742   
14322825.00    4020       9146      13166       480        1354       1834       1834       0.99       0.74     1843.93    17791.02     1834   
14374908.00    4157       9443      13600       343        1057       1400       1400       1.00       0.75     1395.53    18239.42     1400   
14426991.00    3911       8933      12844       589        1567       2156       2156       0.98       0.74     2193.07    17441.89     2156   
14479074.00    4007       9156      13163       493        1344       1837       1837       1.01       0.74     1821.77    17813.19     1837   
14531157.00    3852       8783      12635       648        1717       2365       2365       0.99       0.73     2380.78    17254.17     2365   
14583240.00    3978       9109      13087       522        1391       1913       1913       1.03       0.74     1864.43    17770.53     1913   
14635323.00    4064       9337      13401       436        1163       1599       1599       1.03       0.74     1559.82    18075.13     1599   
14687406.00    3779       8466      12245       721        2034       2755       1594       1.01       0.72     2723.21    16911.74     1377   
14739489.00    4008       9136      13144       492        1364       1856       1856       1.02       0.74     1814.01    17820.94     1856   
14791572.00    3991       9155      13146       509        1345       1854       1854       1.02       0.74     1813.43    17821.53     1854   
14843655.00    3959       9065      13024       541        1435       1976       1976       1.03       0.74     1921.01    17713.94     1976   
14895738.00    3995       9231      13226       505        1269       1774       1774       1.05       0.74     1695.22    17939.73     1774   
14947821.00    3817       8485      12302       683        2015       2698       2698       1.03       0.72     2621.17    17013.78     2698   
14999904.00    3806       8508      12314       694        1992       2686       1620       1.03       0.72     2602.03    17032.93     1343   
15051987.00    4009       9245      13254       491        1255       1746       1746       1.05       0.74     1662.69    17972.26     1746   
15104070.00    3649       8190      11839       851        2310       3161       2088       1.01       0.72     3118.23    16516.73     1580   
15156153.00    3984       9082      13066       516        1418       1934       1934       1.05       0.73     1849.79    17785.16     1934   
15208236.00    3774       8430      12204       726        2070       2796       1616       1.03       0.72     2708.84    16926.11     1398   
15260319.00    3979       9087      13066       521        1413       1934       1934       1.04       0.74     1865.18    17769.78     1934   
15312402.00    4025       9213      13238       475        1287       1762       1762       1.04       0.74     1688.55    17946.40     1762   
15364485.00    4023       9184      13207       477        1316       1793       1793       1.04       0.74     1717.33    17917.62     1793   
15416568.00    3977       9078      13055       523        1422       1945       1945       1.05       0.73     1854.46    17780.49     1945   
15468651.00    3980       9065      13045       520        1435       1955       1955       1.04       0.73     1879.18    17755.78     1955   
15520734.00    4052       9235      13287       448        1265       1713       1713       1.05       0.74     1633.91    18001.05     1713   
15572817.00    4064       9235      13299       436        1265       1701       1701       1.03       0.74     1649.11    17985.84     1701   
15624900.00    4008       9120      13128       492        1380       1872       1872       1.00       0.74     1876.77    17758.18     1872   
15676983.00    4065       9259      13324       435        1241       1676       1676       1.02       0.74     1650.94    17984.01     1676   
15729066.00    4019       9172      13191       481        1328       1809       1809       1.01       0.74     1789.92    17845.03     1809   
15781149.00    3942       8983      12925       558        1517       2075       2075       1.00       0.74     2076.32    17558.63     2075   
15833232.00    3902       8937      12839       598        1563       2161       2161       1.02       0.73     2113.32    17521.64     2161   
15885315.00    3970       8985      12955       530        1515       2045       2045       1.02       0.73     1995.51    17639.45     2045   
15937398.00    3695       8290      11985       805        2210       3015       1918       0.99       0.72     3059.16    16575.80     1507   
15989481.00    4157       9536      13693       343        964        1307       1307       1.03       0.75     1266.65    18368.31     1307   
16041564.00    4030       9175      13205       470        1325       1795       1795       1.00       0.74     1792.60    17842.35     1795   
16093647.00    4189       9598      13787       311        902        1213       1213       1.04       0.75     1161.56    18473.40     1213   
16145730.00    4080       9232      13312       420        1268       1688       1688       1.02       0.74     1654.63    17980.32     1688   
16197813.00    4165       9465      13630       335        1035       1370       1370       1.02       0.75     1345.83    18289.12     1370   
16249896.00    4103       9425      13528       397        1075       1472       1472       1.00       0.74     1475.57    18159.39     1472   
16301979.00    4176       9604      13780       324        896        1220       1220       0.99       0.75     1227.24    18407.71     1220   
16354062.00    4186       9643      13829       314        857        1171       1171       1.01       0.75     1162.31    18472.65     1171   
16406145.00    4106       9354      13460       394        1146       1540       1540       0.98       0.75     1574.43    18060.52     1540   
16458228.00    4159       9537      13696       341        963        1304       1304       0.98       0.75     1335.42    18299.54     1304   
16510311.00    4124       9428      13552       376        1072       1448       1448       0.99       0.75     1458.03    18176.93     1448   
16562394.00    4500      10500      15000        0          0          0         870        0.00       0.76       0.00     19634.96      0     
16614477.00    4500      10500      15000        0          0          0         786        0.00       0.76       0.00     19634.96      0     
16666560.00    4500      10500      15000        0          0          0         866        0.00       0.76       0.00     19634.96      0     
16718643.00    4500      10500      15000        0          0          0         672        0.00       0.76       0.00     19634.96      0     
16770726.00    4500      10500      15000        0          0          0         953        0.00       0.76       0.00     19634.96      0     
16822809.00    4500      10500      15000        0          0          0         829        0.00       0.76       0.00     19634.96      0     
16874892.00    4500      10500      15000        0          0          0         819        0.00       0.76       0.00     19634.96      0     
16926975.00    4148       9629      13777       352        871        1223       1223       0.98       0.75     1244.91    18390.05     1223   
16979058.00    4178       9693      13871       322        807        1129       1129       0.99       0.75     1145.52    18489.44     1129   
17031141.00    4500      10500      15000        0          0          0         667        0.00       0.76       0.00     19634.96      0     
17083224.00    4048       9372      13420       452        1128       1580       1580       0.99       0.74     1603.92    18031.04     1580   
17135307.00    4151       9588      13739       349        912        1261       1261       0.97       0.75     1293.83    18341.12     1261   
17187390.00    4084       9494      13578       416        1006       1422       1422       0.99       0.75     1435.36    18199.59     1422   
17239473.00    4500      10500      15000        0          0          0         946        0.00       0.76       0.00     19634.96      0     
17291556.00    4044       9286      13330       456        1214       1670       1670       1.02       0.74     1639.99    17994.97     1670   
17343639.00    4061       9433      13494       439        1067       1506       1506       1.02       0.74     1478.40    18156.56     1506   
17395722.00    4165       9648      13813       335        852        1187       1187       1.03       0.75     1154.85    18480.10     1187   
17447805.00    4194       9750      13944       306        750        1056       1056       1.03       0.75     1029.07    18605.89     1056   
17499888.00    4005       9179      13184       495        1321       1816       1816       1.02       0.74     1774.41    17860.54     1816   
17551971.00    3896       8846      12742       604        1654       2258       2258       1.01       0.73     2240.38    17394.58     2258   
17604054.00    3846       8770      12616       654        1730       2384       2384       1.02       0.73     2338.64    17296.32     2384   
17656137.00    3614       7994      11608       886        2506       3392       3392       1.01       0.71     3346.15    16288.81     3392   
17708220.00    3609       8114      11723       891        2386       3277       1886       1.01       0.72     3239.44    16395.52     1638   
17760303.00    3603       8033      11636       897        2467       3364       3364       1.02       0.71     3311.09    16323.87     3364   
17812386.00    3774       8508      12282       726        1992       2718       2718       1.01       0.72     2682.47    16952.48     2718   
17864469.00    3715       8300      12015       785        2200       2985       2985       0.99       0.72     3016.04    16618.92     2985   
17916552.00    4500      10500      15000        0          0          0         937        0.00       0.76       0.00     19634.96      0     
17968635.00    3998       9084      13082       502        1416       1918       1918       1.01       0.74     1893.91    17741.05     1918   
18020718.00    3516       7758      11274       984        2742       3726       3726       0.99       0.71     3760.52    15874.44     3726   
18072801.00    3408       7541      10949       1092       2959       4051       2062       1.00       0.70     4060.26    15574.69     2025   
18124884.00    3486       7766      11252       1014       2734       3748       2009       1.00       0.71     3749.88    15885.07     1874   
18176967.00    4111       9442      13553       389        1058       1447       1447       1.01       0.74     1434.04    18200.92     1447   
18229050.00    3946       9008      12954       554        1492       2046       2046       0.99       0.74     2063.26    17571.69     2046   
18281133.00    3741       8293      12034       759        2207       2966       1839       1.00       0.72     2959.81    16675.14     1483   
18333216.00    4500      10500      15000        0          0          0         930        0.00       0.76       0.00     19634.96      0     
18385299.00    3570       7804      11374       930        2696       3626       1849       0.99       0.71     3662.61    15972.35     1813   
18437382.00    4500      10500      15000        0          0          0         750        0.00       0.76       0.00     19634.96      0     
18489465.00    4116       9548      13664       384        952        1336       1336       0.98       0.75     1359.86    18275.10     1336   
18541548.00    3875       8625      12500       625        1875       2500       1342       0.99       0.73     2525.58    17109.38     1250   
18593631.00    4030       9266      13296       470        1234       1704       1704       0.99       0.74     1724.89    17910.06     1704   
18645714.00    3951       8990      12941       549        1510       2059       2059       0.99       0.74     2071.31    17563.64     2059   
18697797.00    4120       9387      13507       380        1113       1493       1493       1.00       0.74     1497.45    18137.50     1493   
18749880.00    4500      10500      15000        0          0          0         975        0.00       0.76       0.00     19634.96      0     
18801963.00    4111       9375      13486       389        1125       1514       1514       0.96       0.75     1574.05    18060.90     1514   
18854046.00    4188       9647      13835       312        853        1165       1165       0.98       0.75     1188.42    18446.53     1165   
18906129.00    3956       8972      12928       544        1528       2072       1048       0.98       0.74     2112.50    17522.46     1036   
18958212.00    4217       9675      13892       283        825        1108       1108       1.01       0.75     1096.36    18538.59     1108   
19010295.00    3815       8500      12315       685        2000       2685       2685       0.99       0.73     2716.36    16918.59     2685   
19062378.00    3827       8608      12435       673        1892       2565       2565       0.99       0.73     2587.68    17047.28     2565   
19114461.00    4170       9456      13626       330        1044       1374       1374       1.00       0.75     1368.78    18266.18     1374   
19166544.00    3799       8390      12189       701        2110       2811       1683       0.99       0.73     2830.74    16804.22     1405   
19218627.00    3814       8548      12362       686        1952       2638       2638       0.98       0.73     2681.80    16953.16     2638   
19270710.00    3844       8731      12575       656        1769       2425       1416       0.99       0.73     2444.11    17190.85     1212   
19322793.00    3745       8570      12315       755        1930       2685       1539       0.99       0.73     2720.01    16914.94     1342   
19374876.00    3688       8301      11989       812        2199       3011       1642       0.98       0.72     3077.27    16557.69     1505   
19426959.00    3838       8791      12629       662        1709       2371       1251       1.00       0.73     2381.12    17253.83     1185   
19479042.00    3841       8858      12699       659        1642       2301       1291       1.00       0.73     2307.34    17327.62     1150   
19531125.00    4172       9736      13908       328        764        1092       1092       1.01       0.75     1086.23    18548.72     1092   
19583208.00    4500      10500      15000        0          0          0         891        0.00       0.76       0.00     19634.96      0     
19635291.00    4500      10500      15000        0          0          0         890        0.00       0.76       0.00     19634.96      0     
19687374.00    4243       9698      13941       257        802        1059       1059       0.98       0.75     1078.18    18556.77     1059   
19739457.00    3846       8691      12537       654        1809       2463       1455       1.00       0.73     2466.57    17168.39     1231   
19791540.00    4196       9659      13855       304        841        1145       1145       0.99       0.75     1155.82    18479.13     1145   
19843623.00    4500      10500      15000        0          0          0         627        0.00       0.76       0.00     19634.96      0     
19895706.00    4500      10500      15000        0          0          0         856        0.00       0.76       0.00     19634.96      0     
19947789.00    3680       8130      11810       820        2370       3190       1142       0.98       0.72     3253.27    16381.68     1063   
19999872.00    4200       9696      13896       300        804        1104       1104       1.03       0.75     1074.07    18560.88     1104   
20051955.00    4145       9602      13747       355        898        1253       1253       1.03       0.75     1219.33    18415.63     1253   
20104038.00    4152       9643      13795       348        857        1205       1205       1.03       0.75     1166.14    18468.82     1205   
20156121.00    4214       9733      13947       286        767        1053       1053       1.05       0.75     1006.84    18628.12     1053   
20208204.00    4137       9565      13702       363        935        1298       1298       1.02       0.75     1268.41    18366.54     1298   
20260287.00    4126       9542      13668       374        958        1332       1332       1.03       0.75     1297.21    18337.74     1332   
20312370.00    4104       9445      13549       396        1055       1451       1451       1.01       0.74     1434.78    18200.17     1451   
20364453.00    4117       9486      13603       383        1014       1397       1397       1.01       0.75     1389.96    18245.00     1397   
20416536.00    4108       9464      13572       392        1036       1428       1428       1.01       0.74     1408.63    18226.33     1428   
20468619.00    4166       9570      13736       334        930        1264       1264       1.02       0.75     1242.99    18391.96     1264   
20520702.00    3919       8830      12749       581        1670       2251       1218       0.99       0.73     2276.32    17358.63     1125   
20572785.00    4184       9759      13943       316        741        1057       1057       1.00       0.75     1061.98    18572.97     1057   
20624868.00    3951       8915      12866       549        1585       2134       1108       0.99       0.74     2157.13    17477.83     1067   
20676951.00    3600       8039      11639       900        2461       3361       2302       0.98       0.72     3413.32    16221.63     1680   
20729034.00    4089       9396      13485       411        1104       1515       1515       1.00       0.74     1507.72    18127.24     1515   
20781117.00    4090       9406      13496       410        1094       1504       1504       0.99       0.75     1522.55    18112.41     1504   
20833200.00    4205       9564      13769       295        936        1231       1231       0.97       0.75     1263.26    18371.69     1231   
