 Timestep    Gas_A      Gas_B     Gas_tot    Dense_A    Dense_B   Dense_tot   Lg_clust  DP_density GP_density Clust_area  Gas_area     MCS    
   0.00       7500       7500      15000        0          0          0          4         0.00       0.76       0.00     19634.96      0     
124999.00     7500       7500      15000        0          0          0         277        0.00       0.76       0.00     19634.96      0     
249998.00     7500       7500      15000        0          0          0         937        0.00       0.76       0.00     19634.96      0     
374997.00     5668       5194      10862       1832       2306       4138       1045       1.01       0.70     4112.04    15522.91     1034   
499996.00     6319       6001      12320       1181       1499       2680       1428       1.04       0.72     2580.81    17054.14     1340   
624995.00     4678       3903       8581       2822       3597       6419       1644       1.03       0.64     6247.17    13387.79     1604   
749994.00     4720       3913       8633       2780       3587       6367       1711       1.05       0.64     6051.82    13583.14     1591   
874993.00     4328       3408       7736       3172       4092       7264       4138       1.06       0.60     6842.73    12792.22     2421   
999992.00     4226       3258       7484       3274       4242       7516       2671       1.08       0.59     6991.16    12643.79     1879   
1124991.00    4217       3209       7426       3283       4291       7574       4778       1.08       0.59     7037.95    12597.01     2524   
1249990.00    4083       3054       7137       3417       4446       7863       4865       1.08       0.58     7264.92    12370.04     2621   
1374989.00    3989       2930       6919       3511       4570       8081       4889       1.09       0.57     7432.16    12202.79     4040   
1499988.00    3843       2718       6561       3657       4782       8439       4996       1.10       0.55     7695.48    11939.48     4219   
1624987.00    3588       2384       5972       3912       5116       9028       5382       1.09       0.53     8316.14    11318.82     4514   
1749986.00    3718       2457       6175       3782       5043       8825       5198       1.09       0.54     8113.95    11521.00     4412   
1874985.00    3646       2384       6030       3854       5116       8970       5302       1.09       0.53     8203.47    11431.49     4485   
1999984.00    3563       2396       5959       3937       5104       9041       9041       1.09       0.53     8327.77    11307.19     9041   
2124983.00    3523       2193       5716       3977       5307       9284       5616       1.09       0.51     8514.20    11120.75     4642   
2249982.00    3350       2134       5484       4150       5366       9516       9516       1.09       0.50     8703.63    10931.33     9516   
2374981.00    3318       2092       5410       4182       5408       9590       9590       1.10       0.50     8736.04    10898.92     9590   
2499980.00    3217       1995       5212       4283       5505       9788       9788       1.10       0.49     8922.75    10712.21     9788   
2624979.00    3220       1932       5152       4280       5568       9848       9848       1.11       0.48     8887.62    10747.34     9848   
2749978.00    3078       1846       4924       4422       5654      10076      10076       1.10       0.47     9120.80    10514.16    10076   
2874977.00    3107       1773       4880       4393       5727      10120      10120       1.10       0.47     9191.45    10443.51    10120   
2999976.00    3116       1731       4847       4384       5769      10153      10153       1.11       0.46     9154.31    10480.64    10153   
3124975.00    3083       1787       4870       4417       5713      10130      10130       1.11       0.46     9143.77    10491.18    10130   
3249974.00    3051       1749       4800       4449       5751      10200      10200       1.10       0.46     9245.30    10389.65    10200   
3374973.00    3081       1816       4897       4419       5684      10103      10103       1.09       0.47     9227.81    10407.15    10103   
3499972.00    3085       1790       4875       4415       5710      10125      10125       1.09       0.47     9250.11    10384.85    10125   
3624971.00    3131       1788       4919       4369       5712      10081      10081       1.10       0.47     9146.05    10488.90    10081   
3749970.00    3121       1770       4891       4379       5730      10109      10109       1.10       0.47     9161.54    10473.41    10109   
3874969.00    3155       1856       5011       4345       5644       9989       9989       1.11       0.47     8996.01    10638.95     9989   
3999968.00    3166       1842       5008       4334       5658       9992       9992       1.12       0.47     8961.11    10673.84     9992   
4124967.00    3175       1846       5021       4325       5654       9979       9979       1.12       0.47     8939.16    10695.80     9979   
4249966.00    3104       1816       4920       4396       5684      10080      10080       1.11       0.47     9095.13    10539.83    10080   
4374965.00    3117       1785       4902       4383       5715      10098      10098       1.11       0.46     9070.29    10564.67    10098   
4499964.00    2984       1668       4652       4516       5832      10348      10348       1.11       0.45     9320.90    10314.06    10348   
4624963.00    3022       1665       4687       4478       5835      10313      10313       1.11       0.45     9330.07    10304.88    10313   
4749962.00    3206       1881       5087       4294       5619       9913       9913       1.11       0.47     8901.05    10733.91     9913   
4874961.00    3185       1821       5006       4315       5679       9994       9994       1.12       0.47     8948.51    10686.45     9994   
4999960.00    3154       1746       4900       4346       5754      10100      10100       1.12       0.46     9040.23    10594.72    10100   
5124959.00    3151       1749       4900       4349       5751      10100      10100       1.10       0.47     9162.75    10472.20    10100   
5249958.00    3299       1908       5207       4201       5592       9793       9793       1.11       0.48     8847.62    10787.34     9793   
5374957.00    3320       1941       5261       4180       5559       9739       9739       1.11       0.48     8776.67    10858.28     9739   
5499956.00    3158       1815       4973       4342       5685      10027      10027       1.10       0.47     9126.26    10508.69    10027   
5624955.00    3347       2062       5409       4153       5438       9591       9591       1.11       0.49     8654.89    10980.07     9591   
5749954.00    3254       1989       5243       4246       5511       9757       9757       1.11       0.49     8825.32    10809.64     9757   
5874953.00    3342       2039       5381       4158       5461       9619       9619       1.10       0.49     8724.94    10910.02     9619   
5999952.00    3318       2026       5344       4182       5474       9656       9656       1.11       0.49     8697.41    10937.54     9656   
6124951.00    3327       2033       5360       4173       5467       9640       9640       1.11       0.49     8705.61    10929.35     9640   
6249950.00    3311       1962       5273       4189       5538       9727       9727       1.11       0.48     8747.65    10887.31     9727   
6374949.00    3245       1895       5140       4255       5605       9860       9860       1.12       0.48     8819.16    10815.79     9860   
6499948.00    3132       1790       4922       4368       5710      10078      10078       1.12       0.46     9032.27    10602.68    10078   
6624947.00    3140       1745       4885       4360       5755      10115      10115       1.11       0.46     9094.44    10540.51    10115   
6749946.00    3073       1691       4764       4427       5809      10236      10236       1.11       0.46     9201.41    10433.55    10236   
6874945.00    3151       1710       4861       4349       5790      10139      10139       1.11       0.46     9147.44    10487.51    10139   
6999944.00    3308       1859       5167       4192       5641       9833       9833       1.10       0.48     8901.15    10733.80     9833   
7124943.00    3523       2076       5599       3977       5424       9401       9401       1.10       0.50     8532.72    11102.24     9401   
7249942.00    3580       2225       5805       3920       5275       9195       9195       1.10       0.51     8338.56    11296.39     9195   
7374941.00    3470       2130       5600       4030       5370       9400       9400       1.11       0.50     8484.99    11149.96     9400   
7499940.00    3425       2014       5439       4075       5486       9561       9561       1.11       0.49     8638.64    10996.31     9561   
7624939.00    3456       2059       5515       4044       5441       9485       9485       1.11       0.50     8555.93    11079.03     9485   
7749938.00    3365       1957       5322       4135       5543       9678       9678       1.10       0.49     8761.44    10873.51     9678   
7874937.00    3443       2128       5571       4057       5372       9429       9429       1.11       0.50     8526.98    11107.98     9429   
7999936.00    3452       2150       5602       4048       5350       9398       9398       1.10       0.50     8518.85    11116.11     9398   
8124935.00    3372       2103       5475       4128       5397       9525       9525       1.10       0.50     8657.88    10977.07     9525   
8249934.00    3395       2049       5444       4105       5451       9556       9556       1.10       0.50     8664.75    10970.20     9556   
8374933.00    3294       1932       5226       4206       5568       9774       9774       1.10       0.49     8865.66    10769.29     9774   
8499932.00    3309       1974       5283       4191       5526       9717       9717       1.10       0.49     8804.30    10830.66     9717   
8624931.00    3233       1795       5028       4267       5705       9972       9972       1.10       0.48     9060.73    10574.23     9972   
8749930.00    3247       1838       5085       4253       5662       9915       9915       1.10       0.48     8973.73    10661.22     9915   
8874929.00    3172       1809       4981       4328       5691      10019      10019       1.10       0.47     9073.98    10560.97    10019   
8999928.00    3274       1933       5207       4226       5567       9793       9793       1.10       0.48     8880.85    10754.11     9793   
9124927.00    3299       1893       5192       4201       5607       9808       9808       1.10       0.48     8913.16    10721.80     9808   
9249926.00    3302       1999       5301       4198       5501       9699       9699       1.11       0.49     8770.14    10864.82     9699   
9374925.00    3278       1972       5250       4222       5528       9750       9750       1.11       0.48     8789.52    10845.44     9750   
9499924.00    3209       1873       5082       4291       5627       9918       9918       1.10       0.48     9007.81    10627.15     9918   
9624923.00    3287       1898       5185       4213       5602       9815       9815       1.10       0.48     8887.97    10746.98     9815   
9749922.00    3185       1857       5042       4315       5643       9958       9958       1.11       0.47     8970.73    10664.22     9958   
9874921.00    3196       1932       5128       4304       5568       9872       9872       1.11       0.48     8899.35    10735.61     9872   
9999920.00    3196       1964       5160       4304       5536       9840       9840       1.12       0.48     8819.39    10815.57     9840   
10124919.00    3078       1839       4917       4422       5661      10083      10083       1.11       0.47     9062.84    10572.12    10083   
10249918.00    3210       1905       5115       4290       5595       9885       9885       1.11       0.48     8906.27    10728.68     9885   
10374917.00    3297       1976       5273       4203       5524       9727       9727       1.11       0.49     8790.43    10844.53     9727   
10499916.00    3411       2136       5547       4089       5364       9453       9453       1.11       0.50     8493.80    11141.15     9453   
10624915.00    3338       2162       5500       4162       5338       9500       9500       1.12       0.49     8513.32    11121.64     9500   
10749914.00    3307       2088       5395       4193       5412       9605       9605       1.12       0.49     8600.71    11034.25     9605   
10874913.00    3153       1877       5030       4347       5623       9970       9970       1.12       0.47     8902.61    10732.34     9970   
10999912.00    3088       1762       4850       4412       5738      10150      10150       1.11       0.46     9121.65    10513.30    10150   
11124911.00    3292       2005       5297       4208       5495       9703       9703       1.11       0.48     8712.59    10922.37     9703   
11249910.00    3315       2060       5375       4185       5440       9625       9625       1.12       0.49     8608.92    11026.03     9625   
11374909.00    3143       1826       4969       4357       5674      10031      10031       1.11       0.47     9038.50    10596.45    10031   
11499908.00    3160       1840       5000       4340       5660      10000      10000       1.12       0.47     8960.51    10674.45    10000   
11624907.00    3100       1784       4884       4400       5716      10116      10116       1.12       0.46     9046.16    10588.79    10116   
11749906.00    3086       1746       4832       4414       5754      10168      10168       1.11       0.46     9138.11    10496.84    10168   
11874905.00    3191       1876       5067       4309       5624       9933       9933       1.11       0.47     8930.14    10704.81     9933   
11999904.00    3243       1888       5131       4257       5612       9869       9869       1.12       0.48     8840.34    10794.62     9869   
12124903.00    3233       1890       5123       4267       5610       9877       9877       1.12       0.47     8824.65    10810.30     9877   
12249902.00    3145       1855       5000       4355       5645      10000      10000       1.13       0.46     8866.03    10768.92    10000   
12374901.00    3108       1806       4914       4392       5694      10086      10086       1.12       0.46     8966.46    10668.49    10086   
12499900.00    3072       1777       4849       4428       5723      10151      10151       1.12       0.46     9029.78    10605.17    10151   
12624899.00    3051       1758       4809       4449       5742      10191      10191       1.12       0.46     9075.57    10559.38    10191   
12749898.00    3092       1728       4820       4408       5772      10180      10180       1.12       0.46     9100.11    10534.85    10180   
12874897.00    3128       1762       4890       4372       5738      10110      10110       1.12       0.46     8994.73    10640.23    10110   
12999896.00    3093       1696       4789       4407       5804      10211      10211       1.12       0.45     9082.34    10552.62    10211   
13124895.00    3151       1829       4980       4349       5671      10020      10020       1.12       0.47     8981.23    10653.73    10020   
13249894.00    3036       1753       4789       4464       5747      10211      10211       1.11       0.46     9160.15    10474.80    10211   
13374893.00    2999       1729       4728       4501       5771      10272      10272       1.12       0.45     9205.32    10429.63    10272   
13499892.00    2984       1734       4718       4516       5766      10282      10282       1.12       0.45     9213.09    10421.86    10282   
13624891.00    3063       1713       4776       4437       5787      10224      10224       1.11       0.46     9174.46    10460.49    10224   
13749890.00    3147       1800       4947       4353       5700      10053      10053       1.12       0.46     8986.30    10648.65    10053   
13874889.00    3214       1883       5097       4286       5617       9903       9903       1.12       0.47     8851.13    10783.83     9903   
13999888.00    3177       1858       5035       4323       5642       9965       9965       1.12       0.47     8936.52    10698.43     9965   
14124887.00    3307       2023       5330       4193       5477       9670       9670       1.12       0.49     8658.65    10976.31     9670   
14249886.00    3196       1938       5134       4304       5562       9866       9866       1.12       0.48     8833.26    10801.69     9866   
14374885.00    3120       1893       5013       4380       5607       9987       9987       1.12       0.47     8910.43    10724.52     9987   
14499884.00    3029       1793       4822       4471       5707      10178      10178       1.12       0.46     9091.46    10543.50    10178   
14624883.00    3114       1848       4962       4386       5652      10038      10038       1.12       0.47     8974.79    10660.16    10038   
14749882.00    3158       1878       5036       4342       5622       9964       9964       1.12       0.47     8878.64    10756.32     9964   
14874881.00    3200       1969       5169       4300       5531       9831       9831       1.12       0.47     8739.58    10895.38     9831   
14999880.00    3225       1969       5194       4275       5531       9806       9806       1.13       0.47     8676.29    10958.66     9806   
15124879.00    3321       2036       5357       4179       5464       9643       9643       1.14       0.48     8464.39    11170.56     9643   
15249878.00    3241       1926       5167       4259       5574       9833       9833       1.13       0.47     8713.79    10921.16     9833   
15374877.00    3302       2004       5306       4198       5496       9694       9694       1.13       0.48     8590.10    11044.85     9694   
15499876.00    3208       1881       5089       4292       5619       9911       9911       1.13       0.47     8804.18    10830.77     9911   
15624875.00    3182       1830       5012       4318       5670       9988       9988       1.12       0.47     8910.78    10724.17     9988   
15749874.00    3170       1865       5035       4330       5635       9965       9965       1.12       0.47     8912.46    10722.49     9965   
15874873.00    3209       1898       5107       4291       5602       9893       9893       1.12       0.47     8855.67    10779.28     9893   
15999872.00    3239       1948       5187       4261       5552       9813       9813       1.13       0.47     8697.95    10937.01     9813   
16124871.00    3273       1999       5272       4227       5501       9728       9728       1.13       0.48     8631.43    11003.52     9728   
16249870.00    3262       2015       5277       4238       5485       9723       9723       1.13       0.48     8632.48    11002.47     9723   
16374869.00    3222       1933       5155       4278       5567       9845       9845       1.13       0.47     8705.23    10929.73     9845   
16499868.00    3229       1900       5129       4271       5600       9871       9871       1.13       0.47     8723.97    10910.98     9871   
16624867.00    3186       1817       5003       4314       5683       9997       9997       1.13       0.46     8867.04    10767.92     9997   
16749866.00    3118       1811       4929       4382       5689      10071      10071       1.13       0.46     8947.10    10687.86    10071   
16874865.00    3170       1758       4928       4330       5742      10072      10072       1.12       0.46     8989.13    10645.83    10072   
16999864.00    3114       1715       4829       4386       5785      10171      10171       1.12       0.46     9109.85    10525.11    10171   
17124863.00    3212       1793       5005       4288       5707       9995       9995       1.11       0.47     8965.88    10669.07     9995   
17249862.00    3187       1803       4990       4313       5697      10010      10010       1.12       0.47     8934.76    10700.20    10010   
17374861.00    3127       1739       4866       4373       5761      10134      10134       1.12       0.46     9012.55    10622.41    10134   
17499860.00    3152       1722       4874       4348       5778      10126      10126       1.12       0.46     9021.47    10613.48    10126   
17624859.00    3150       1694       4844       4350       5806      10156      10156       1.12       0.46     9071.11    10563.84    10156   
17749858.00    3143       1738       4881       4357       5762      10119      10119       1.11       0.46     9075.76    10559.20    10119   
17874857.00    3384       2076       5460       4116       5424       9540       9540       1.13       0.49     8439.41    11195.55     9540   
17999856.00    3346       2048       5394       4154       5452       9606       9606       1.13       0.49     8523.17    11111.79     9606   
18124855.00    3505       2232       5737       3995       5268       9263       9263       1.13       0.50     8172.85    11462.10     9263   
18249854.00    3420       2164       5584       4080       5336       9416       9416       1.12       0.50     8398.48    11236.48     9416   
18374853.00    3434       2226       5660       4066       5274       9340       9340       1.13       0.50     8276.91    11358.05     9340   
18499852.00    3355       2103       5458       4145       5397       9542       9542       1.12       0.49     8495.98    11138.97     9542   
18624851.00    3438       2170       5608       4062       5330       9392       9392       1.13       0.50     8330.00    11304.96     9392   
18749850.00    3261       2001       5262       4239       5499       9738       9738       1.12       0.48     8696.43    10938.53     9738   
18874849.00    3215       1912       5127       4285       5588       9873       9873       1.12       0.48     8852.68    10782.28     9873   
18999848.00    3239       1870       5109       4261       5630       9891       9891       1.12       0.47     8803.66    10831.30     9891   
19124847.00    3138       1780       4918       4362       5720      10082      10082       1.12       0.46     8965.36    10669.60    10082   
19249846.00    3111       1790       4901       4389       5710      10099      10099       1.12       0.46     8996.79    10638.16    10099   
19374845.00    3078       1686       4764       4422       5814      10236      10236       1.13       0.45     9093.19    10541.77    10236   
19499844.00    3062       1666       4728       4438       5834      10272      10272       1.12       0.45     9149.70    10485.25    10272   
19624843.00    3094       1777       4871       4406       5723      10129      10129       1.12       0.46     9075.17    10559.78    10129   
19749842.00    3098       1774       4872       4402       5726      10128      10128       1.11       0.46     9099.75    10535.21    10128   
19874841.00    3076       1725       4801       4424       5775      10199      10199       1.11       0.46     9174.58    10460.37    10199   
19999840.00    3208       1896       5104       4292       5604       9896       9896       1.10       0.48     8960.61    10674.35     9896   
20124839.00    3186       1854       5040       4314       5646       9960       9960       1.11       0.47     8990.60    10644.35     9960   
20249838.00    3241       1867       5108       4259       5633       9892       9892       1.12       0.47     8845.97    10788.98     9892   
20374837.00    3219       1880       5099       4281       5620       9901       9901       1.11       0.47     8884.66    10750.29     9901   
20499836.00    3153       1815       4968       4347       5685      10032      10032       1.11       0.47     9013.94    10621.01    10032   
20624835.00    3289       1971       5260       4211       5529       9740       9740       1.11       0.48     8748.91    10886.04     9740   
20749834.00    3356       2058       5414       4144       5442       9586       9586       1.11       0.49     8620.46    11014.49     9586   
20874833.00    3279       2007       5286       4221       5493       9714       9714       1.11       0.49     8755.10    10879.85     9714   
20999832.00    3349       2007       5356       4151       5493       9644       9644       1.11       0.49     8701.91    10933.04     9644   
21124831.00    3344       2040       5384       4156       5460       9616       9616       1.11       0.49     8658.13    10976.82     9616   
21249830.00    3547       2235       5782       3953       5265       9218       9218       1.12       0.51     8227.78    11407.18     9218   
21374829.00    3806       2642       6448       3694       4858       8552       8552       1.13       0.53     7545.19    12089.77     8552   
21499828.00    3746       2515       6261       3754       4985       8739       8739       1.14       0.52     7671.04    11963.91     8739   
21624827.00    3688       2475       6163       3812       5025       8837       8837       1.13       0.52     7800.93    11834.03     8837   
21749826.00    3571       2320       5891       3929       5180       9109       9109       1.13       0.51     8057.16    11577.80     9109   
21874825.00    3463       2148       5611       4037       5352       9389       9389       1.13       0.50     8312.49    11322.46     9389   
21999824.00    3408       2033       5441       4092       5467       9559       9559       1.12       0.49     8510.72    11124.24     9559   
22124823.00    3359       2016       5375       4141       5484       9625       9625       1.12       0.49     8630.84    11004.12     9625   
22249822.00    3265       1928       5193       4235       5572       9807       9807       1.11       0.48     8850.56    10784.40     9807   
22374821.00    3427       2052       5479       4073       5448       9521       9521       1.11       0.49     8557.81    11077.15     9521   
22499820.00    3355       2014       5369       4145       5486       9631       9631       1.11       0.49     8675.81    10959.15     9631   
22624819.00    3388       2025       5413       4112       5475       9587       9587       1.11       0.49     8603.96    11031.00     9587   
22749818.00    3429       2082       5511       4071       5418       9489       9489       1.11       0.50     8523.20    11111.76     9489   
22874817.00    3516       2207       5723       3984       5293       9277       9277       1.11       0.51     8320.67    11314.28     9277   
22999816.00    3443       2096       5539       4057       5404       9461       9461       1.11       0.50     8488.95    11146.01     9461   
23124815.00    3481       2118       5599       4019       5382       9401       9401       1.12       0.50     8385.66    11249.30     9401   
23249814.00    3385       2061       5446       4115       5439       9554       9554       1.13       0.49     8469.19    11165.76     9554   
23374813.00    3329       1955       5284       4171       5545       9716       9716       1.13       0.48     8606.16    11028.79     9716   
23499812.00    3272       1928       5200       4228       5572       9800       9800       1.14       0.47     8624.00    11010.95     9800   
23624811.00    3198       1889       5087       4302       5611       9913       9913       1.13       0.47     8751.11    10883.85     9913   
23749810.00    3155       1849       5004       4345       5651       9996       9996       1.13       0.46     8827.79    10807.16     9996   
23874809.00    3099       1795       4894       4401       5705      10106      10106       1.13       0.46     8954.64    10680.32    10106   
23999808.00    3033       1678       4711       4467       5822      10289      10289       1.13       0.45     9143.35    10491.61    10289   
24124807.00    3069       1663       4732       4431       5837      10268      10268       1.12       0.45     9140.99    10493.96    10268   
24249806.00    2999       1647       4646       4501       5853      10354      10354       1.12       0.45     9211.12    10423.83    10354   
24374805.00    3102       1687       4789       4398       5813      10211      10211       1.12       0.45     9092.70    10542.26    10211   
24499804.00    3076       1695       4771       4424       5805      10229      10229       1.13       0.45     9069.14    10565.82    10229   
24624803.00    2974       1600       4574       4526       5900      10426      10426       1.13       0.44     9223.03    10411.93    10426   
24749802.00    3043       1604       4647       4457       5896      10353      10353       1.13       0.44     9178.90    10456.05    10353   
24874801.00    2987       1540       4527       4513       5960      10473      10473       1.12       0.44     9314.05    10320.91    10473   
24999800.00    3103       1650       4753       4397       5850      10247      10247       1.12       0.45     9121.64    10513.32    10247   
25124799.00    3198       1835       5033       4302       5665       9967       9967       1.13       0.47     8839.37    10795.58     9967   
25249798.00    3199       1794       4993       4301       5706      10007      10007       1.13       0.46     8882.48    10752.47    10007   
25374797.00    3204       1783       4987       4296       5717      10013      10013       1.12       0.46     8901.44    10733.51    10013   
25499796.00    3201       1751       4952       4299       5749      10048      10048       1.13       0.46     8916.06    10718.89    10048   
25624795.00    3167       1740       4907       4333       5760      10093      10093       1.13       0.46     8965.54    10669.41    10093   
25749794.00    3143       1700       4843       4357       5800      10157      10157       1.12       0.46     9075.55    10559.41    10157   
25874793.00    3170       1681       4851       4330       5819      10149      10149       1.11       0.46     9127.94    10507.02    10149   
25999792.00    3194       1702       4896       4306       5798      10104      10104       1.12       0.46     9038.78    10596.18    10104   
26124791.00    3197       1769       4966       4303       5731      10034      10034       1.12       0.47     8980.38    10654.58    10034   
26249790.00    3228       1886       5114       4272       5614       9886       9886       1.12       0.47     8811.32    10823.64     9886   
26374789.00    3201       1789       4990       4299       5711      10010      10010       1.12       0.47     8956.58    10678.38    10010   
26499788.00    3250       1892       5142       4250       5608       9858       9858       1.12       0.47     8802.61    10832.34     9858   
26624787.00    3517       2380       5897       3983       5120       9103       9103       1.12       0.51     8092.75    11542.20     9103   
26749786.00    3536       2356       5892       3964       5144       9108       9108       1.12       0.51     8143.64    11491.32     9108   
26874785.00    3519       2303       5822       3981       5197       9178       9178       1.12       0.51     8217.57    11417.38     9178   
26999784.00    3594       2362       5956       3906       5138       9044       9044       1.12       0.51     8064.43    11570.53     9044   
27124783.00    3600       2338       5938       3900       5162       9062       9062       1.12       0.51     8102.95    11532.00     9062   
27249782.00    3575       2287       5862       3925       5213       9138       9138       1.12       0.51     8183.72    11451.24     9138   
27374781.00    3680       2360       6040       3820       5140       8960       8960       1.11       0.52     8060.18    11574.78     8960   
27499780.00    3550       2239       5789       3950       5261       9211       9211       1.12       0.51     8230.84    11404.11     9211   
27624779.00    3679       2298       5977       3821       5202       9023       9023       1.13       0.51     8008.42    11626.54     9023   
27749778.00    3601       2229       5830       3899       5271       9170       9170       1.14       0.50     8075.94    11559.02     9170   
27874777.00    3520       2130       5650       3980       5370       9350       9350       1.13       0.50     8304.25    11330.70     9350   
27999776.00    3450       2096       5546       4050       5404       9454       9454       1.13       0.49     8359.06    11275.89     9454   
28124775.00    3526       2113       5639       3974       5387       9361       9361       1.12       0.50     8344.70    11290.26     9361   
28249774.00    3589       2188       5777       3911       5312       9223       9223       1.13       0.50     8165.42    11469.54     9223   
28374773.00    3594       2199       5793       3906       5301       9207       9207       1.14       0.50     8103.88    11531.08     9207   
28499772.00    3515       2089       5604       3985       5411       9396       9396       1.13       0.49     8309.60    11325.36     9396   
28624771.00    3555       2091       5646       3945       5409       9354       9354       1.13       0.50     8280.34    11354.62     9354   
28749770.00    3609       2200       5809       3891       5300       9191       9191       1.13       0.50     8131.27    11503.68     9191   
28874769.00    3531       2066       5597       3969       5434       9403       9403       1.12       0.50     8397.55    11237.41     9403   
28999768.00    3536       2046       5582       3964       5454       9418       9418       1.12       0.50     8373.56    11261.40     9418   
29124767.00    3504       1987       5491       3996       5513       9509       9509       1.13       0.49     8437.70    11197.26     9509   
29249766.00    3445       1950       5395       4055       5550       9605       9605       1.13       0.48     8492.15    11142.80     9605   
29374765.00    3369       1867       5236       4131       5633       9764       9764       1.13       0.48     8612.76    11022.19     9764   
29499764.00    3250       1793       5043       4250       5707       9957       9957       1.13       0.47     8808.19    10826.76     9957   
29624763.00    3217       1774       4991       4283       5726      10009      10009       1.13       0.46     8856.18    10778.77    10009   
29749762.00    3188       1726       4914       4312       5774      10086      10086       1.13       0.46     8913.10    10721.85    10086   
29874761.00    3222       1692       4914       4278       5808      10086      10086       1.13       0.46     8921.95    10713.00    10086   
29999760.00    3158       1677       4835       4342       5823      10165      10165       1.12       0.46     9053.91    10581.04    10165   
30124759.00    3215       1718       4933       4285       5782      10067      10067       1.12       0.46     9002.41    10632.54    10067   
30249758.00    3326       1825       5151       4174       5675       9849       9849       1.12       0.47     8789.19    10845.76     9849   
30374757.00    3220       1805       5025       4280       5695       9975       9975       1.11       0.47     8967.77    10667.19     9975   
30499756.00    3366       1893       5259       4134       5607       9741       9741       1.11       0.48     8740.75    10894.21     9741   
30624755.00    3350       1860       5210       4150       5640       9790       9790       1.12       0.48     8759.00    10875.96     9790   
30749754.00    3422       1920       5342       4078       5580       9658       9658       1.12       0.48     8609.37    11025.59     9658   
30874753.00    3436       2000       5436       4064       5500       9564       9564       1.12       0.49     8541.74    11093.21     9564   
30999752.00    3374       1992       5366       4126       5508       9634       9634       1.13       0.48     8554.25    11080.70     9634   
31124751.00    3302       1836       5138       4198       5664       9862       9862       1.13       0.47     8755.17    10879.79     9862   
31249750.00    3351       1927       5278       4149       5573       9722       9722       1.13       0.48     8568.92    11066.03     9722   
31374749.00    3273       1834       5107       4227       5666       9893       9893       1.13       0.47     8754.37    10880.58     9893   
31499748.00    3207       1758       4965       4293       5742      10035      10035       1.12       0.46     8942.44    10692.51    10035   
31624747.00    3193       1719       4912       4307       5781      10088      10088       1.12       0.46     9012.31    10622.64    10088   
31749746.00    3260       1760       5020       4240       5740       9980       9980       1.12       0.47     8922.08    10712.87     9980   
31874745.00    3204       1703       4907       4296       5797      10093      10093       1.11       0.46     9065.31    10569.65    10093   
31999744.00    3232       1749       4981       4268       5751      10019      10019       1.12       0.47     8942.41    10692.54    10019   
32124743.00    3244       1734       4978       4256       5766      10022      10022       1.12       0.47     8950.16    10684.80    10022   
32249742.00    3212       1730       4942       4288       5770      10058      10058       1.12       0.46     8977.36    10657.59    10058   
32374741.00    3206       1812       5018       4294       5688       9982       9982       1.12       0.47     8889.60    10745.36     9982   
32499740.00    3256       1863       5119       4244       5637       9881       9881       1.12       0.47     8819.52    10815.44     9881   
32624739.00    3184       1789       4973       4316       5711      10027      10027       1.12       0.47     8977.68    10657.27    10027   
32749738.00    3100       1682       4782       4400       5818      10218      10218       1.11       0.46     9231.11    10403.85    10218   
32874737.00    3058       1689       4747       4442       5811      10253      10253       1.09       0.46     9375.52    10259.43    10253   
32999736.00    3058       1743       4801       4442       5757      10199      10199       1.09       0.47     9337.22    10297.74    10199   
33124735.00    3164       1775       4939       4336       5725      10061      10061       1.09       0.47     9209.36    10425.60    10061   
33249734.00    3191       1878       5069       4309       5622       9931       9931       1.08       0.48     9155.93    10479.02     9931   
33374733.00    3260       1962       5222       4240       5538       9778       9778       1.10       0.49     8925.84    10709.12     9778   
33499732.00    3419       2039       5458       4081       5461       9542       9542       1.10       0.50     8669.06    10965.89     9542   
33624731.00    3396       1989       5385       4104       5511       9615       9615       1.10       0.49     8729.40    10905.55     9615   
33749730.00    3376       1997       5373       4124       5503       9627       9627       1.11       0.49     8707.96    10927.00     9627   
33874729.00    3282       1940       5222       4218       5560       9778       9778       1.10       0.49     8926.04    10708.92     9778   
33999728.00    3283       1799       5082       4217       5701       9918       9918       1.11       0.48     8969.86    10665.09     9918   
34124727.00    3245       1758       5003       4255       5742       9997       9997       1.11       0.47     9039.21    10595.75     9997   
34249726.00    3150       1688       4838       4350       5812      10162      10162       1.10       0.46     9221.52    10413.44    10162   
34374725.00    3285       1799       5084       4215       5701       9916       9916       1.10       0.48     9010.71    10624.24     9916   
34499724.00    3239       1820       5059       4261       5680       9941       9941       1.10       0.48     9045.73    10589.23     9941   
34624723.00    3175       1833       5008       4325       5667       9992       9992       1.10       0.48     9116.12    10518.84     9992   
34749722.00    3241       1810       5051       4259       5690       9949       9949       1.09       0.48     9105.43    10529.52     9949   
34874721.00    3590       2290       5880       3910       5210       9120       9120       1.09       0.52     8332.44    11302.52     9120   
34999720.00    3803       2516       6319       3697       4984       8681       8681       1.10       0.54     7913.15    11721.81     8681   
35124719.00    3660       2479       6139       3840       5021       8861       8861       1.10       0.53     8075.29    11559.67     8861   
35249718.00    3845       2530       6375       3655       4970       8625       8625       1.10       0.54     7833.43    11801.53     8625   
35374717.00    3576       2215       5791       3924       5285       9209       9209       1.09       0.52     8442.21    11192.75     9209   
35499716.00    3532       2191       5723       3968       5309       9277       9277       1.09       0.52     8532.11    11102.84     9277   
35624715.00    3736       2400       6136       3764       5100       8864       8864       1.09       0.53     8153.75    11481.21     8864   
35749714.00    3663       2302       5965       3837       5198       9035       9035       1.09       0.53     8288.17    11346.78     9035   
35874713.00    3847       2464       6311       3653       5036       8689       8689       1.10       0.54     7923.21    11711.74     8689   
35999712.00    3839       2548       6387       3661       4952       8613       8613       1.09       0.54     7891.15    11743.80     8613   
36124711.00    3715       2373       6088       3785       5127       8912       8912       1.10       0.53     8135.24    11499.71     8912   
36249710.00    3731       2438       6169       3769       5062       8831       8831       1.09       0.53     8102.13    11532.83     8831   
36374709.00    3644       2257       5901       3856       5243       9099       9099       1.09       0.52     8349.52    11285.44     9099   
36499708.00    3651       2254       5905       3849       5246       9095       9095       1.09       0.52     8353.13    11281.83     9095   
36624707.00    3674       2294       5968       3826       5206       9032       9032       1.09       0.53     8292.71    11342.25     9032   
36749706.00    3595       2265       5860       3905       5235       9140       9140       1.10       0.52     8321.17    11313.78     9140   
36874705.00    3563       2158       5721       3937       5342       9279       9279       1.10       0.51     8402.05    11232.90     9279   
36999704.00    3906       2761       6667       3594       4739       8333       8333       1.12       0.55     7456.67    12178.29     8333   
37124703.00    3882       2679       6561       3618       4821       8439       8439       1.12       0.54     7532.24    12102.72     8439   
37249702.00    3783       2597       6380       3717       4903       8620       8620       1.11       0.54     7734.85    11900.10     8620   
37374701.00    3323       1930       5253       4177       5570       9747       9747       1.09       0.49     8907.95    10727.00     9747   
37499700.00    3616       2366       5982       3884       5134       9018       9018       1.11       0.52     8139.56    11495.39     9018   
37624699.00    3626       2327       5953       3874       5173       9047       9047       1.12       0.52     8096.95    11538.00     9047   
37749698.00    3461       2193       5654       4039       5307       9346       9346       1.11       0.50     8390.46    11244.49     9346   
37874697.00    3509       2257       5766       3991       5243       9234       9234       1.12       0.51     8255.82    11379.14     9234   
37999696.00    3461       2212       5673       4039       5288       9327       9327       1.12       0.50     8295.79    11339.17     9327   
38124695.00    3453       2169       5622       4047       5331       9378       9378       1.13       0.50     8280.85    11354.11     9378   
38249694.00    3418       2122       5540       4082       5378       9460       9460       1.13       0.49     8365.77    11269.19     9460   
38374693.00    3324       2042       5366       4176       5458       9634       9634       1.13       0.48     8543.04    11091.92     9634   
38499692.00    3283       1942       5225       4217       5558       9775       9775       1.12       0.48     8705.92    10929.03     9775   
38624691.00    3244       1887       5131       4256       5613       9869       9869       1.12       0.47     8773.03    10861.92     9869   
38749690.00    3275       1893       5168       4225       5607       9832       9832       1.13       0.47     8713.15    10921.80     9832   
38874689.00    3261       1916       5177       4239       5584       9823       9823       1.13       0.47     8667.71    10967.25     9823   
38999688.00    3282       1905       5187       4218       5595       9813       9813       1.14       0.47     8639.05    10995.91     9813   
39124687.00    3255       1845       5100       4245       5655       9900       9900       1.13       0.47     8729.94    10905.01     9900   
39249686.00    3136       1784       4920       4364       5716      10080      10080       1.13       0.46     8911.03    10723.93    10080   
39374685.00    3080       1739       4819       4420       5761      10181      10181       1.12       0.46     9053.05    10581.90    10181   
39499684.00    3015       1725       4740       4485       5775      10260      10260       1.12       0.45     9150.46    10484.50    10260   
39624683.00    2970       1675       4645       4530       5825      10355      10355       1.12       0.45     9260.00    10374.95    10355   
39749682.00    3055       1693       4748       4445       5807      10252      10252       1.12       0.45     9176.62    10458.33    10252   
39874681.00    3023       1723       4746       4477       5777      10254      10254       1.11       0.46     9232.60    10402.36    10254   
39999680.00    3002       1631       4633       4498       5869      10367      10367       1.11       0.45     9365.99    10268.97    10367   
40124679.00    2954       1572       4526       4546       5928      10474      10474       1.09       0.45     9569.39    10065.56    10474   
40249678.00    3158       1846       5004       4342       5654       9996       9996       1.09       0.48     9148.71    10486.24     9996   
40374677.00    3313       2085       5398       4187       5415       9602       9602       1.10       0.50     8747.18    10887.78     9602   
40499676.00    3373       2189       5562       4127       5311       9438       9438       1.11       0.50     8494.84    11140.12     9438   
40624675.00    3137       1977       5114       4363       5523       9886       9886       1.10       0.48     8978.19    10656.76     9886   
40749674.00    3121       2011       5132       4379       5489       9868       9868       1.10       0.48     8995.24    10639.72     9868   
40874673.00    3105       1932       5037       4395       5568       9963       9963       1.11       0.47     9006.53    10628.42     9963   
40999672.00    3076       1833       4909       4424       5667      10091      10091       1.10       0.47     9161.08    10473.88    10091   
41124671.00    2924       1670       4594       4576       5830      10406      10406       1.10       0.45     9430.80    10204.15    10406   
41249670.00    2918       1751       4669       4582       5749      10331      10331       1.10       0.46     9374.12    10260.84    10331   
41374669.00    2929       1744       4673       4571       5756      10327      10327       1.10       0.46     9385.49    10249.47    10327   
41499668.00    2914       1715       4629       4586       5785      10371      10371       1.11       0.45     9337.25    10297.71    10371   
41624667.00    3005       1842       4847       4495       5658      10153      10153       1.11       0.46     9159.29    10475.67    10153   
41749666.00    3026       1798       4824       4474       5702      10176      10176       1.11       0.46     9140.22    10494.74    10176   
41874665.00    3085       1956       5041       4415       5544       9959       9959       1.12       0.47     8922.20    10712.75     9959   
41999664.00    3074       1780       4854       4426       5720      10146      10146       1.11       0.46     9105.02    10529.94    10146   
42124663.00    3053       1798       4851       4447       5702      10149      10149       1.11       0.46     9123.31    10511.64    10149   
42249662.00    3141       1921       5062       4359       5579       9938       9938       1.12       0.47     8862.16    10772.79     9938   
42374661.00    3006       1707       4713       4494       5793      10287      10287       1.12       0.45     9157.38    10477.57    10287   
42499660.00    2914       1630       4544       4586       5870      10456      10456       1.11       0.44     9390.43    10244.52    10456   
42624659.00    3229       2023       5252       4271       5477       9748       9748       1.12       0.48     8723.87    10911.09     9748   
42749658.00    3221       2022       5243       4279       5478       9757       9757       1.12       0.48     8743.26    10891.70     9757   
42874657.00    3189       2021       5210       4311       5479       9790       9790       1.11       0.48     8785.81    10849.14     9790   
42999656.00    3174       1929       5103       4326       5571       9897       9897       1.12       0.47     8839.80    10795.16     9897   
43124655.00    3118       1810       4928       4382       5690      10072      10072       1.12       0.46     9029.74    10605.21    10072   
43249654.00    3059       1772       4831       4441       5728      10169      10169       1.11       0.46     9170.58    10464.38    10169   
43374653.00    3085       1804       4889       4415       5696      10111      10111       1.12       0.46     9017.14    10617.82    10111   
43499652.00    3187       1959       5146       4313       5541       9854       9854       1.13       0.47     8733.73    10901.22     9854   
43624651.00    3216       1941       5157       4284       5559       9843       9843       1.13       0.47     8736.69    10898.27     9843   
43749650.00    3071       1809       4880       4429       5691      10120      10120       1.13       0.46     8961.96    10673.00    10120   
43874649.00    3020       1729       4749       4480       5771      10251      10251       1.13       0.45     9105.73    10529.23    10251   
43999648.00    3053       1756       4809       4447       5744      10191      10191       1.13       0.45     9056.23    10578.73    10191   
44124647.00    3107       1773       4880       4393       5727      10120      10120       1.12       0.46     9042.93    10592.03    10120   
44249646.00    3184       1853       5037       4316       5647       9963       9963       1.12       0.47     8907.93    10727.03     9963   
44374645.00    3197       1773       4970       4303       5727      10030      10030       1.12       0.47     8987.74    10647.21    10030   
44499644.00    3108       1730       4838       4392       5770      10162      10162       1.11       0.46     9130.14    10504.82    10162   
44624643.00    3202       1873       5075       4298       5627       9925       9925       1.11       0.47     8925.17    10709.79     9925   
44749642.00    3248       1961       5209       4252       5539       9791       9791       1.11       0.48     8787.19    10847.76     9791   
44874641.00    3171       1840       5011       4329       5660       9989       9989       1.12       0.47     8956.57    10678.39     9989   
44999640.00    3198       1868       5066       4302       5632       9934       9934       1.12       0.47     8863.49    10771.46     9934   
45124639.00    3167       1791       4958       4333       5709      10042      10042       1.12       0.46     8963.94    10671.02    10042   
45249638.00    3184       1827       5011       4316       5673       9989       9989       1.13       0.47     8873.57    10761.38     9989   
45374637.00    3220       1865       5085       4280       5635       9915       9915       1.12       0.47     8874.67    10760.28     9915   
45499636.00    3280       1949       5229       4220       5551       9771       9771       1.12       0.48     8707.59    10927.37     9771   
45624635.00    3260       1841       5101       4240       5659       9899       9899       1.12       0.47     8862.41    10772.55     9899   
45749634.00    3316       1884       5200       4184       5616       9800       9800       1.12       0.48     8776.96    10857.99     9800   
45874633.00    3234       1880       5114       4266       5620       9886       9886       1.11       0.48     8873.65    10761.30     9886   
45999632.00    3200       1891       5091       4300       5609       9909       9909       1.12       0.47     8869.35    10765.61     9909   
46124631.00    3287       1869       5156       4213       5631       9844       9844       1.12       0.48     8792.19    10842.77     9844   
46249630.00    3246       1848       5094       4254       5652       9906       9906       1.11       0.48     8921.81    10713.15     9906   
46374629.00    3366       1967       5333       4134       5533       9667       9667       1.12       0.49     8659.88    10975.07     9667   
46499628.00    3491       2201       5692       4009       5299       9308       9308       1.12       0.50     8280.94    11354.01     9308   
46624627.00    3358       2089       5447       4142       5411       9553       9553       1.13       0.49     8489.88    11145.07     9553   
46749626.00    3314       2032       5346       4186       5468       9654       9654       1.12       0.49     8621.62    11013.33     9654   
46874625.00    3286       1961       5247       4214       5539       9753       9753       1.11       0.48     8765.56    10869.40     9753   
46999624.00    3472       2136       5608       4028       5364       9392       9392       1.11       0.50     8437.98    11196.97     9392   
47124623.00    3523       2141       5664       3977       5359       9336       9336       1.11       0.50     8389.41    11245.55     9336   
47249622.00    3425       2092       5517       4075       5408       9483       9483       1.12       0.49     8473.51    11161.45     9483   
47374621.00    3268       1963       5231       4232       5537       9769       9769       1.12       0.48     8742.91    10892.05     9769   
47499620.00    3250       1857       5107       4250       5643       9893       9893       1.12       0.47     8870.60    10764.36     9893   
47624619.00    3265       1898       5163       4235       5602       9837       9837       1.11       0.48     8825.91    10809.05     9837   
47749618.00    3176       1785       4961       4324       5715      10039      10039       1.11       0.47     9011.80    10623.15    10039   
47874617.00    3113       1727       4840       4387       5773      10160      10160       1.11       0.46     9164.17    10470.78    10160   
47999616.00    3203       1747       4950       4297       5753      10050      10050       1.10       0.47     9109.01    10525.95    10050   
48124615.00    3207       1775       4982       4293       5725      10018      10018       1.10       0.47     9086.10    10548.86    10018   
48249614.00    3323       1938       5261       4177       5562       9739       9739       1.11       0.49     8810.82    10824.14     9739   
48374613.00    3184       1879       5063       4316       5621       9937       9937       1.10       0.48     8995.89    10639.06     9937   
48499612.00    3100       1777       4877       4400       5723      10123      10123       1.11       0.46     9142.54    10492.41    10123   
48624611.00    3174       1839       5013       4326       5661       9987       9987       1.11       0.47     9031.95    10603.01     9987   
48749610.00    3226       1843       5069       4274       5657       9931       9931       1.11       0.47     8922.51    10712.45     9931   
48874609.00    3188       1806       4994       4312       5694      10006      10006       1.11       0.47     9050.51    10584.44    10006   
48999608.00    3127       1759       4886       4373       5741      10114      10114       1.11       0.46     9110.40    10524.56    10114   
49124607.00    3106       1714       4820       4394       5786      10180      10180       1.11       0.46     9179.39    10455.56    10180   
49249606.00    3071       1687       4758       4429       5813      10242      10242       1.11       0.46     9266.56    10368.40    10242   
49374605.00    3068       1706       4774       4432       5794      10226      10226       1.10       0.46     9281.41    10353.54    10226   
49499604.00    3163       1816       4979       4337       5684      10021      10021       1.10       0.47     9108.17    10526.79    10021   
49624603.00    3098       1795       4893       4402       5705      10107      10107       1.10       0.47     9163.14    10471.81    10107   
49749602.00    3110       1861       4971       4390       5639      10029      10029       1.11       0.47     9035.61    10599.34    10029   
49874601.00    2986       1760       4746       4514       5740      10254      10254       1.11       0.46     9216.35    10418.61    10254   
49999600.00    2992       1721       4713       4508       5779      10287      10287       1.10       0.46     9340.34    10294.61    10287   
