 Timestep    Gas_A      Gas_B     Gas_tot    Dense_A    Dense_B   Dense_tot   Lg_clust  DP_density GP_density Clust_area  Gas_area     MCS    
   0.00       3000      12000      15000        0          0          0          4         0.00       0.76       0.00     19634.96      0     
124999.00     2806      11114      13920       194        886        1080       1080       0.94       0.75     1146.18    18488.77     1080   
249998.00     2132       8428      10560       868        3572       4440       1867       0.97       0.70     4592.16    15042.79     1480   
374997.00     1886       7433       9319       1114       4567       5681       1700       1.01       0.66     5599.82    14035.14     1420   
499996.00     1094       3903       4997       1906       8097      10003       7270       1.03       0.51     9757.38    9877.57      5001   
624995.00     1253       4585       5838       1747       7415       9162       3535       1.06       0.53     8654.05    10980.90     2290   
749994.00     1165       4180       5345       1835       7820       9655       5874       1.08       0.50     8931.59    10703.36     3218   
874993.00     1062       3793       4855       1938       8207      10145       7588       1.09       0.47     9284.44    10350.51     5072   
999992.00     706        2466       3172       2294       9534      11828       8804       1.08       0.36     10902.86   8732.09      3942   
1124991.00    926        3222       4148       2074       8778      10852      10852       1.10       0.42     9833.49    9801.46     10852   
1249990.00    797        2818       3615       2203       9182      11385      11385       1.11       0.39     10278.02   9356.93     11385   
1374989.00    774        2593       3367       2226       9407      11633      11633       1.11       0.37     10435.63   9199.33     11633   
1499988.00    709        2476       3185       2291       9524      11815      11815       1.11       0.35     10660.05   8974.90     11815   
1624987.00    674        2371       3045       2326       9629      11955      11955       1.12       0.34     10678.13   8956.83     11955   
1749986.00    677        2254       2931       2323       9746      12069      12069       1.12       0.33     10785.08   8849.87     12069   
1874985.00    688        2276       2964       2312       9724      12036      12036       1.12       0.33     10719.39   8915.56     12036   
1999984.00    622        2188       2810       2378       9812      12190      12190       1.13       0.32     10774.92   8860.03     12190   
2124983.00    562        1994       2556       2438      10006      12444      12444       1.13       0.29     10965.10   8669.85     12444   
2249982.00    567        1881       2448       2433      10119      12552      12552       1.13       0.29     11116.33   8518.62     12552   
2374981.00    568        1910       2478       2432      10090      12522      12522       1.13       0.29     11130.45   8504.50     12522   
2499980.00    584        1933       2517       2416      10067      12483      12483       1.13       0.29     11054.20   8580.76     12483   
2624979.00    514        1733       2247       2486      10267      12753      12753       1.13       0.27     11299.71   8335.24     12753   
2749978.00    494        1728       2222       2506      10272      12778      12778       1.13       0.27     11297.96   8336.99     12778   
2874977.00    492        1639       2131       2508      10361      12869      12869       1.14       0.26     11332.67   8302.28     12869   
2999976.00    475        1758       2233       2525      10242      12767      12767       1.13       0.27     11258.17   8376.78     12767   
3124975.00    493        1644       2137       2507      10356      12863      12863       1.14       0.26     11318.42   8316.53     12863   
3249974.00    504        1654       2158       2496      10346      12842      12842       1.14       0.26     11292.77   8342.18     12842   
3374973.00    553        1914       2467       2447      10086      12533      12533       1.15       0.28     10922.02   8712.94     12533   
3499972.00    515        1656       2171       2485      10344      12829      12829       1.14       0.26     11258.64   8376.32     12829   
3624971.00    541        1751       2292       2459      10249      12708      12708       1.14       0.27     11156.89   8478.07     12708   
3749970.00    458        1629       2087       2542      10371      12913      12913       1.15       0.25     11229.81   8405.15     12913   
3874969.00    424        1454       1878       2576      10546      13122      13122       1.14       0.23     11469.00   8165.95     13122   
3999968.00    441        1542       1983       2559      10458      13017      13017       1.14       0.24     11434.00   8200.95     13017   
4124967.00    436        1472       1908       2564      10528      13092      13092       1.14       0.24     11519.03   8115.92     13092   
4249966.00    484        1741       2225       2516      10259      12775      12775       1.14       0.26     11179.32   8455.64     12775   
4374965.00    437        1512       1949       2563      10488      13051      13051       1.15       0.23     11331.94   8303.01     13051   
4499964.00    425        1442       1867       2575      10558      13133      13133       1.15       0.23     11399.58   8235.37     13133   
4624963.00    414        1498       1912       2586      10502      13088      13088       1.15       0.23     11371.32   8263.64     13088   
4749962.00    426        1546       1972       2574      10454      13028      13028       1.15       0.24     11320.60   8314.36     13028   
4874961.00    409        1542       1951       2591      10458      13049      13049       1.15       0.24     11380.23   8254.73     13049   
4999960.00    429        1628       2057       2571      10372      12943      12943       1.15       0.24     11211.88   8423.07     12943   
5124959.00    455        1619       2074       2545      10381      12926      12926       1.16       0.25     11184.67   8450.29     12926   
5249958.00    462        1652       2114       2538      10348      12886      12886       1.15       0.25     11177.02   8457.93     12886   
5374957.00    420        1535       1955       2580      10465      13045      13045       1.15       0.24     11341.35   8293.60     13045   
5499956.00    424        1492       1916       2576      10508      13084      13084       1.14       0.23     11441.51   8193.45     13084   
5624955.00    468        1617       2085       2532      10383      12915      12915       1.15       0.25     11258.79   8376.16     12915   
5749954.00    407        1477       1884       2593      10523      13116      13116       1.15       0.23     11435.85   8199.11     13116   
5874953.00    455        1603       2058       2545      10397      12942      12942       1.14       0.25     11368.50   8266.45     12942   
5999952.00    451        1612       2063       2549      10388      12937      12937       1.14       0.25     11363.58   8271.38     12937   
6124951.00    487        1638       2125       2513      10362      12875      12875       1.13       0.26     11370.10   8264.85     12875   
6249950.00    511        1736       2247       2489      10264      12753      12753       1.13       0.27     11242.10   8392.86     12753   
6374949.00    455        1651       2106       2545      10349      12894      12894       1.13       0.25     11362.97   8271.99     12894   
6499948.00    488        1656       2144       2512      10344      12856      12856       1.14       0.26     11285.11   8349.85     12856   
6624947.00    473        1700       2173       2527      10300      12827      12827       1.14       0.26     11206.86   8428.10     12827   
6749946.00    470        1672       2142       2530      10328      12858      12858       1.14       0.26     11296.89   8338.07     12858   
6874945.00    506        1733       2239       2494      10267      12761      12761       1.15       0.26     11124.87   8510.09     12761   
6999944.00    460        1500       1960       2540      10500      13040      13040       1.15       0.24     11376.03   8258.93     13040   
7124943.00    478        1571       2049       2522      10429      12951      12951       1.14       0.25     11335.05   8299.90     12951   
7249942.00    530        1816       2346       2470      10184      12654      12654       1.14       0.28     11130.99   8503.97     12654   
7374941.00    541        1775       2316       2459      10225      12684      12684       1.14       0.27     11118.47   8516.48     12684   
7499940.00    517        1725       2242       2483      10275      12758      12758       1.14       0.26     11161.36   8473.59     12758   
7624939.00    539        1707       2246       2461      10293      12754      12754       1.15       0.26     11065.64   8569.31     12754   
7749938.00    484        1612       2096       2516      10388      12904      12904       1.15       0.25     11211.44   8423.51     12904   
7874937.00    463        1567       2030       2537      10433      12970      12970       1.15       0.24     11264.23   8370.73     12970   
7999936.00    460        1572       2032       2540      10428      12968      12968       1.15       0.24     11265.89   8369.07     12968   
8124935.00    476        1553       2029       2524      10447      12971      12971       1.14       0.25     11360.54   8274.42     12971   
8249934.00    541        1815       2356       2459      10185      12644      12644       1.14       0.27     11042.93   8592.02     12644   
8374933.00    538        1859       2397       2462      10141      12603      12603       1.15       0.28     10968.79   8666.16     12603   
8499932.00    500        1770       2270       2500      10230      12730      12730       1.15       0.27     11087.00   8547.96     12730   
8624931.00    472        1590       2062       2528      10410      12938      12938       1.15       0.25     11221.70   8413.26     12938   
8749930.00    459        1499       1958       2541      10501      13042      13042       1.16       0.23     11264.43   8370.53     13042   
8874929.00    507        1663       2170       2493      10337      12830      12830       1.16       0.25     11099.93   8535.02     12830   
8999928.00    506        1769       2275       2494      10231      12725      12725       1.16       0.26     11014.36   8620.60     12725   
9124927.00    490        1789       2279       2510      10211      12721      12721       1.15       0.27     11067.60   8567.35     12721   
9249926.00    471        1685       2156       2529      10315      12844      12844       1.16       0.25     11058.16   8576.79     12844   
9374925.00    410        1465       1875       2590      10535      13125      13125       1.16       0.23     11308.74   8326.21     13125   
9499924.00    405        1363       1768       2595      10637      13232      13232       1.16       0.22     11425.71   8209.24     13232   
9624923.00    414        1361       1775       2586      10639      13225      13225       1.16       0.22     11409.91   8225.05     13225   
9749922.00    430        1445       1875       2570      10555      13125      13125       1.15       0.23     11409.17   8225.79     13125   
9874921.00    433        1502       1935       2567      10498      13065      13065       1.15       0.24     11406.96   8227.99     13065   
9999920.00    433        1593       2026       2567      10407      12974      12974       1.15       0.24     11310.29   8324.67     12974   
10124919.00    478        1598       2076       2522      10402      12924      12924       1.15       0.25     11241.01   8393.94     12924   
10249918.00    445        1612       2057       2555      10388      12943      12943       1.16       0.24     11130.48   8504.48     12943   
10374917.00    413        1461       1874       2587      10539      13126      13126       1.16       0.23     11333.92   8301.04     13126   
10499916.00    441        1509       1950       2559      10491      13050      13050       1.16       0.23     11283.03   8351.92     13050   
10624915.00    476        1608       2084       2524      10392      12916      12916       1.16       0.24     11126.58   8508.37     12916   
10749914.00    404        1446       1850       2596      10554      13150      13150       1.16       0.22     11345.37   8289.59     13150   
10874913.00    397        1441       1838       2603      10559      13162      13162       1.15       0.22     11449.50   8185.46     13162   
10999912.00    432        1478       1910       2568      10522      13090      13090       1.15       0.23     11425.61   8209.34     13090   
11124911.00    465        1463       1928       2535      10537      13072      13072       1.14       0.23     11425.14   8209.81     13072   
11249910.00    437        1468       1905       2563      10532      13095      13095       1.14       0.23     11514.93   8120.02     13095   
11374909.00    514        1693       2207       2486      10307      12793      12793       1.14       0.26     11203.11   8431.85     12793   
11499908.00    527        1760       2287       2473      10240      12713      12713       1.14       0.27     11118.57   8516.39     12713   
11624907.00    487        1724       2211       2513      10276      12789      12789       1.14       0.26     11182.97   8451.99     12789   
11749906.00    501        1704       2205       2499      10296      12795      12795       1.14       0.26     11208.24   8426.72     12795   
11874905.00    494        1744       2238       2506      10256      12762      12762       1.14       0.26     11154.62   8480.33     12762   
11999904.00    482        1613       2095       2518      10387      12905      12905       1.14       0.25     11282.73   8352.22     12905   
12124903.00    490        1565       2055       2510      10435      12945      12945       1.14       0.25     11340.12   8294.83     12945   
12249902.00    508        1614       2122       2492      10386      12878      12878       1.14       0.25     11288.13   8346.83     12878   
12374901.00    549        1835       2384       2451      10165      12616      12616       1.14       0.28     11057.56   8577.39     12616   
12499900.00    569        1758       2327       2431      10242      12673      12673       1.15       0.27     11017.66   8617.29     12673   
12624899.00    497        1616       2113       2503      10384      12887      12887       1.15       0.25     11184.33   8450.63     12887   
12749898.00    473        1500       1973       2527      10500      13027      13027       1.15       0.24     11342.25   8292.71     13027   
12874897.00    441        1520       1961       2559      10480      13039      13039       1.14       0.24     11462.44   8172.51     13039   
12999896.00    437        1516       1953       2563      10484      13047      13047       1.14       0.24     11424.26   8210.70     13047   
13124895.00    481        1631       2112       2519      10369      12888      12888       1.15       0.25     11245.07   8389.88     12888   
13249894.00    475        1631       2106       2525      10369      12894      12894       1.14       0.25     11328.22   8306.73     12894   
13374893.00    455        1511       1966       2545      10489      13034      13034       1.14       0.24     11443.25   8191.70     13034   
13499892.00    414        1466       1880       2586      10534      13120      13120       1.14       0.23     11511.36   8123.60     13120   
13624891.00    472        1490       1962       2528      10510      13038      13038       1.13       0.24     11508.45   8126.51     13038   
13749890.00    472        1657       2129       2528      10343      12871      12871       1.13       0.26     11431.63   8203.32     12871   
13874889.00    495        1709       2204       2505      10291      12796      12796       1.13       0.26     11308.91   8326.05     12796   
13999888.00    515        1760       2275       2485      10240      12725      11471       1.13       0.27     11213.06   8421.89      6362   
14124887.00    511        1761       2272       2489      10239      12728      11488       1.15       0.27     11106.52   8528.43      6364   
14249886.00    520        1739       2259       2480      10261      12741      11486       1.14       0.27     11129.07   8505.88      6370   
14374885.00    495        1797       2292       2505      10203      12708      11521       1.15       0.27     11075.11   8559.85      6354   
14499884.00    509        1816       2325       2491      10184      12675      11529       1.15       0.27     11038.74   8596.21      6337   
14624883.00    521        1828       2349       2479      10172      12651      11633       1.15       0.27     11040.61   8594.34      6325   
14749882.00    728        2669       3397       2272       9331      11603      11603       1.16       0.35     9996.91    9638.04     11603   
14874881.00    697        2563       3260       2303       9437      11740      11740       1.16       0.34     10084.79   9550.17     11740   
14999880.00    665        2498       3163       2335       9502      11837      11837       1.16       0.33     10189.44   9445.52     11837   
15124879.00    446        1607       2053       2554      10393      12947      11918       1.15       0.24     11250.11   8384.85      6473   
15249878.00    434        1484       1918       2566      10516      13082      13082       1.14       0.23     11450.44   8184.52     13082   
15374877.00    478        1618       2096       2522      10382      12904      12904       1.14       0.25     11325.83   8309.13     12904   
15499876.00    489        1634       2123       2511      10366      12877      12877       1.14       0.25     11290.43   8344.52     12877   
15624875.00    478        1616       2094       2522      10384      12906      12906       1.14       0.25     11315.21   8319.75     12906   
15749874.00    472        1478       1950       2528      10522      13050      13050       1.14       0.24     11402.79   8232.16     13050   
15874873.00    500        1616       2116       2500      10384      12884      12884       1.15       0.25     11244.09   8390.86     12884   
15999872.00    500        1689       2189       2500      10311      12811      12811       1.16       0.25     11043.61   8591.35     12811   
16124871.00    518        1706       2224       2482      10294      12776      12776       1.16       0.26     10980.27   8654.68     12776   
16249870.00    489        1559       2048       2511      10441      12952      12952       1.17       0.24     11079.18   8555.77     12952   
16374869.00    492        1654       2146       2508      10346      12854      12854       1.16       0.25     11068.50   8566.45     12854   
16499868.00    460        1658       2118       2540      10342      12882      12882       1.16       0.25     11152.52   8482.44     12882   
16624867.00    458        1654       2112       2542      10346      12888      12888       1.16       0.25     11072.10   8562.86     12888   
16749866.00    439        1597       2036       2561      10403      12964      12964       1.17       0.24     11108.96   8525.99     12964   
16874865.00    452        1527       1979       2548      10473      13021      13021       1.16       0.23     11195.85   8439.10     13021   
16999864.00    426        1355       1781       2574      10645      13219      13219       1.16       0.22     11406.22   8228.73     13219   
17124863.00    421        1442       1863       2579      10558      13137      13137       1.16       0.22     11321.64   8313.31     13137   
17249862.00    408        1433       1841       2592      10567      13159      13159       1.15       0.22     11422.00   8212.96     13159   
17374861.00    442        1555       1997       2558      10445      13003      13003       1.15       0.24     11305.81   8329.14     13003   
17499860.00    450        1543       1993       2550      10457      13007      13007       1.16       0.24     11248.81   8386.15     13007   
17624859.00    479        1637       2116       2521      10363      12884      12884       1.16       0.25     11113.62   8521.34     12884   
17749858.00    464        1579       2043       2536      10421      12957      12957       1.17       0.24     11075.01   8559.95     12957   
17874857.00    418        1517       1935       2582      10483      13065      13065       1.17       0.23     11140.61   8494.34     13065   
17999856.00    404        1381       1785       2596      10619      13215      13215       1.16       0.22     11352.16   8282.79     13215   
18124855.00    413        1396       1809       2587      10604      13191      13191       1.16       0.22     11384.50   8250.46     13191   
18249854.00    429        1446       1875       2571      10554      13125      13125       1.16       0.22     11290.36   8344.59     13125   
18374853.00    408        1393       1801       2592      10607      13199      13199       1.16       0.22     11352.73   8282.22     13199   
18499852.00    384        1274       1658       2616      10726      13342      13342       1.16       0.20     11453.59   8181.36     13342   
18624851.00    353        1254       1607       2647      10746      13393      13393       1.15       0.20     11614.05   8020.91     13393   
18749850.00    385        1298       1683       2615      10702      13317      13317       1.15       0.21     11624.81   8010.15     13317   
18874849.00    433        1473       1906       2567      10527      13094      13094       1.14       0.23     11508.72   8126.23     13094   
18999848.00    453        1649       2102       2547      10351      12898      12898       1.14       0.25     11305.27   8329.69     12898   
19124847.00    472        1759       2231       2528      10241      12769      12769       1.15       0.26     11114.25   8520.71     12769   
19249846.00    446        1606       2052       2554      10394      12948      12948       1.15       0.24     11232.70   8402.26     12948   
19374845.00    467        1533       2000       2533      10467      13000      13000       1.15       0.24     11340.58   8294.38     13000   
19499844.00    426        1469       1895       2574      10531      13105      13105       1.16       0.23     11317.63   8317.32     13105   
19624843.00    402        1431       1833       2598      10569      13167      13167       1.15       0.22     11437.19   8197.77     13167   
19749842.00    408        1398       1806       2592      10602      13194      13194       1.16       0.22     11400.78   8234.18     13194   
19874841.00    370        1298       1668       2630      10702      13332      13332       1.15       0.21     11549.62   8085.33     13332   
19999840.00    409        1386       1795       2591      10614      13205      13205       1.15       0.22     11499.72   8135.24     13205   
20124839.00    405        1346       1751       2595      10654      13249      13249       1.15       0.22     11534.85   8100.10     13249   
20249838.00    428        1421       1849       2572      10579      13151      13151       1.15       0.23     11444.98   8189.97     13151   
20374837.00    432        1460       1892       2568      10540      13108      13108       1.15       0.23     11367.01   8267.94     13108   
20499836.00    430        1462       1892       2570      10538      13108      13108       1.15       0.23     11391.76   8243.19     13108   
20624835.00    439        1495       1934       2561      10505      13066      13066       1.15       0.24     11410.26   8224.69     13066   
20749834.00    425        1454       1879       2575      10546      13121      13121       1.15       0.23     11402.15   8232.80     13121   
20874833.00    430        1493       1923       2570      10507      13077      13077       1.15       0.23     11364.65   8270.31     13077   
20999832.00    466        1605       2071       2534      10395      12929      12929       1.15       0.25     11197.47   8437.48     12929   
21124831.00    416        1526       1942       2584      10474      13058      13058       1.16       0.23     11272.41   8362.55     13058   
21249830.00    446        1653       2099       2554      10347      12901      12901       1.16       0.25     11111.75   8523.20     12901   
21374829.00    425        1527       1952       2575      10473      13048      13048       1.17       0.23     11191.02   8443.94     13048   
21499828.00    378        1393       1771       2622      10607      13229      13229       1.16       0.21     11396.35   8238.61     13229   
21624827.00    382        1320       1702       2618      10680      13298      13298       1.16       0.21     11456.93   8178.02     13298   
21749826.00    399        1342       1741       2601      10658      13259      13259       1.16       0.21     11450.36   8184.59     13259   
21874825.00    407        1376       1783       2593      10624      13217      13217       1.15       0.22     11525.58   8109.37     13217   
21999824.00    444        1587       2031       2556      10413      12969      12969       1.15       0.24     11274.39   8360.56     12969   
22124823.00    454        1672       2126       2546      10328      12874      12874       1.15       0.25     11208.03   8426.92     12874   
22249822.00    460        1564       2024       2540      10436      12976      12976       1.15       0.24     11292.26   8342.70     12976   
22374821.00    471        1679       2150       2529      10321      12850      12850       1.15       0.25     11152.46   8482.49     12850   
22499820.00    467        1680       2147       2533      10320      12853      12853       1.16       0.25     11076.96   8557.99     12853   
22624819.00    459        1715       2174       2541      10285      12826      12826       1.16       0.25     11056.75   8578.21     12826   
22749818.00    422        1620       2042       2578      10380      12958      12958       1.16       0.24     11186.02   8448.94     12958   
22874817.00    393        1450       1843       2607      10550      13157      13157       1.16       0.22     11310.52   8324.43     13157   
22999816.00    375        1357       1732       2625      10643      13268      13268       1.17       0.21     11361.28   8273.68     13268   
23124815.00    376        1398       1774       2624      10602      13226      13226       1.16       0.21     11361.03   8273.93     13226   
23249814.00    401        1562       1963       2599      10438      13037      13037       1.15       0.24     11326.96   8307.99     13037   
23374813.00    411        1591       2002       2589      10409      12998      12998       1.15       0.24     11316.19   8318.76     12998   
23499812.00    442        1626       2068       2558      10374      12932      12932       1.15       0.25     11226.47   8408.49     12932   
23624811.00    426        1591       2017       2574      10409      12983      12983       1.16       0.24     11207.01   8427.95     12983   
23749810.00    441        1539       1980       2559      10461      13020      13020       1.16       0.24     11212.20   8422.75     13020   
23874809.00    462        1592       2054       2538      10408      12946      12946       1.15       0.24     11240.19   8394.76     12946   
23999808.00    445        1577       2022       2555      10423      12978      12978       1.16       0.24     11211.67   8423.28     12978   
24124807.00    466        1714       2180       2534      10286      12820      12820       1.16       0.25     11078.60   8556.35     12820   
24249806.00    446        1568       2014       2554      10432      12986      12986       1.16       0.24     11177.91   8457.05     12986   
24374805.00    498        1611       2109       2502      10389      12891      12891       1.16       0.25     11070.02   8564.93     12891   
24499804.00    473        1491       1964       2527      10509      13036      13036       1.17       0.23     11144.01   8490.94     13036   
24624803.00    453        1449       1902       2547      10551      13098      13098       1.17       0.23     11235.24   8399.72     13098   
24749802.00    442        1517       1959       2558      10483      13041      13041       1.17       0.23     11191.55   8443.41     13041   
24874801.00    427        1404       1831       2573      10596      13169      13169       1.16       0.22     11342.76   8292.20     13169   
24999800.00    428        1410       1838       2572      10590      13162      13162       1.16       0.22     11335.24   8299.72     13162   
25124799.00    449        1420       1869       2551      10580      13131      13131       1.16       0.23     11350.11   8284.84     13131   
25249798.00    439        1425       1864       2561      10575      13136      13136       1.15       0.23     11395.48   8239.47     13136   
25374797.00    423        1431       1854       2577      10569      13146      13146       1.15       0.22     11394.93   8240.03     13146   
25499796.00    441        1493       1934       2559      10507      13066      13066       1.16       0.23     11230.75   8404.21     13066   
25624795.00    469        1584       2053       2531      10416      12947      12947       1.17       0.24     11098.92   8536.03     12947   
25749794.00    463        1473       1936       2537      10527      13064      13064       1.17       0.23     11166.19   8468.76     13064   
25874793.00    445        1406       1851       2555      10594      13149      13149       1.17       0.22     11266.80   8368.16     13149   
25999792.00    438        1411       1849       2562      10589      13151      13151       1.17       0.22     11274.28   8360.68     13151   
26124791.00    433        1430       1863       2567      10570      13137      13137       1.17       0.22     11210.97   8423.99     13137   
26249790.00    414        1360       1774       2586      10640      13226      13226       1.17       0.21     11263.85   8371.11     13226   
26374789.00    401        1388       1789       2599      10612      13211      13211       1.17       0.21     11245.44   8389.52     13211   
26499788.00    411        1396       1807       2589      10604      13193      13193       1.17       0.22     11245.86   8389.10     13193   
26624787.00    393        1355       1748       2607      10645      13252      13252       1.17       0.21     11318.61   8316.34     13252   
26749786.00    378        1325       1703       2622      10675      13297      13297       1.17       0.21     11410.20   8224.75     13297   
26874785.00    368        1238       1606       2632      10762      13394      13394       1.16       0.20     11547.53   8087.42     13394   
26999784.00    375        1217       1592       2625      10783      13408      13408       1.16       0.20     11589.26   8045.69     13408   
27124783.00    421        1354       1775       2579      10646      13225      13225       1.16       0.22     11414.08   8220.88     13225   
27249782.00    486        1587       2073       2514      10413      12927      12927       1.17       0.24     11081.83   8553.13     12927   
27374781.00    449        1515       1964       2551      10485      13036      13036       1.17       0.23     11151.71   8483.25     13036   
27499780.00    438        1427       1865       2562      10573      13135      13135       1.17       0.22     11199.12   8435.84     13135   
27624779.00    436        1374       1810       2564      10626      13190      13190       1.16       0.22     11350.60   8284.35     13190   
27749778.00    423        1413       1836       2577      10587      13164      13164       1.17       0.22     11264.51   8370.45     13164   
27874777.00    399        1394       1793       2601      10606      13207      13207       1.17       0.21     11291.51   8343.45     13207   
27999776.00    393        1423       1816       2607      10577      13184      13184       1.16       0.22     11349.22   8285.73     13184   
28124775.00    380        1430       1810       2620      10570      13190      13190       1.15       0.22     11424.24   8210.71     13190   
28249774.00    386        1383       1769       2614      10617      13231      13231       1.16       0.22     11429.95   8205.00     13231   
28374773.00    403        1439       1842       2597      10561      13158      13158       1.16       0.22     11338.41   8296.55     13158   
28499772.00    377        1417       1794       2623      10583      13206      13206       1.16       0.22     11373.67   8261.28     13206   
28624771.00    420        1458       1878       2580      10542      13122      13122       1.16       0.23     11305.18   8329.78     13122   
28749770.00    403        1433       1836       2597      10567      13164      13164       1.16       0.22     11312.54   8322.42     13164   
28874769.00    400        1364       1764       2600      10636      13236      13236       1.16       0.21     11379.93   8255.03     13236   
28999768.00    371        1312       1683       2629      10688      13317      13317       1.16       0.21     11480.74   8154.22     13317   
29124767.00    411        1366       1777       2589      10634      13223      13223       1.15       0.22     11482.44   8152.51     13223   
29249766.00    414        1406       1820       2586      10594      13180      13180       1.16       0.22     11379.72   8255.23     13180   
29374765.00    407        1340       1747       2593      10660      13253      13253       1.15       0.22     11559.96   8075.00     13253   
29499764.00    439        1460       1899       2561      10540      13101      13101       1.14       0.23     11475.49   8159.46     13101   
29624763.00    447        1507       1954       2553      10493      13046      13046       1.15       0.24     11353.14   8281.81     13046   
29749762.00    471        1689       2160       2529      10311      12840      12840       1.15       0.25     11162.83   8472.13     12840   
29874761.00    471        1640       2111       2529      10360      12889      12889       1.15       0.25     11169.87   8465.09     12889   
29999760.00    467        1577       2044       2533      10423      12956      12956       1.16       0.24     11210.35   8424.61     12956   
30124759.00    441        1553       1994       2559      10447      13006      13006       1.16       0.24     11214.63   8420.33     13006   
30249758.00    433        1479       1912       2567      10521      13088      13088       1.16       0.23     11273.67   8361.29     13088   
30374757.00    433        1538       1971       2567      10462      13029      13029       1.17       0.23     11142.13   8492.82     13029   
30499756.00    410        1467       1877       2590      10533      13123      13123       1.17       0.22     11229.19   8405.76     13123   
30624755.00    451        1469       1920       2549      10531      13080      13080       1.17       0.23     11187.91   8447.05     13080   
30749754.00    421        1432       1853       2579      10568      13147      13147       1.17       0.22     11262.87   8372.08     13147   
30874753.00    417        1404       1821       2583      10596      13179      13179       1.16       0.22     11325.26   8309.69     13179   
30999752.00    395        1350       1745       2605      10650      13255      13255       1.16       0.21     11421.29   8213.67     13255   
31124751.00    395        1326       1721       2605      10674      13279      13279       1.16       0.21     11493.74   8141.22     13279   
31249750.00    462        1559       2021       2538      10441      12979      12979       1.16       0.24     11202.28   8432.68     12979   
31374749.00    517        1719       2236       2483      10281      12764      12764       1.17       0.26     10916.77   8718.18     12764   
31499748.00    471        1660       2131       2529      10340      12869      12869       1.17       0.25     10995.47   8639.48     12869   
31624747.00    432        1519       1951       2568      10481      13049      13049       1.17       0.23     11154.61   8480.35     13049   
31749746.00    416        1480       1896       2584      10520      13104      13104       1.17       0.22     11176.93   8458.02     13104   
31874745.00    426        1481       1907       2574      10519      13093      13093       1.17       0.23     11195.08   8439.88     13093   
31999744.00    426        1585       2011       2574      10415      12989      12989       1.17       0.24     11113.18   8521.77     12989   
32124743.00    391        1437       1828       2609      10563      13172      13172       1.16       0.22     11371.55   8263.41     13172   
32249742.00    406        1454       1860       2594      10546      13140      13140       1.16       0.22     11334.84   8300.11     13140   
32374741.00    388        1401       1789       2612      10599      13211      13211       1.15       0.22     11471.64   8163.31     13211   
32499740.00    432        1423       1855       2568      10577      13145      13145       1.15       0.23     11391.27   8243.68     13145   
32624739.00    440        1487       1927       2560      10513      13073      13073       1.15       0.23     11343.28   8291.67     13073   
32749738.00    438        1419       1857       2562      10581      13143      13143       1.15       0.23     11414.02   8220.93     13143   
32874737.00    428        1461       1889       2572      10539      13111      13111       1.15       0.23     11414.99   8219.97     13111   
32999736.00    422        1389       1811       2578      10611      13189      13189       1.15       0.22     11433.08   8201.88     13189   
33124735.00    445        1462       1907       2555      10538      13093      13093       1.16       0.23     11319.30   8315.66     13093   
33249734.00    438        1462       1900       2562      10538      13100      13100       1.15       0.23     11384.41   8250.54     13100   
33374733.00    410        1483       1893       2590      10517      13107      13107       1.15       0.23     11362.12   8272.83     13107   
33499732.00    409        1462       1871       2591      10538      13129      13129       1.16       0.23     11322.06   8312.90     13129   
33624731.00    430        1513       1943       2570      10487      13057      13057       1.15       0.23     11316.61   8318.34     13057   
33749730.00    430        1532       1962       2570      10468      13038      13038       1.16       0.23     11261.43   8373.53     13038   
33874729.00    465        1624       2089       2535      10376      12911      12911       1.16       0.24     11098.25   8536.71     12911   
33999728.00    445        1507       1952       2555      10493      13048      13048       1.16       0.23     11229.70   8405.26     13048   
34124727.00    447        1482       1929       2553      10518      13071      13071       1.16       0.23     11246.53   8388.42     13071   
34249726.00    447        1529       1976       2553      10471      13024      13024       1.17       0.23     11087.97   8546.99     13024   
34374725.00    426        1463       1889       2574      10537      13111      13111       1.17       0.22     11199.43   8435.52     13111   
34499724.00    423        1508       1931       2577      10492      13069      13069       1.17       0.23     11190.14   8444.81     13069   
34624723.00    420        1511       1931       2580      10489      13069      13069       1.17       0.23     11169.27   8465.68     13069   
34749722.00    460        1631       2091       2540      10369      12909      12909       1.17       0.24     10992.35   8642.60     12909   
34874721.00    434        1544       1978       2566      10456      13022      13022       1.17       0.23     11128.73   8506.22     13022   
34999720.00    419        1451       1870       2581      10549      13130      13130       1.17       0.22     11205.87   8429.09     13130   
35124719.00    422        1389       1811       2578      10611      13189      13189       1.18       0.21     11204.20   8430.75     13189   
35249718.00    417        1380       1797       2583      10620      13203      13203       1.18       0.21     11223.69   8411.26     13203   
35374717.00    415        1446       1861       2585      10554      13139      13139       1.18       0.22     11159.72   8475.23     13139   
35499716.00    386        1376       1762       2614      10624      13238      13238       1.17       0.21     11274.83   8360.13     13238   
35624715.00    356        1319       1675       2644      10681      13325      13325       1.18       0.20     11336.37   8298.59     13325   
35749714.00    364        1349       1713       2636      10651      13287      13287       1.17       0.21     11339.16   8295.80     13287   
35874713.00    395        1409       1804       2605      10591      13196      13196       1.17       0.22     11270.19   8364.76     13196   
35999712.00    374        1373       1747       2626      10627      13253      13253       1.17       0.21     11352.51   8282.44     13253   
36124711.00    381        1422       1803       2619      10578      13197      13197       1.16       0.22     11358.26   8276.69     13197   
36249710.00    380        1435       1815       2620      10565      13185      13185       1.16       0.22     11359.19   8275.77     13185   
36374709.00    412        1536       1948       2588      10464      13052      13052       1.16       0.23     11264.28   8370.67     13052   
36499708.00    440        1534       1974       2560      10466      13026      13026       1.16       0.23     11222.95   8412.00     13026   
36624707.00    442        1498       1940       2558      10502      13060      13060       1.16       0.23     11247.13   8387.83     13060   
36749706.00    410        1421       1831       2590      10579      13169      13169       1.17       0.22     11249.52   8385.44     13169   
36874705.00    408        1387       1795       2592      10613      13205      13205       1.16       0.22     11366.35   8268.61     13205   
36999704.00    418        1412       1830       2582      10588      13170      13170       1.15       0.22     11426.99   8207.97     13170   
37124703.00    410        1374       1784       2590      10626      13216      13216       1.16       0.22     11355.62   8279.33     13216   
37249702.00    379        1353       1732       2621      10647      13268      13268       1.16       0.21     11416.75   8218.21     13268   
37374701.00    386        1384       1770       2614      10616      13230      13230       1.16       0.22     11449.61   8185.35     13230   
37499700.00    420        1585       2005       2580      10415      12995      12995       1.15       0.24     11271.65   8363.31     12995   
37624699.00    486        1666       2152       2514      10334      12848      12848       1.17       0.25     11023.38   8611.58     12848   
37749698.00    453        1536       1989       2547      10464      13011      13011       1.16       0.24     11209.75   8425.20     13011   
37874697.00    414        1390       1804       2586      10610      13196      13196       1.16       0.22     11380.23   8254.72     13196   
37999696.00    424        1345       1769       2576      10655      13231      13231       1.16       0.22     11418.21   8216.75     13231   
38124695.00    399        1292       1691       2601      10708      13309      13309       1.16       0.21     11467.78   8167.18     13309   
38249694.00    385        1258       1643       2615      10742      13357      13357       1.16       0.20     11478.24   8156.72     13357   
38374693.00    398        1297       1695       2602      10703      13305      13305       1.16       0.21     11432.76   8202.20     13305   
38499692.00    423        1373       1796       2577      10627      13204      13204       1.16       0.22     11344.22   8290.74     13204   
38624691.00    447        1482       1929       2553      10518      13071      13071       1.17       0.23     11187.74   8447.22     13071   
38749690.00    445        1436       1881       2555      10564      13119      13119       1.17       0.22     11213.08   8421.88     13119   
38874689.00    448        1398       1846       2552      10602      13154      13154       1.16       0.22     11335.91   8299.04     13154   
38999688.00    457        1515       1972       2543      10485      13028      13028       1.15       0.24     11323.25   8311.70     13028   
39124687.00    470        1513       1983       2530      10487      13017      13017       1.15       0.24     11295.49   8339.47     13017   
39249686.00    446        1514       1960       2554      10486      13040      13040       1.15       0.24     11346.58   8288.38     13040   
39374685.00    451        1543       1994       2549      10457      13006      13006       1.15       0.24     11350.41   8284.55     13006   
39499684.00    457        1453       1910       2543      10547      13090      13090       1.15       0.23     11336.87   8298.09     13090   
39624683.00    440        1412       1852       2560      10588      13148      13148       1.16       0.22     11346.15   8288.81     13148   
39749682.00    446        1380       1826       2554      10620      13174      13174       1.15       0.22     11409.31   8225.65     13174   
39874681.00    450        1468       1918       2550      10532      13082      13082       1.16       0.23     11322.14   8312.81     13082   
39999680.00    466        1587       2053       2534      10413      12947      12947       1.16       0.24     11138.90   8496.06     12947   
40124679.00    454        1533       1987       2546      10467      13013      13013       1.17       0.23     11166.26   8468.69     13013   
40249678.00    443        1513       1956       2557      10487      13044      13044       1.17       0.23     11173.38   8461.58     13044   
40374677.00    432        1427       1859       2568      10573      13141      13141       1.16       0.22     11342.38   8292.58     13141   
40499676.00    387        1427       1814       2613      10573      13186      13186       1.15       0.22     11500.75   8134.21     13186   
40624675.00    413        1485       1898       2587      10515      13102      13102       1.15       0.23     11369.55   8265.41     13102   
40749674.00    472        1627       2099       2528      10373      12901      12901       1.16       0.25     11084.93   8550.02     12901   
40874673.00    457        1560       2017       2543      10440      12983      12983       1.17       0.24     11107.31   8527.65     12983   
40999672.00    438        1413       1851       2562      10587      13149      13149       1.16       0.22     11292.05   8342.90     13149   
41124671.00    433        1469       1902       2567      10531      13098      13098       1.16       0.23     11339.47   8295.48     13098   
41249670.00    420        1449       1869       2580      10551      13131      13131       1.16       0.22     11314.75   8320.21     13131   
41374669.00    402        1362       1764       2598      10638      13236      13236       1.15       0.22     11467.23   8167.73     13236   
41499668.00    396        1380       1776       2604      10620      13224      13224       1.15       0.22     11480.74   8154.21     13224   
41624667.00    388        1377       1765       2612      10623      13235      13235       1.15       0.22     11547.82   8087.13     13235   
41749666.00    416        1431       1847       2584      10569      13153      13153       1.15       0.23     11483.48   8151.47     13153   
41874665.00    444        1547       1991       2556      10453      13009      13009       1.16       0.24     11257.00   8377.96     13009   
41999664.00    478        1595       2073       2522      10405      12927      12927       1.15       0.25     11246.93   8388.03     12927   
42124663.00    467        1593       2060       2533      10407      12940      12940       1.15       0.25     11238.82   8396.13     12940   
42249662.00    435        1515       1950       2565      10485      13050      13050       1.16       0.23     11240.44   8394.52     13050   
42374661.00    426        1435       1861       2574      10565      13139      13139       1.17       0.22     11269.44   8365.52     13139   
42499660.00    424        1430       1854       2576      10570      13146      13146       1.17       0.22     11276.85   8358.10     13146   
42624659.00    438        1451       1889       2562      10549      13111      13111       1.16       0.23     11303.06   8331.89     13111   
42749658.00    444        1413       1857       2556      10587      13143      13143       1.16       0.22     11296.24   8338.72     13143   
42874657.00    490        1480       1970       2510      10520      13030      13030       1.16       0.23     11205.09   8429.86     13030   
42999656.00    466        1434       1900       2534      10566      13100      13100       1.17       0.22     11175.29   8459.66     13100   
43124655.00    396        1261       1657       2604      10739      13343      13343       1.16       0.20     11484.27   8150.68     13343   
43249654.00    377        1234       1611       2623      10766      13389      13389       1.16       0.20     11558.79   8076.16     13389   
43374653.00    385        1326       1711       2615      10674      13289      13289       1.16       0.21     11449.85   8185.10     13289   
43499652.00    348        1296       1644       2652      10704      13356      13356       1.16       0.20     11517.54   8117.42     13356   
43624651.00    381        1346       1727       2619      10654      13273      13273       1.16       0.21     11471.30   8163.66     13273   
43749650.00    421        1476       1897       2579      10524      13103      13103       1.16       0.23     11298.10   8336.86     13103   
43874649.00    448        1483       1931       2552      10517      13069      13069       1.16       0.23     11270.78   8364.17     13069   
43999648.00    467        1475       1942       2533      10525      13058      13058       1.17       0.23     11189.20   8445.75     13058   
44124647.00    484        1551       2035       2516      10449      12965      12965       1.17       0.24     11112.65   8522.31     12965   
44249646.00    447        1450       1897       2553      10550      13103      13103       1.17       0.23     11223.80   8411.16     13103   
44374645.00    420        1359       1779       2580      10641      13221      13221       1.17       0.21     11306.41   8328.54     13221   
44499644.00    426        1333       1759       2574      10667      13241      13241       1.16       0.21     11386.07   8248.88     13241   
44624643.00    403        1344       1747       2597      10656      13253      13253       1.16       0.21     11463.93   8171.03     13253   
44749642.00    462        1520       1982       2538      10480      13018      13018       1.16       0.24     11250.78   8384.17     13018   
44874641.00    484        1628       2112       2516      10372      12888      12888       1.16       0.25     11113.29   8521.67     12888   
44999640.00    482        1642       2124       2518      10358      12876      12876       1.16       0.25     11064.53   8570.42     12876   
45124639.00    408        1441       1849       2592      10559      13151      13151       1.16       0.22     11368.19   8266.77     13151   
45249638.00    431        1453       1884       2569      10547      13116      13116       1.17       0.22     11257.47   8377.48     13116   
45374637.00    419        1345       1764       2581      10655      13236      13236       1.16       0.22     11449.72   8185.24     13236   
45499636.00    450        1428       1878       2550      10572      13122      13122       1.16       0.23     11339.66   8295.29     13122   
45624635.00    488        1573       2061       2512      10427      12939      12939       1.16       0.24     11138.13   8496.82     12939   
45749634.00    495        1652       2147       2505      10348      12853      12853       1.16       0.25     11056.92   8578.04     12853   
45874633.00    476        1580       2056       2524      10420      12944      12944       1.16       0.24     11125.37   8509.59     12944   
45999632.00    439        1449       1888       2561      10551      13112      13112       1.17       0.22     11190.32   8444.63     13112   
46124631.00    434        1415       1849       2566      10585      13151      13151       1.17       0.22     11247.74   8387.22     13151   
46249630.00    423        1334       1757       2577      10666      13243      13243       1.17       0.21     11334.98   8299.98     13243   
46374629.00    440        1373       1813       2560      10627      13187      13187       1.17       0.22     11286.97   8347.99     13187   
46499628.00    404        1262       1666       2596      10738      13334      13334       1.17       0.20     11437.74   8197.21     13334   
46624627.00    424        1302       1726       2576      10698      13274      13274       1.17       0.21     11378.96   8256.00     13274   
46749626.00    416        1292       1708       2584      10708      13292      13292       1.16       0.21     11435.84   8199.12     13292   
46874625.00    417        1349       1766       2583      10651      13234      13234       1.16       0.22     11432.03   8202.92     13234   
46999624.00    392        1335       1727       2608      10665      13273      13273       1.16       0.21     11488.98   8145.97     13273   
47124623.00    414        1386       1800       2586      10614      13200      13200       1.15       0.22     11481.89   8153.06     13200   
47249622.00    422        1470       1892       2578      10530      13108      13108       1.15       0.23     11412.13   8222.82     13108   
47374621.00    430        1467       1897       2570      10533      13103      13103       1.15       0.23     11376.92   8258.04     13103   
47499620.00    439        1499       1938       2561      10501      13062      13062       1.15       0.23     11336.66   8298.29     13062   
47624619.00    430        1419       1849       2570      10581      13151      13151       1.15       0.22     11412.78   8222.18     13151   
47749618.00    449        1465       1914       2551      10535      13086      13086       1.15       0.23     11344.59   8290.37     13086   
47874617.00    471        1571       2042       2529      10429      12958      12958       1.15       0.24     11219.74   8415.21     12958   
47999616.00    480        1587       2067       2520      10413      12933      12933       1.16       0.24     11170.28   8464.67     12933   
48124615.00    470        1656       2126       2530      10344      12874      12874       1.16       0.25     11128.83   8506.13     12874   
48249614.00    460        1612       2072       2540      10388      12928      12928       1.16       0.24     11156.31   8478.64     12928   
48374613.00    405        1452       1857       2595      10548      13143      13143       1.16       0.22     11334.96   8299.99     13143   
48499612.00    440        1513       1953       2560      10487      13047      13047       1.17       0.23     11179.66   8455.29     13047   
48624611.00    447        1480       1927       2553      10520      13073      13073       1.16       0.23     11227.80   8407.15     13073   
48749610.00    443        1439       1882       2557      10561      13118      13118       1.16       0.23     11272.85   8362.10     13118   
48874609.00    465        1444       1909       2535      10556      13091      13091       1.16       0.23     11308.07   8326.88     13091   
48999608.00    456        1441       1897       2544      10559      13103      13103       1.16       0.23     11281.08   8353.87     13103   
49124607.00    491        1536       2027       2509      10464      12973      12973       1.16       0.24     11148.77   8486.18     12973   
49249606.00    439        1462       1901       2561      10538      13099      13099       1.16       0.23     11265.76   8369.20     13099   
49374605.00    435        1396       1831       2565      10604      13169      13169       1.16       0.22     11317.56   8317.40     13169   
49499604.00    428        1357       1785       2572      10643      13215      13215       1.16       0.22     11355.35   8279.60     13215   
49624603.00    440        1419       1859       2560      10581      13141      13141       1.16       0.22     11293.24   8341.71     13141   
49749602.00    476        1476       1952       2524      10524      13048      13048       1.17       0.23     11192.43   8442.52     13048   
49874601.00    491        1570       2061       2509      10430      12939      12939       1.16       0.24     11129.04   8505.91     12939   
49999600.00    509        1641       2150       2491      10359      12850      12850       1.18       0.25     10920.51   8714.44     12850   
