 Timestep    Gas_A      Gas_B     Gas_tot    Dense_A    Dense_B   Dense_tot   Lg_clust  DP_density GP_density Clust_area  Gas_area     MCS    
   0.00       1500      13500      15000        0          0          0          7         0.00       0.76       0.00     19634.96      0     
 52083.00     1500      13500      15000        0          0          0         372        0.00       0.76       0.00     19634.96      0     
104166.00     1500      13500      15000        0          0          0         251        0.00       0.76       0.00     19634.96      0     
156249.00     1500      13500      15000        0          0          0         497        0.00       0.76       0.00     19634.96      0     
208332.00     1500      13500      15000        0          0          0         374        0.00       0.76       0.00     19634.96      0     
260415.00     1500      13500      15000        0          0          0         385        0.00       0.76       0.00     19634.96      0     
312498.00     1500      13500      15000        0          0          0         666        0.00       0.76       0.00     19634.96      0     
364581.00     1500      13500      15000        0          0          0         459        0.00       0.76       0.00     19634.96      0     
416664.00     1396      12405      13801       104        1095       1199       1199       0.97       0.75     1230.49    18404.47     1199   
468747.00     1383      12370      13753       117        1130       1247       1247       0.97       0.75     1283.60    18351.35     1247   
520830.00     1500      13500      15000        0          0          0         826        0.00       0.76       0.00     19634.96      0     
572913.00     1500      13500      15000        0          0          0         947        0.00       0.76       0.00     19634.96      0     
624996.00     1354      11788      13142       146        1712       1858       1858       0.99       0.74     1868.86    17766.09     1858   
677079.00     1259      10760      12019       241        2740       2981       1934       0.99       0.72     3012.00    16622.96     1490   
729162.00     1280      10817      12097       220        2683       2903       1855       1.00       0.72     2901.64    16733.31     1451   
781245.00     1305      11272      12577       195        2228       2423       1383       1.02       0.73     2386.94    17248.01     1211   
833328.00     1089       9347      10436       411        4153       4564       1828       0.99       0.69     4607.00    15027.95     1521   
885411.00     1094       9012      10106       406        4488       4894       2392       0.99       0.69     4925.20    14709.76     1631   
937494.00     1149       9550      10699       351        3950       4301       1935       1.01       0.70     4268.61    15366.35     1433   
989577.00     1115       9583      10698       385        3917       4302       1690       1.00       0.70     4318.91    15316.05     1434   
1041660.00    1254      10613      11867       246        2887       3133       1857       1.00       0.72     3136.80    16498.15     1566   
1093743.00    1063       8571       9634       437        4929       5366       1769       0.99       0.68     5429.01    14205.94     1341   
1145826.00    1086       8878       9964       414        4622       5036       1489       1.01       0.68     5005.62    14629.33     1259   
1197909.00    1031       8204       9235       469        5296       5765       2442       1.00       0.67     5759.45    13875.51     1921   
1249992.00    1202      10183      11385       298        3317       3615       1966       1.01       0.71     3566.73    16068.22     1807   
1302075.00    1132       9474      10606       368        4026       4394       1871       1.02       0.69     4307.50    15327.46     1464   
1354158.00    1230      10497      11727       270        3003       3273       1852       1.02       0.71     3205.04    16429.91     1636   
1406241.00    1256      10701      11957       244        2799       3043       1950       1.03       0.72     2952.87    16682.08     1521   
1458324.00    1137       9283      10420       363        4217       4580       2008       1.02       0.69     4470.90    15164.05     1526   
1510407.00    1092       8980      10072       408        4520       4928       2120       1.03       0.68     4781.30    14853.65     1642   
1562490.00    1131       9672      10803       369        3828       4197       2871       1.01       0.70     4173.97    15460.99     2098   
1614573.00    1100       8873       9973       400        4627       5027       2608       1.01       0.68     4980.04    14654.91     2513   
1666656.00    978        7709       8687       522        5791       6313       3686       1.01       0.65     6265.24    13369.71     2104   
1718739.00    1061       8736       9797       439        4764       5203       2514       1.01       0.68     5143.21    14491.74     1734   
1770822.00    927        7264       8191       573        6236       6809       3429       1.01       0.64     6755.94    12879.02     3404   
1822905.00    1007       8250       9257       493        5250       5743       3220       1.01       0.66     5707.54    13927.41     2871   
1874988.00    1205      10035      11240       295        3465       3760       2532       1.01       0.71     3711.86    15923.09     1880   
1927071.00    1055       8502       9557       445        4998       5443       2532       1.01       0.67     5365.71    14269.24     1814   
1979154.00    1127       9445      10572       373        4055       4428       2540       1.01       0.69     4366.35    15268.60     2214   
2031237.00    1143       9535      10678       357        3965       4322       2632       1.00       0.70     4335.72    15299.23     2161   
2083320.00    1072       8601       9673       428        4899       5327       3065       1.00       0.68     5313.39    14321.56     2663   
2135403.00    1180       9998      11178       320        3502       3822       2540       1.02       0.70     3755.00    15879.96     1911   
2187486.00    1174       9812      10986       326        3688       4014       1565       1.02       0.70     3939.87    15695.08     1338   
2239569.00    1041       8251       9292       459        5249       5708       2704       1.02       0.66     5613.47    14021.48     1902   
2291652.00    1165       9788      10953       335        3712       4047       2660       1.02       0.70     3982.80    15652.16     2023   
2343735.00    1167       9844      11011       333        3656       3989       2547       1.03       0.70     3882.71    15752.25     1994   
2395818.00    1058       8414       9472       442        5086       5528       2237       1.02       0.67     5413.19    14221.76     1842   
2447901.00    1270      10919      12189       230        2581       2811       2811       1.05       0.72     2687.08    16947.88     2811   
2499984.00    1222      10195      11417       278        3305       3583       1841       1.03       0.71     3491.29    16143.67     1791   
2552067.00    1127       9277      10404       373        4223       4596       1722       1.03       0.69     4480.92    15154.04     1532   
2604150.00    1181       9896      11077       319        3604       3923       1520       1.03       0.70     3800.25    15834.71     1307   
2656233.00    1221      10329      11550       279        3171       3450       1745       1.03       0.71     3358.68    16276.27     1725   
2708316.00    1243      10500      11743       257        3000       3257       1693       1.03       0.71     3164.28    16470.68     1628   
2760399.00    1154       9548      10702       346        3952       4298       2669       1.03       0.69     4187.40    15447.55     2149   
2812482.00    1070       8688       9758       430        4812       5242       2795       1.02       0.67     5121.51    14513.44     2621   
2864565.00    1249      10721      11970       251        2779       3030       3030       1.04       0.72     2922.55    16712.40     3030   
2916648.00    1256      10793      12049       244        2707       2951       2951       1.04       0.72     2841.91    16793.05     2951   
2968731.00    1250      10689      11939       250        2811       3061       3061       1.04       0.72     2948.38    16686.57     3061   
3020814.00    1100       8987      10087       400        4513       4913       1945       1.03       0.68     4769.33    14865.63     1637   
3072897.00    997        7998       8995       503        5502       6005       4262       1.01       0.66     5926.44    13708.51     3002   
3124980.00    1093       8985      10078       407        4515       4922       3505       1.04       0.68     4723.58    14911.38     2461   
3177063.00    1065       8806       9871       435        4694       5129       3751       1.02       0.67     5003.96    14630.99     2564   
3229146.00    1101       9085      10186       399        4415       4814       3619       1.03       0.68     4660.95    14974.01     2407   
3281229.00    1115       9080      10195       385        4420       4805       3704       1.03       0.68     4665.49    14969.46     2402   
3333312.00    1102       8971      10073       398        4529       4927       3669       1.03       0.68     4793.90    14841.06     2463   
3385395.00    1066       8810       9876       434        4690       5124       3854       1.02       0.67     4999.08    14635.87     2562   
3437478.00    1078       8715       9793       422        4785       5207       2110       1.02       0.67     5080.78    14554.18     1735   
3489561.00    1086       8974      10060       414        4526       4940       1991       1.03       0.68     4815.84    14819.11     1646   
3541644.00    1182       9913      11095       318        3587       3905       1978       1.04       0.70     3772.61    15862.35     1952   
3593727.00    1091       8925      10016       409        4575       4984       1907       1.03       0.68     4855.86    14779.09     1661   
3645810.00    1081       8889       9970       419        4611       5030       2022       1.03       0.68     4897.66    14737.30     1676   
3697893.00    1099       8857       9956       401        4643       5044       2003       1.03       0.68     4899.39    14735.57     1681   
3749976.00    1167       9785      10952       333        3715       4048       2078       1.03       0.70     3912.42    15722.54     2024   
3802059.00    1088       8842       9930       412        4658       5070       2192       1.04       0.67     4888.02    14746.94     1690   
3854142.00    1080       8676       9756       420        4824       5244       3479       1.03       0.67     5102.03    14532.92     2622   
3906225.00    1060       8538       9598       440        4962       5402       3412       1.03       0.67     5267.70    14367.25     2701   
3958308.00    1135       9114      10249       365        4386       4751       2231       1.04       0.68     4576.09    15058.87     1583   
4010391.00    1050       8222       9272       450        5278       5728       3771       1.02       0.66     5601.96    14033.00     2864   
4062474.00    1078       8511       9589       422        4989       5411       3609       1.03       0.67     5266.98    14367.98     2705   
4114557.00    969        7455       8424       531        6045       6576       3025       1.03       0.64     6414.35    13220.60     2192   
4166640.00    1075       8504       9579       425        4996       5421       3596       1.03       0.67     5276.52    14358.44     2710   
4218723.00    969        7226       8195       531        6274       6805       3590       1.02       0.63     6698.49    12936.46     3402   
4270806.00    993        7423       8416       507        6077       6584       6584       1.02       0.64     6424.94    13210.02     6584   
4322889.00    990        7389       8379       510        6111       6621       3463       1.03       0.64     6446.98    13187.98     2207   
4374972.00    1039       7851       8890       461        5649       6110       4830       1.03       0.65     5951.96    13683.00     3055   
4427055.00    965        7180       8145       535        6320       6855       3080       1.02       0.63     6734.79    12900.17     2285   
4479138.00    1048       8145       9193       452        5355       5807       2504       1.01       0.66     5731.28    13903.67     1935   
4531221.00    1004       7631       8635       496        5869       6365       2972       1.02       0.64     6247.07    13387.89     2121   
4583304.00    1059       8598       9657       441        4902       5343       2025       1.03       0.67     5181.78    14453.18     1781   
4635387.00    1091       8866       9957       409        4634       5043       1768       1.03       0.68     4893.22    14741.73     1681   
4687470.00    1087       8691       9778       413        4809       5222       2438       1.02       0.67     5099.50    14535.45     1740   
4739553.00    1016       7791       8807       484        5709       6193       2892       1.01       0.65     6116.98    13517.97     2064   
4791636.00    1019       7843       8862       481        5657       6138       1829       1.01       0.65     6058.91    13576.04     1534   
4843719.00    991        7448       8439       509        6052       6561       2242       1.01       0.64     6473.27    13161.69     1640   
4895802.00    1000       7487       8487       500        6013       6513       2260       1.02       0.64     6396.71    13238.24     1628   
4947885.00    933        6867       7800       567        6633       7200       2331       1.02       0.62     7042.44    12592.51     1800   
4999968.00    879        6464       7343       621        7036       7657       7657       1.02       0.60     7483.58    12151.38     7657   
5052051.00    881        6237       7118       619        7263       7882       6401       1.03       0.59     7652.79    11982.17     3941   
5104134.00    874        6158       7032       626        7342       7968       3337       1.04       0.59     7650.24    11984.72     2656   
5156217.00    898        6226       7124       602        7274       7876       3454       1.04       0.59     7581.07    12053.88     2625   
5208300.00    922        6568       7490       578        6932       7510       2346       1.04       0.60     7199.58    12435.37     1877   
5260383.00    1005       7302       8307       495        6198       6693       2273       1.05       0.63     6345.62    13289.34     1673   
5312466.00    944        6585       7529       556        6915       7471       2263       1.04       0.60     7179.63    12455.33     1867   
5364549.00    929        6509       7438       571        6991       7562       4118       1.03       0.61     7343.20    12291.76     2520   
5416632.00    986        7050       8036       514        6450       6964       2139       1.03       0.62     6769.28    12865.67     1741   
5468715.00    950        6815       7765       550        6685       7235       2226       1.03       0.62     7018.29    12616.66     1808   
5520798.00    922        6506       7428       578        6994       7572       3167       1.03       0.61     7366.83    12268.12     2524   
5572881.00    934        6820       7754       566        6680       7246       2959       1.03       0.62     7060.70    12574.25     2415   
5624964.00    950        6753       7703       550        6747       7297       2981       1.03       0.61     7061.64    12573.31     2432   
5677047.00    923        6412       7335       577        7088       7665       2807       1.02       0.60     7482.07    12152.88     2555   
5729130.00    994        7097       8091       506        6403       6909       2450       1.03       0.63     6695.86    12939.09     2303   
5781213.00    1026       7658       8684       474        5842       6316       2336       1.04       0.64     6095.91    13539.05     2105   
5833296.00    1019       7654       8673       481        5846       6327       2597       1.04       0.64     6105.14    13529.81     2109   
5885379.00    984        7566       8550       516        5934       6450       2290       1.02       0.64     6310.41    13324.55     2150   
5937462.00    998        7522       8520       502        5978       6480       2478       1.03       0.64     6299.42    13335.54     2160   
5989545.00    1001       7698       8699       499        5802       6301       2437       1.03       0.64     6115.77    13519.18     2100   
6041628.00    1049       8289       9338       451        5211       5662       2163       1.03       0.66     5515.30    14119.65     1887   
6093711.00    1079       8771       9850       421        4729       5150       2058       1.02       0.67     5030.29    14604.67     1716   
6145794.00    1003       7760       8763       497        5740       6237       4562       1.02       0.65     6110.73    13524.23     3118   
6197877.00    1052       8465       9517       448        5035       5483       3906       1.03       0.66     5318.98    14315.98     2741   
6249960.00    929        7120       8049       571        6380       6951       2734       1.02       0.63     6827.90    12807.06     2317   
6302043.00    986        7615       8601       514        5885       6399       4772       1.02       0.64     6251.44    13383.51     3199   
6354126.00    1070       8155       9225       430        5345       5775       3599       1.02       0.66     5659.55    13975.40     2887   
6406209.00    961        7070       8031       539        6430       6969       4138       1.01       0.63     6875.20    12759.76     3484   
6458292.00    1007       7701       8708       493        5799       6292       4238       1.03       0.64     6121.66    13513.30     3146   
6510375.00    988        7443       8431       512        6057       6569       6569       1.02       0.64     6428.78    13206.18     6569   
6562458.00    1001       7474       8475       499        6026       6525       2947       1.02       0.64     6368.94    13266.01     2175   
6614541.00    964        7001       7965       536        6499       7035       5614       1.01       0.63     6934.42    12700.54     3517   
6666624.00    965        7264       8229       535        6236       6771       4164       1.02       0.63     6612.56    13022.40     2257   
6718707.00    1022       7782       8804       478        5718       6196       3903       1.02       0.65     6082.09    13552.86     3098   
6770790.00    918        6920       7838       582        6580       7162       7162       1.02       0.62     7039.57    12595.39     7162   
6822873.00    974        7254       8228       526        6246       6772       4025       1.02       0.63     6668.76    12966.20     3386   
6874956.00    941        7265       8206       559        6235       6794       2894       1.02       0.63     6691.99    12942.96     2264   
6927039.00    935        7167       8102       565        6333       6898       5354       1.02       0.63     6760.78    12874.17     3449   
6979122.00    901        6743       7644       599        6757       7356       2747       1.02       0.62     7224.94    12410.02     2452   
7031205.00    882        6737       7619       618        6763       7381       3904       1.02       0.61     7234.30    12400.66     2460   
7083288.00    913        6771       7684       587        6729       7316       3025       1.02       0.62     7152.73    12482.23     1829   
7135371.00    895        6820       7715       605        6680       7285       3899       1.02       0.62     7140.10    12494.85     2428   
7187454.00    920        7099       8019       580        6401       6981       3013       1.01       0.63     6891.48    12743.47     2327   
7239537.00    892        6856       7748       608        6644       7252       4160       1.01       0.62     7183.34    12451.62     3626   
7291620.00    941        7221       8162       559        6279       6838       3734       1.01       0.63     6744.42    12890.54     2279   
7343703.00    927        7089       8016       573        6411       6984       3645       1.00       0.63     6980.44    12654.51     3492   
7395786.00    977        7488       8465       523        6012       6535       3782       1.01       0.64     6487.86    13147.09     3267   
7447869.00    1078       8385       9463       422        5115       5537       2307       1.02       0.66     5404.87    14230.08     1845   
7499952.00    1078       8664       9742       422        4836       5258       2132       1.02       0.67     5135.94    14499.01     1752   
7552035.00    1032       7921       8953       468        5579       6047       2078       1.02       0.65     5956.07    13678.89     2015   
7604118.00    1063       8285       9348       437        5215       5652       2073       1.02       0.66     5546.22    14088.74     1413   
7656201.00    980        7389       8369       520        6111       6631       3595       1.02       0.64     6485.92    13149.03     2210   
7708284.00    982        7224       8206       518        6276       6794       3662       1.02       0.63     6648.58    12986.37     3397   
7760367.00    1050       8168       9218       450        5332       5782       3599       1.02       0.66     5651.26    13983.69     2891   
7812450.00    1125       8924      10049       375        4576       4951       2971       1.03       0.68     4820.34    14814.61     2475   
7864533.00    1095       8559       9654       405        4941       5346       2998       1.02       0.67     5232.77    14402.18     2673   
7916616.00    1021       7787       8808       479        5713       6192       3457       1.02       0.65     6099.10    13535.86     3096   
7968699.00    1079       8612       9691       421        4888       5309       3103       1.03       0.67     5165.47    14469.49     2654   
8020782.00    1074       8472       9546       426        5028       5454       3283       1.02       0.67     5333.25    14301.70     2727   
8072865.00    1101       8594       9695       399        4906       5305       3028       1.03       0.67     5161.17    14473.79     2652   
8124948.00    1005       7972       8977       495        5528       6023       2707       1.02       0.65     5883.16    13751.79     2007   
8177031.00    1094       8711       9805       406        4789       5195       2698       1.03       0.67     5061.98    14572.98     2597   
8229114.00    1153       9545      10698       347        3955       4302       2505       1.03       0.69     4156.76    15478.20     2151   
8281197.00    1109       9118      10227       391        4382       4773       3156       1.03       0.68     4613.10    15021.85     2386   
8333280.00    968        7523       8491       532        5977       6509       3856       1.01       0.64     6424.39    13210.56     3254   
8385363.00    957        7390       8347       543        6110       6653       4538       1.02       0.64     6526.95    13108.00     3326   
8437446.00    983        7563       8546       517        5937       6454       1979       1.03       0.64     6294.41    13340.55     1613   
8489529.00    1058       8470       9528       442        5030       5472       3267       1.04       0.66     5259.84    14375.12     2736   
8541612.00    981        7523       8504       519        5977       6496       5292       1.03       0.64     6280.78    13354.18     3248   
8593695.00    1066       8514       9580       434        4986       5420       3074       1.04       0.66     5186.69    14448.26     2710   
8645778.00    1093       8691       9784       407        4809       5216       2827       1.06       0.66     4916.42    14718.54     2608   
8697861.00    937        7292       8229       563        6208       6771       2693       1.04       0.63     6529.12    13105.83     2257   
8749944.00    1048       8489       9537       452        5011       5463       2857       1.05       0.66     5179.01    14455.94     2731   
8802027.00    916        7017       7933       584        6483       7067       2609       1.03       0.62     6846.35    12788.60     2355   
8854110.00    1041       8213       9254       459        5287       5746       3218       1.04       0.66     5509.77    14125.19     2873   
8906193.00    981        7300       8281       519        6200       6719       3922       1.03       0.63     6514.46    13120.49     3359   
8958276.00    1031       8101       9132       469        5399       5868       5868       1.04       0.65     5633.45    14001.51     5868   
9010359.00    1066       8470       9536       434        5030       5464       5464       1.05       0.66     5225.67    14409.29     5464   
9062442.00    989        7607       8596       511        5893       6404       4185       1.03       0.64     6200.52    13434.44     3202   
9114525.00    1035       7773       8808       465        5727       6192       3964       1.05       0.64     5925.10    13709.85     3096   
9166608.00    1000       7826       8826       500        5674       6174       6174       1.05       0.64     5896.57    13738.38     6174   
9218691.00    970        7358       8328       530        6142       6672       4420       1.05       0.63     6379.82    13255.13     3336   
9270774.00    1014       8060       9074       486        5440       5926       5926       1.05       0.65     5624.48    14010.47     5926   
9322857.00    952        7163       8115       548        6337       6885       5861       1.03       0.63     6664.65    12970.31     3442   
9374940.00    1037       8243       9280       463        5257       5720       5720       1.05       0.65     5445.77    14189.19     5720   
9427023.00    915        6693       7608       585        6807       7392       7392       1.03       0.61     7173.12    12461.84     7392   
9479106.00    979        7749       8728       521        5751       6272       6272       1.04       0.64     6045.75    13589.21     6272   
9531189.00    889        6757       7646       611        6743       7354       7354       1.03       0.61     7169.39    12465.56     7354   
9583272.00    989        7668       8657       511        5832       6343       6343       1.03       0.64     6168.08    13466.87     6343   
9635355.00    975        7586       8561       525        5914       6439       6439       1.04       0.64     6216.67    13418.28     6439   
9687438.00    1008       7827       8835       492        5673       6165       6165       1.05       0.64     5889.56    13745.39     6165   
9739521.00    892        6671       7563       608        6829       7437       7437       1.03       0.61     7219.17    12415.78     7437   
9791604.00    938        7085       8023       562        6415       6977       6977       1.04       0.62     6707.88    12927.08     6977   
9843687.00    912        6990       7902       588        6510       7098       7098       1.03       0.62     6884.50    12750.45     7098   
9895770.00    913        7106       8019       587        6394       6981       6981       1.03       0.62     6757.70    12877.26     6981   
9947853.00    904        6720       7624       596        6780       7376       7376       1.03       0.61     7193.09    12441.86     7376   
9999936.00    1004       8089       9093       496        5411       5907       5907       1.04       0.65     5695.79    13939.16     5907   
10052019.00    899        6814       7713       601        6686       7287       7287       1.03       0.61     7060.09    12574.86     7287   
10104102.00    938        7149       8087       562        6351       6913       6913       1.03       0.63     6713.60    12921.35     6913   
10156185.00    955        7487       8442       545        6013       6558       6558       1.03       0.64     6385.39    13249.57     6558   
10208268.00    924        7172       8096       576        6328       6904       6904       1.03       0.63     6693.84    12941.12     6904   
10260351.00    881        6750       7631       619        6750       7369       7369       1.02       0.61     7205.01    12429.94     7369   
10312434.00    901        6843       7744       599        6657       7256       5837       1.03       0.62     7061.93    12573.02     3628   
10364517.00    913        7086       7999       587        6414       7001       5370       1.03       0.62     6784.47    12850.48     3500   
10416600.00    876        6499       7375       624        7001       7625       6238       1.02       0.61     7458.71    12176.25     3812   
10468683.00    860        6407       7267       640        7093       7733       6132       1.02       0.60     7566.47    12068.49     3866   
10520766.00    990        7639       8629       510        5861       6371       5200       1.03       0.64     6155.58    13479.38     3185   
10572849.00    981        7477       8458       519        6023       6542       5108       1.03       0.64     6328.82    13306.13     3271   
10624932.00    899        6710       7609       601        6790       7391       3654       1.03       0.61     7193.92    12441.04     1847   
10677015.00    906        6570       7476       594        6930       7524       5193       1.03       0.61     7278.52    12356.44     2508   
10729098.00    896        6589       7485       604        6911       7515       5129       1.03       0.61     7269.34    12365.61     2505   
10781181.00    1044       7996       9040       456        5504       5960       4574       1.04       0.65     5716.90    13918.06     2980   
10833264.00    897        6365       7262       603        7135       7738       6690       1.03       0.60     7494.59    12140.37     3869   
10885347.00    971        7206       8177       529        6294       6823       6823       1.04       0.63     6580.31    13054.64     6823   
10937430.00    973        7311       8284       527        6189       6716       6716       1.03       0.63     6502.19    13132.76     6716   
10989513.00    980        7175       8155       520        6325       6845       6845       1.04       0.63     6592.96    13042.00     6845   
11041596.00    987        7233       8220       513        6267       6780       6780       1.04       0.63     6495.72    13139.23     6780   
11093679.00    918        6496       7414       582        7004       7586       7586       1.04       0.60     7305.23    12329.72     7586   
11145762.00    927        6675       7602       573        6825       7398       7398       1.04       0.61     7098.96    12536.00     7398   
11197845.00    909        6582       7491       591        6918       7509       7509       1.04       0.60     7236.84    12398.12     7509   
11249928.00    918        6675       7593       582        6825       7407       7407       1.05       0.60     7081.92    12553.03     7407   
11302011.00    955        7144       8099       545        6356       6901       6901       1.06       0.62     6495.41    13139.55     6901   
11354094.00    1001       7332       8333       499        6168       6667       6667       1.07       0.62     6259.91    13375.04     6667   
11406177.00    961        7148       8109       539        6352       6891       6891       1.06       0.62     6512.41    13122.55     6891   
11458260.00    986        7186       8172       514        6314       6828       6828       1.06       0.62     6461.01    13173.95     6828   
11510343.00    1034       7680       8714       466        5820       6286       6286       1.07       0.63     5891.64    13743.32     6286   
11562426.00    992        7455       8447       508        6045       6553       6553       1.05       0.63     6221.58    13413.38     6553   
11614509.00    1018       7704       8722       482        5796       6278       6278       1.06       0.64     5925.78    13709.18     6278   
11666592.00    1019       7634       8653       481        5866       6347       6347       1.07       0.63     5958.67    13676.29     6347   
11718675.00    997        7606       8603       503        5894       6397       6397       1.06       0.63     6045.12    13589.83     6397   
11770758.00    1000       7473       8473       500        6027       6527       6527       1.06       0.63     6160.52    13474.43     6527   
11822841.00    999        7404       8403       501        6096       6597       5578       1.06       0.63     6249.23    13385.72     3298   
11874924.00    1081       8430       9511       419        5070       5489       5489       1.05       0.66     5230.35    14404.60     5489   
11927007.00    1042       8000       9042       458        5500       5958       5958       1.05       0.65     5699.23    13935.73     5958   
11979090.00    997        7809       8806       503        5691       6194       6194       1.04       0.64     5933.74    13701.22     6194   
12031173.00    1009       7779       8788       491        5721       6212       6212       1.05       0.64     5915.03    13719.93     6212   
12083256.00    1022       7961       8983       478        5539       6017       6017       1.05       0.65     5716.01    13918.95     6017   
12135339.00    1040       7858       8898       460        5642       6102       5030       1.06       0.64     5759.17    13875.79     3051   
12187422.00    1007       7813       8820       493        5687       6180       6180       1.05       0.64     5877.13    13757.83     6180   
12239505.00    1009       7816       8825       491        5684       6175       6175       1.05       0.64     5900.20    13734.76     6175   
12291588.00    986        7476       8462       514        6024       6538       6538       1.04       0.63     6293.94    13341.01     6538   
12343671.00    997        7632       8629       503        5868       6371       6371       1.05       0.64     6059.35    13575.61     6371   
12395754.00    1088       8407       9495       412        5093       5505       5505       1.06       0.66     5211.35    14423.61     5505   
12447837.00    1110       8640       9750       390        4860       5250       5250       1.06       0.66     4947.96    14687.00     5250   
12499920.00    1050       8014       9064       450        5486       5936       5936       1.06       0.65     5621.08    14013.87     5936   
12552003.00    1005       7499       8504       495        6001       6496       6496       1.04       0.63     6224.04    13410.91     6496   
12604086.00    1071       8268       9339       429        5232       5661       5661       1.06       0.65     5322.81    14312.15     5661   
12656169.00    1025       7815       8840       475        5685       6160       6160       1.06       0.64     5818.95    13816.01     6160   
12708252.00    1124       8716       9840       376        4784       5160       5160       1.06       0.67     4852.56    14782.40     5160   
12760335.00    1058       8213       9271       442        5287       5729       4563       1.07       0.65     5352.69    14282.26     2864   
12812418.00    1111       8642       9753       389        4858       5247       5247       1.07       0.66     4903.29    14731.66     5247   
12864501.00    1050       8073       9123       450        5427       5877       5877       1.06       0.65     5525.84    14109.12     5877   
12916584.00    967        7126       8093       533        6374       6907       6907       1.04       0.62     6613.87    13021.08     6907   
12968667.00    1018       7751       8769       482        5749       6231       6231       1.06       0.64     5893.27    13741.68     6231   
13020750.00    1005       7439       8444       495        6061       6556       6556       1.05       0.63     6256.24    13378.71     6556   
13072833.00    1010       7364       8374       490        6136       6626       6626       1.05       0.63     6324.13    13310.83     6626   
13124916.00    997        7573       8570       503        5927       6430       6430       1.05       0.63     6127.17    13507.79     6430   
13176999.00    1006       7539       8545       494        5961       6455       6455       1.05       0.63     6166.68    13468.27     6455   
13229082.00    1006       7605       8611       494        5895       6389       6389       1.05       0.63     6067.08    13567.87     6389   
13281165.00    1032       7966       8998       468        5534       6002       6002       1.05       0.65     5696.79    13938.16     6002   
13333248.00    970        7198       8168       530        6302       6832       6832       1.04       0.62     6541.79    13093.16     6832   
13385331.00    1004       7418       8422       496        6082       6578       6578       1.05       0.63     6265.43    13369.52     6578   
13437414.00    982        7033       8015       518        6467       6985       4627       1.04       0.62     6718.34    12916.61     3492   
13489497.00    956        6902       7858       544        6598       7142       7142       1.04       0.61     6839.21    12795.75     7142   
13541580.00    989        7288       8277       511        6212       6723       6723       1.05       0.63     6420.27    13214.68     6723   
13593663.00    965        7054       8019       535        6446       6981       6981       1.04       0.62     6702.49    12932.46     6981   
13645746.00    1012       7395       8407       488        6105       6593       6593       1.04       0.63     6325.11    13309.85     6593   
13697829.00    975        7102       8077       525        6398       6923       6923       1.04       0.62     6647.06    12987.90     6923   
13749912.00    954        7011       7965       546        6489       7035       7035       1.04       0.62     6751.17    12883.78     7035   
13801995.00    979        7109       8088       521        6391       6912       6912       1.05       0.62     6607.07    13027.88     6912   
13854078.00    940        6768       7708       560        6732       7292       7292       1.04       0.61     6992.76    12642.19     7292   
13906161.00    985        7124       8109       515        6376       6891       6891       1.06       0.62     6489.52    13145.44     6891   
13958244.00    960        6951       7911       540        6549       7089       7089       1.06       0.61     6695.95    12939.00     7089   
14010327.00    963        7010       7973       537        6490       7027       7027       1.05       0.61     6661.78    12973.17     7027   
14062410.00    973        7102       8075       527        6398       6925       6925       1.05       0.62     6599.93    13035.02     6925   
14114493.00    990        7138       8128       510        6362       6872       6872       1.05       0.62     6574.06    13060.89     6872   
14166576.00    967        6881       7848       533        6619       7152       7152       1.04       0.62     6907.91    12727.05     7152   
14218659.00    984        6921       7905       516        6579       7095       7095       1.03       0.62     6865.47    12769.48     7095   
14270742.00    994        7188       8182       506        6312       6818       6818       1.04       0.63     6564.55    13070.41     6818   
14322825.00    953        6942       7895       547        6558       7105       7105       1.03       0.62     6874.04    12760.92     7105   
14374908.00    958        6945       7903       542        6555       7097       7097       1.03       0.62     6864.66    12770.29     7097   
14426991.00    958        7109       8067       542        6391       6933       5808       1.04       0.62     6694.20    12940.76     3466   
14479074.00    968        7046       8014       532        6454       6986       6986       1.02       0.63     6825.23    12809.73     6986   
14531157.00    965        7021       7986       535        6479       7014       7014       1.02       0.63     6858.37    12776.58     7014   
14583240.00    981        7423       8404       519        6077       6596       6596       1.03       0.63     6389.29    13245.67     6596   
14635323.00    993        7436       8429       507        6064       6571       6571       1.03       0.63     6357.19    13277.76     6571   
14687406.00    952        7031       7983       548        6469       7017       7017       1.04       0.62     6774.74    12860.21     7017   
14739489.00    949        7194       8143       551        6306       6857       6857       1.04       0.62     6565.69    13069.27     6857   
14791572.00    945        7012       7957       555        6488       7043       7043       1.04       0.62     6745.30    12889.66     7043   
14843655.00    937        6928       7865       563        6572       7135       7135       1.04       0.62     6880.38    12754.57     7135   
14895738.00    915        6692       7607       585        6808       7393       7393       1.03       0.61     7205.86    12429.09     7393   
14947821.00    927        6692       7619       573        6808       7381       7381       1.03       0.61     7160.55    12474.41     7381   
14999904.00    963        6809       7772       537        6691       7228       7228       1.04       0.61     6943.83    12691.13     7228   
15051987.00    953        6717       7670       547        6783       7330       7330       1.04       0.61     7073.43    12561.53     7330   
15104070.00    1015       7457       8472       485        6043       6528       6528       1.04       0.63     6265.00    13369.95     6528   
15156153.00    1065       7876       8941       435        5624       6059       6059       1.05       0.65     5787.02    13847.93     6059   
15208236.00    1006       7285       8291       494        6215       6709       6709       1.04       0.63     6437.12    13197.83     6709   
15260319.00    1036       7753       8789       464        5747       6211       6211       1.06       0.64     5866.51    13768.45     6211   
15312402.00    962        7065       8027       538        6435       6973       6973       1.04       0.62     6692.70    12942.26     6973   
15364485.00    1018       7312       8330       482        6188       6670       6670       1.05       0.63     6379.32    13255.63     6670   
15416568.00    1045       7604       8649       455        5896       6351       5113       1.04       0.64     6077.98    13556.97     3175   
15468651.00    1048       7753       8801       452        5747       6199       4995       1.05       0.64     5879.88    13755.08     3099   
15520734.00    1025       7618       8643       475        5882       6357       4947       1.05       0.64     6060.14    13574.81     3178   
15572817.00    1082       8191       9273       418        5309       5727       5727       1.05       0.65     5461.54    14173.41     5727   
15624900.00    1032       7750       8782       468        5750       6218       5179       1.05       0.64     5944.43    13690.53     3109   
15676983.00    974        7122       8096       526        6378       6904       5792       1.05       0.62     6582.61    13052.34     3452   
15729066.00    949        6846       7795       551        6654       7205       7205       1.04       0.61     6927.63    12707.33     7205   
15781149.00    1015       7675       8690       485        5825       6310       5188       1.06       0.64     5966.46    13668.49     3155   
15833232.00    975        7139       8114       525        6361       6886       5780       1.05       0.62     6548.40    13086.55     3443   
15885315.00    924        6898       7822       576        6602       7178       6013       1.04       0.61     6872.24    12762.71     3589   
15937398.00    978        7132       8110       522        6368       6890       6890       1.04       0.62     6593.75    13041.20     6890   
15989481.00    982        7219       8201       518        6281       6799       5560       1.05       0.62     6471.31    13163.64     3399   
16041564.00    1001       7419       8420       499        6081       6580       6580       1.05       0.63     6265.87    13369.09     6580   
16093647.00    981        7218       8199       519        6282       6801       6801       1.05       0.62     6480.56    13154.39     6801   
16145730.00    967        7101       8068       533        6399       6932       6932       1.05       0.62     6600.67    13034.28     6932   
16197813.00    965        7014       7979       535        6486       7021       7021       1.05       0.62     6690.78    12944.18     7021   
16249896.00    939        6872       7811       561        6628       7189       7189       1.04       0.61     6916.76    12718.20     7189   
16301979.00    968        7025       7993       532        6475       7007       7007       1.04       0.62     6748.50    12886.45     7007   
16354062.00    962        6971       7933       538        6529       7067       7067       1.03       0.62     6884.93    12750.02     7067   
16406145.00    993        7336       8329       507        6164       6671       6671       1.03       0.63     6484.64    13150.32     6671   
16458228.00    881        6439       7320       619        7061       7680       7680       1.02       0.60     7528.68    12106.27     7680   
16510311.00    987        7448       8435       513        6052       6565       6565       1.03       0.64     6375.29    13259.67     6565   
16562394.00    943        7100       8043       557        6400       6957       6957       1.03       0.62     6724.63    12910.33     6957   
16614477.00    991        7249       8240       509        6251       6760       6760       1.03       0.63     6532.11    13102.84     6760   
16666560.00    1014       7749       8763       486        5751       6237       6237       1.04       0.64     6016.48    13618.47     6237   
16718643.00    1007       7626       8633       493        5874       6367       6367       1.04       0.64     6144.50    13490.46     6367   
16770726.00    1072       8465       9537       428        5035       5463       3082       1.04       0.66     5231.60    14403.36     2731   
16822809.00    1036       7902       8938       464        5598       6062       6062       1.04       0.65     5817.70    13817.26     6062   
16874892.00    1043       7741       8784       457        5759       6216       6216       1.04       0.64     6001.39    13633.56     6216   
16926975.00    1035       7544       8579       465        5956       6421       6421       1.04       0.64     6187.83    13447.13     6421   
16979058.00    1022       7553       8575       478        5947       6425       6425       1.04       0.64     6184.40    13450.55     6425   
17031141.00    1053       7654       8707       447        5846       6293       6293       1.04       0.64     6040.33    13594.63     6293   
17083224.00    966        6686       7652       534        6814       7348       6234       1.03       0.61     7112.25    12522.70     3674   
17135307.00    953        6865       7818       547        6635       7182       6088       1.04       0.62     6932.57    12702.38     3591   
17187390.00    955        6989       7944       545        6511       7056       7056       1.03       0.62     6872.65    12762.30     7056   
17239473.00    1083       7967       9050       417        5533       5950       5950       1.04       0.65     5712.25    13922.70     5950   
17291556.00    1038       7484       8522       462        6016       6478       2729       1.03       0.64     6297.76    13337.20     2159   
17343639.00    997        7180       8177       503        6320       6823       6823       1.04       0.63     6587.76    13047.19     6823   
17395722.00    1049       7626       8675       451        5874       6325       6325       1.04       0.64     6072.94    13562.01     6325   
17447805.00    1035       7654       8689       465        5846       6311       6311       1.05       0.64     6028.44    13606.51     6311   
17499888.00    1023       7524       8547       477        5976       6453       6453       1.04       0.64     6197.97    13436.98     6453   
17551971.00    1021       7459       8480       479        6041       6520       6520       1.04       0.63     6270.30    13364.65     6520   
17604054.00    1071       7917       8988       429        5583       6012       6012       1.04       0.65     5786.58    13848.37     6012   
17656137.00    1062       7768       8830       438        5732       6170       6170       1.04       0.65     5951.06    13683.90     6170   
17708220.00    1017       7544       8561       483        5956       6439       6439       1.03       0.64     6255.80    13379.15     6439   
17760303.00    989        7158       8147       511        6342       6853       6853       1.04       0.62     6585.76    13049.19     6853   
17812386.00    1003       7261       8264       497        6239       6736       3520       1.04       0.63     6486.70    13148.25     3368   
17864469.00    1054       7965       9019       446        5535       5981       5981       1.05       0.65     5674.91    13960.05     5981   
17916552.00    1018       7538       8556       482        5962       6444       6444       1.04       0.64     6216.34    13418.62     6444   
17968635.00    1008       7467       8475       492        6033       6525       3320       1.03       0.64     6313.60    13321.36     3262   
18020718.00    1017       7606       8623       483        5894       6377       3253       1.04       0.64     6160.71    13474.24     3188   
18072801.00    1021       7670       8691       479        5830       6309       6309       1.04       0.64     6049.97    13584.98     6309   
18124884.00    1005       7725       8730       495        5775       6270       3377       1.03       0.64     6063.32    13571.63     3135   
18176967.00    1071       8143       9214       429        5357       5786       3013       1.05       0.65     5518.12    14116.83     2893   
18229050.00    1042       8072       9114       458        5428       5886       3209       1.05       0.65     5606.71    14028.24     2943   
18281133.00    1041       7956       8997       459        5544       6003       3193       1.05       0.65     5740.85    13894.10     3001   
18333216.00    1019       7821       8840       481        5679       6160       6160       1.04       0.64     5902.95    13732.00     6160   
18385299.00    1026       7802       8828       474        5698       6172       3936       1.04       0.64     5911.26    13723.69     3086   
18437382.00    1032       7878       8910       468        5622       6090       3891       1.05       0.64     5791.79    13843.16     3045   
18489465.00    1026       7676       8702       474        5824       6298       3902       1.04       0.64     6030.07    13604.89     3149   
18541548.00    1059       8219       9278       441        5281       5722       3351       1.05       0.65     5435.10    14199.85     2861   
18593631.00    1047       7989       9036       453        5511       5964       3457       1.06       0.65     5640.40    13994.55     2982   
18645714.00    1041       8092       9133       459        5408       5867       3385       1.06       0.65     5550.60    14084.36     2933   
18697797.00    1071       8241       9312       429        5259       5688       3502       1.06       0.65     5365.33    14269.63     2844   
18749880.00    1064       8226       9290       436        5274       5710       5710       1.06       0.65     5385.08    14249.87     5710   
18801963.00    1098       8494       9592       402        5006       5408       5408       1.07       0.66     5047.37    14587.59     5408   
18854046.00    1091       8469       9560       409        5031       5440       5440       1.06       0.66     5115.96    14518.99     5440   
18906129.00    1104       8361       9465       396        5139       5535       5535       1.06       0.66     5213.43    14421.52     5535   
18958212.00    1100       8346       9446       400        5154       5554       5554       1.06       0.66     5228.65    14406.31     5554   
19010295.00    1073       8133       9206       427        5367       5794       5794       1.07       0.65     5439.08    14195.88     5794   
19062378.00    1057       8000       9057       443        5500       5943       3482       1.06       0.64     5590.51    14044.45     2971   
19114461.00    1074       8207       9281       426        5293       5719       3473       1.07       0.65     5336.67    14298.28     2859   
19166544.00    1071       8147       9218       429        5353       5782       3758       1.06       0.65     5439.49    14195.47     2891   
19218627.00    1031       7942       8973       469        5558       6027       6027       1.06       0.64     5681.74    13953.21     6027   
19270710.00    1059       7987       9046       441        5513       5954       5954       1.07       0.64     5586.07    14048.88     5954   
19322793.00    1066       8100       9166       434        5400       5834       5834       1.07       0.65     5440.08    14194.87     5834   
19374876.00    1019       7859       8878       481        5641       6122       6122       1.06       0.64     5758.12    13876.84     6122   
19426959.00    1024       7725       8749       476        5775       6251       6251       1.06       0.64     5916.08    13718.87     6251   
19479042.00    1033       7775       8808       467        5725       6192       6192       1.05       0.64     5888.20    13746.76     6192   
19531125.00    1042       7880       8922       458        5620       6078       6078       1.05       0.64     5780.11    13854.84     6078   
19583208.00    1063       7991       9054       437        5509       5946       5946       1.05       0.65     5652.34    13982.62     5946   
19635291.00    1038       7862       8900       462        5638       6100       6100       1.05       0.64     5819.30    13815.66     6100   
19687374.00    1043       7775       8818       457        5725       6182       6182       1.06       0.64     5834.75    13800.21     6182   
19739457.00    1072       7976       9048       428        5524       5952       5952       1.07       0.64     5582.74    14052.21     5952   
19791540.00    1031       7648       8679       469        5852       6321       6321       1.06       0.63     5940.17    13694.78     6321   
19843623.00    1039       7679       8718       461        5821       6282       6282       1.06       0.63     5898.85    13736.11     6282   
19895706.00    1053       7889       8942       447        5611       6058       6058       1.06       0.64     5702.31    13932.65     6058   
19947789.00    1030       7815       8845       470        5685       6155       6155       1.06       0.64     5818.61    13816.35     6155   
19999872.00    1026       7802       8828       474        5698       6172       6172       1.05       0.64     5891.84    13743.11     6172   
20051955.00    1020       7802       8822       480        5698       6178       6178       1.05       0.64     5892.33    13742.63     6178   
20104038.00    1031       7680       8711       469        5820       6289       6289       1.05       0.64     5989.82    13645.13     6289   
20156121.00    1032       7701       8733       468        5799       6267       6267       1.05       0.64     5983.44    13651.52     6267   
20208204.00    1042       8000       9042       458        5500       5958       5958       1.04       0.65     5706.38    13928.58     5958   
20260287.00    1044       8136       9180       456        5364       5820       5820       1.05       0.65     5548.74    14086.21     5820   
20312370.00    1053       8179       9232       447        5321       5768       5768       1.06       0.65     5422.71    14212.25     5768   
20364453.00    1040       7816       8856       460        5684       6144       6144       1.05       0.64     5836.48    13798.47     6144   
20416536.00    1060       8104       9164       440        5396       5836       5836       1.06       0.65     5484.74    14150.22     5836   
20468619.00    1074       8276       9350       426        5224       5650       5650       1.07       0.65     5296.72    14338.23     5650   
20520702.00    1073       8177       9250       427        5323       5750       5750       1.07       0.65     5392.43    14242.52     5750   
20572785.00    1040       8014       9054       460        5486       5946       5946       1.06       0.65     5598.81    14036.15     5946   
20624868.00    1015       7849       8864       485        5651       6136       6136       1.05       0.64     5817.77    13817.19     6136   
20676951.00    954        7017       7971       546        6483       7029       7029       1.05       0.62     6698.72    12936.23     7029   
20729034.00    992        7308       8300       508        6192       6700       6700       1.05       0.63     6383.09    13251.86     6700   
20781117.00    1039       7722       8761       461        5778       6239       6239       1.04       0.64     5979.87    13655.09     6239   
20833200.00    1068       8231       9299       432        5269       5701       5701       1.04       0.66     5458.53    14176.42     5701   
