 Timestep    Gas_A      Gas_B     Gas_tot    Dense_A    Dense_B   Dense_tot   Lg_clust  DP_density GP_density Clust_area  Gas_area     MCS    
   0.00      12000       3000      15000        0          0          0          6         0.00       0.76       0.00     19634.96      0     
 93750.00    12000       3000      15000        0          0          0         188        0.00       0.76       0.00     19634.96      0     
187500.00    12000       3000      15000        0          0          0         595        0.00       0.76       0.00     19634.96      0     
281250.00    12000       3000      15000        0          0          0         750        0.00       0.76       0.00     19634.96      0     
375000.00    12000       3000      15000        0          0          0         673        0.00       0.76       0.00     19634.96      0     
468750.00     9972       2406      12378       2028       594        2622       1471       0.99       0.73     2654.03    16980.93     1311   
562500.00     9992       2409      12401       2008       591        2599       1470       1.01       0.73     2578.60    17056.35     1299   
656250.00     9258       2253      11511       2742       747        3489       1829       1.02       0.71     3412.59    16222.36     1744   
750000.00     9044       2141      11185       2956       859        3815       2020       1.04       0.70     3675.87    15959.09     1907   
843750.00     7587       1711       9298       4413       1289       5702       3123       1.04       0.66     5482.10    14152.85     2851   
937500.00     7659       1729       9388       4341       1271       5612       2644       1.04       0.66     5372.04    14262.92     1870   
1031250.00    7509       1656       9165       4491       1344       5835       3230       1.05       0.65     5556.15    14078.80     2917   
1125000.00    6316       1357       7673       5684       1643       7327       3478       1.04       0.61     7017.01    12617.94     2442   
1218750.00    6665       1460       8125       5335       1540       6875       3541       1.05       0.62     6565.91    13069.04     2291   
1312500.00    6534       1429       7963       5466       1571       7037       3495       1.05       0.61     6677.73    12957.23     2345   
1406250.00    6208       1340       7548       5792       1660       7452       3623       1.05       0.60     7081.29    12553.67     2484   
1500000.00    6481       1393       7874       5519       1607       7126       3258       1.06       0.61     6713.68    12921.27     2375   
1593750.00    6358       1365       7723       5642       1635       7277       3414       1.06       0.60     6842.58    12792.37     2425   
1687500.00    6230       1308       7538       5770       1692       7462       3646       1.07       0.59     6943.90    12691.06     2487   
1781250.00    6065       1256       7321       5935       1744       7679       3887       1.08       0.59     7138.28    12496.68     2559   
1875000.00    5777       1183       6960       6223       1817       8040       4015       1.07       0.57     7524.27    12110.69     2680   
1968750.00    5700       1150       6850       6300       1850       8150       4086       1.07       0.57     7630.14    12004.82     2716   
2062500.00    5416       1077       6493       6584       1923       8507       4224       1.07       0.56     7964.97    11669.99     2835   
2156250.00    5397       1066       6463       6603       1934       8537       4094       1.08       0.55     7930.23    11704.73     2845   
2250000.00    5264       1014       6278       6736       1986       8722       4374       1.07       0.55     8176.76    11458.20     2907   
2343750.00    5286       1015       6301       6714       1985       8699       4365       1.08       0.55     8077.88    11557.08     2899   
2437500.00    5271       1012       6283       6729       1988       8717       4414       1.07       0.55     8125.57    11509.39     2905   
2531250.00    5350       991        6341       6650       2009       8659       4524       1.07       0.55     8061.24    11573.71     2886   
2625000.00    4973       946        5919       7027       2054       9081       4658       1.06       0.53     8529.89    11105.07     3027   
2718750.00    5043       996        6039       6957       2004       8961       4712       1.07       0.54     8399.95    11235.00     2987   
2812500.00    4898       899        5797       7102       2101       9203       4782       1.06       0.53     8703.26    10931.70     3067   
2906250.00    5069       977        6046       6931       2023       8954       4758       1.06       0.54     8458.54    11176.41     2984   
3000000.00    4930       944        5874       7070       2056       9126       4859       1.06       0.53     8612.89    11022.07     3042   
3093750.00    5070       932        6002       6930       2068       8998       3007       1.06       0.54     8506.12    11128.83     2249   
3187500.00    4972       911        5883       7028       2089       9117       4923       1.05       0.54     8652.89    10982.06     3039   
3281250.00    5148       961        6109       6852       2039       8891       4954       1.06       0.54     8394.38    11240.57     2963   
3375000.00    4890       887        5777       7110       2113       9223       5147       1.06       0.53     8706.38    10928.58     3074   
3468750.00    4891       892        5783       7109       2108       9217       6716       1.06       0.53     8656.18    10978.78     4608   
3562500.00    4909       889        5798       7091       2111       9202       5138       1.06       0.53     8699.00    10935.95     3067   
3656250.00    4895       890        5785       7105       2110       9215       6635       1.05       0.53     8754.36    10880.60     4607   
3750000.00    5034       944        5978       6966       2056       9022       6388       1.05       0.54     8554.29    11080.66     4511   
3843750.00    5006       917        5923       6994       2083       9077       5254       1.05       0.54     8612.96    11021.99     3025   
3937500.00    5080       966        6046       6920       2034       8954       5405       1.05       0.54     8489.93    11145.03     2984   
4031250.00    5268       1008       6276       6732       1992       8724       6383       1.05       0.55     8296.72    11338.23     4362   
4125000.00    5107       947        6054       6893       2053       8946       6656       1.05       0.55     8532.77    11102.18     4473   
4218750.00    5307       1007       6314       6693       1993       8686       6439       1.05       0.55     8246.86    11388.09     4343   
4312500.00    5223       987        6210       6777       2013       8790       6521       1.05       0.55     8351.79    11283.16     4395   
4406250.00    5419       1043       6462       6581       1957       8538       6185       1.05       0.56     8093.21    11541.75     4269   
4500000.00    6161       1240       7401       5839       1760       7599       5155       1.06       0.59     7148.44    12486.52     3799   
4593750.00    5954       1218       7172       6046       1782       7828       5296       1.07       0.58     7348.95    12286.01     3914   
4687500.00    6122       1278       7400       5878       1722       7600       5215       1.06       0.59     7159.11    12475.84     3800   
4781250.00    6301       1286       7587       5699       1714       7413       5060       1.07       0.60     6921.43    12713.52     3706   
4875000.00    6084       1233       7317       5916       1767       7683       5418       1.08       0.59     7141.64    12493.32     3841   
4968750.00    5421       1039       6460       6579       1961       8540       6298       1.07       0.55     7977.12    11657.84     4270   
5062500.00    5207       991        6198       6793       2009       8802       8802       1.07       0.54     8232.51    11402.44     8802   
5156250.00    5399       1017       6416       6601       1983       8584       8584       1.06       0.55     8064.68    11570.27     8584   
5250000.00    5879       1158       7037       6121       1842       7963       6099       1.07       0.58     7430.48    12204.47     3981   
5343750.00    5834       1135       6969       6166       1865       8031       6096       1.07       0.58     7537.26    12097.69     4015   
5437500.00    6138       1275       7413       5862       1725       7587       5755       1.07       0.59     7067.40    12567.55     3793   
5531250.00    5858       1196       7054       6142       1804       7946       6155       1.07       0.58     7442.29    12192.66     3973   
5625000.00    6417       1348       7765       5583       1652       7235       5297       1.06       0.61     6813.34    12821.62     3617   
5718750.00    6731       1449       8180       5269       1551       6820       5010       1.07       0.62     6383.03    13251.92     3410   
5812500.00    5907       1192       7099       6093       1808       7901       5907       1.06       0.58     7438.41    12196.55     3950   
5906250.00    5886       1228       7114       6114       1772       7886       6057       1.07       0.58     7349.07    12285.89     3943   
6000000.00    5715       1172       6887       6285       1828       8113       6164       1.07       0.57     7615.22    12019.74     4056   
6093750.00    5880       1216       7096       6120       1784       7904       6100       1.06       0.58     7423.68    12211.28     3952   
6187500.00    6019       1227       7246       5981       1773       7754       5932       1.07       0.58     7235.48    12399.48     3877   
6281250.00    5920       1233       7153       6080       1767       7847       6105       1.08       0.58     7280.52    12354.44     3923   
6375000.00    5831       1175       7006       6169       1825       7994       6249       1.08       0.57     7418.35    12216.61     3997   
6468750.00    5680       1124       6804       6320       1876       8196       6508       1.08       0.57     7597.47    12037.48     4098   
6562500.00    5711       1138       6849       6289       1862       8151       6585       1.08       0.57     7562.96    12071.99     4075   
6656250.00    6269       1297       7566       5731       1703       7434       6069       1.08       0.59     6908.04    12726.91     3717   
6750000.00    5593       1114       6707       6407       1886       8293       6774       1.08       0.56     7687.25    11947.70     4146   
6843750.00    5021       981        6002       6979       2019       8998       7820       1.07       0.53     8384.70    11250.26     4499   
6937500.00    6271       1311       7582       5729       1689       7418       7418       1.08       0.59     6849.85    12785.11     7418   
7031250.00    5613       1147       6760       6387       1853       8240       8240       1.08       0.56     7624.80    12010.16     8240   
7125000.00    5278       1086       6364       6722       1914       8636       8636       1.07       0.55     8053.77    11581.18     8636   
7218750.00    5442       1085       6527       6558       1915       8473       8473       1.07       0.56     7886.36    11748.60     8473   
7312500.00    5380       1114       6494       6620       1886       8506       8506       1.07       0.55     7930.28    11704.68     8506   
7406250.00    5550       1112       6662       6450       1888       8338       7165       1.08       0.56     7749.11    11885.84     4169   
7500000.00    5355       1086       6441       6645       1914       8559       8559       1.07       0.55     7996.59    11638.36     8559   
7593750.00    5612       1177       6789       6388       1823       8211       7080       1.08       0.57     7629.17    12005.78     4105   
7687500.00    5653       1156       6809       6347       1844       8191       8191       1.08       0.56     7568.65    12066.30     8191   
7781250.00    5362       1083       6445       6638       1917       8555       8555       1.09       0.55     7884.77    11750.18     8555   
7875000.00    5305       1067       6372       6695       1933       8628       8628       1.08       0.55     7990.71    11644.25     8628   
7968750.00    5217       1045       6262       6783       1955       8738       8738       1.08       0.54     8112.47    11522.48     8738   
8062500.00    5104       1005       6109       6896       1995       8891       8891       1.08       0.54     8265.88    11369.08     8891   
8156250.00    5063       992        6055       6937       2008       8945       8945       1.08       0.53     8271.31    11363.64     8945   
8250000.00    5014       987        6001       6986       2013       8999       8999       1.08       0.53     8342.74    11292.21     8999   
8343750.00    5185       1012       6197       6815       1988       8803       8803       1.08       0.54     8157.03    11477.92     8803   
8437500.00    5029       974        6003       6971       2026       8997       8997       1.07       0.53     8379.54    11255.42     8997   
8531250.00    5055       977        6032       6945       2023       8968       8968       1.08       0.53     8317.55    11317.41     8968   
8625000.00    5065       988        6053       6935       2012       8947       8947       1.08       0.53     8297.93    11337.02     8947   
8718750.00    4902       954        5856       7098       2046       9144       9144       1.08       0.52     8459.40    11175.55     9144   
8812500.00    4844       924        5768       7156       2076       9232       9232       1.08       0.52     8568.77    11066.18     9232   
8906250.00    4856       937        5793       7144       2063       9207       9207       1.08       0.52     8538.67    11096.28     9207   
9000000.00    4941       985        5926       7059       2015       9074       9074       1.07       0.53     8441.44    11193.51     9074   
9093750.00    4910       961        5871       7090       2039       9129       9129       1.07       0.53     8495.83    11139.13     9129   
9187500.00    4819       973        5792       7181       2027       9208       9208       1.07       0.53     8634.84    11000.11     9208   
9281250.00    4740       965        5705       7260       2035       9295       9295       1.07       0.52     8711.03    10923.93     9295   
9375000.00    4683       930        5613       7317       2070       9387       9387       1.07       0.52     8759.37    10875.58     9387   
9468750.00    4940       1002       5942       7060       1998       9058       9058       1.07       0.53     8435.39    11199.56     9058   
9562500.00    4432       863        5295       7568       2137       9705       9705       1.07       0.50     9098.79    10536.17     9705   
9656250.00    4759       919        5678       7241       2081       9322       9322       1.06       0.52     8765.46    10869.50     9322   
9750000.00    4620       883        5503       7380       2117       9497       9497       1.06       0.52     8992.18    10642.77     9497   
9843750.00    5054       1006       6060       6946       1994       8940       6470       1.07       0.54     8377.53    11257.43     4470   
9937500.00    5531       1097       6628       6469       1903       8372       6139       1.08       0.56     7781.25    11853.71     4186   
10031250.00    5297       1063       6360       6703       1937       8640       8640       1.08       0.55     8031.43    11603.52     8640   
10125000.00    5156       1019       6175       6844       1981       8825       6353       1.08       0.54     8139.70    11495.26     4412   
10218750.00    4887       970        5857       7113       2030       9143       9143       1.08       0.53     8482.34    11152.62     9143   
10312500.00    4934       967        5901       7066       2033       9099       5991       1.08       0.53     8441.49    11193.46     4549   
10406250.00    4909       959        5868       7091       2041       9132       9132       1.08       0.53     8476.84    11158.12     9132   
10500000.00    4764       880        5644       7236       2120       9356       6621       1.07       0.52     8731.05    10903.90     4678   
10593750.00    4789       915        5704       7211       2085       9296       9296       1.08       0.52     8640.97    10993.98     9296   
10687500.00    4827       910        5737       7173       2090       9263       9263       1.07       0.52     8623.19    11011.76     9263   
10781250.00    4626       887        5513       7374       2113       9487       9487       1.07       0.51     8829.03    10805.92     9487   
10875000.00    4741       844        5585       7259       2156       9415       5834       1.08       0.51     8678.09    10956.86     4707   
10968750.00    4516       791        5307       7484       2209       9693       9693       1.08       0.50     8990.91    10644.05     9693   
11062500.00    4439       765        5204       7561       2235       9796       6768       1.07       0.50     9149.03    10485.92     4898   
11156250.00    4458       790        5248       7542       2210       9752       9752       1.06       0.50     9157.69    10477.27     9752   
11250000.00    4401       800        5201       7599       2200       9799       9799       1.06       0.50     9244.68    10390.28     9799   
11343750.00    4600       880        5480       7400       2120       9520       9520       1.06       0.51     8951.36    10683.59     9520   
11437500.00    4764       888        5652       7236       2112       9348       9348       1.06       0.52     8783.66    10851.30     9348   
11531250.00    4624       873        5497       7376       2127       9503       9503       1.07       0.51     8905.60    10729.36     9503   
11625000.00    4724       875        5599       7276       2125       9401       9401       1.06       0.52     8858.04    10776.91     9401   
11718750.00    4849       901        5750       7151       2099       9250       9250       1.06       0.53     8711.56    10923.40     9250   
11812500.00    5067       949        6016       6933       2051       8984       7791       1.06       0.54     8482.31    11152.64     4492   
11906250.00    5135       979        6114       6865       2021       8886       8886       1.06       0.54     8360.33    11274.62     8886   
12000000.00    4902       892        5794       7098       2108       9206       9206       1.06       0.53     8653.37    10981.58     9206   
12093750.00    4934       934        5868       7066       2066       9132       9132       1.07       0.53     8560.13    11074.83     9132   
12187500.00    5510       1101       6611       6490       1899       8389       8389       1.07       0.56     7856.77    11778.18     8389   
12281250.00    4707       849        5556       7293       2151       9444       8357       1.07       0.52     8861.00    10773.96     4722   
12375000.00    5384       1122       6506       6616       1878       8494       8494       1.07       0.56     7944.10    11690.85     8494   
12468750.00    4383       783        5166       7617       2217       9834       8764       1.07       0.50     9220.11    10414.84     4917   
12562500.00    4395       806        5201       7605       2194       9799       8674       1.07       0.50     9192.53    10442.42     4899   
12656250.00    4564       888        5452       7436       2112       9548       8429       1.07       0.51     8906.49    10728.47     4774   
12750000.00    4581       839        5420       7419       2161       9580       8557       1.07       0.51     8923.71    10711.25     4790   
12843750.00    4469       858        5327       7531       2142       9673       8544       1.07       0.50     9038.05    10596.91     4836   
12937500.00    4467       824        5291       7533       2176       9709       8635       1.06       0.50     9123.60    10511.35     4854   
13031250.00    4377       806        5183       7623       2194       9817       8650       1.06       0.50     9221.00    10413.95     4908   
13125000.00    4537       864        5401       7463       2136       9599       9599       1.06       0.51     9017.46    10617.49     9599   
13218750.00    4509       850        5359       7491       2150       9641       9641       1.06       0.51     9058.82    10576.14     9641   
13312500.00    4238       785        5023       7762       2215       9977       8066       1.06       0.49     9427.61    10207.34     4988   
13406250.00    4511       857        5368       7489       2143       9632       6865       1.06       0.51     9120.02    10514.93     4816   
13500000.00    4805       916        5721       7195       2084       9279       9279       1.05       0.53     8806.01    10828.95     9279   
13593750.00    4983       954        5937       7017       2046       9063       9063       1.05       0.54     8645.56    10989.40     9063   
13687500.00    5155       1020       6175       6845       1980       8825       8825       1.05       0.55     8417.20    11217.76     8825   
13781250.00    5195       1047       6242       6805       1953       8758       8758       1.06       0.55     8300.71    11334.24     8758   
13875000.00    5403       1053       6456       6597       1947       8544       8544       1.05       0.56     8105.81    11529.15     8544   
13968750.00    5001       1025       6026       6999       1975       8974       8974       1.05       0.54     8553.00    11081.95     8974   
14062500.00    5406       1085       6491       6594       1915       8509       8509       1.05       0.56     8123.90    11511.06     8509   
14156250.00    5385       1106       6491       6615       1894       8509       8509       1.05       0.56     8141.00    11493.96     8509   
14250000.00    5610       1151       6761       6390       1849       8239       7171       1.04       0.58     7898.66    11736.29     4119   
14343750.00    5955       1194       7149       6045       1806       7851       7851       1.05       0.59     7466.92    12168.04     7851   
14437500.00    6674       1439       8113       5326       1561       6887       6887       1.05       0.62     6565.32    13069.63     6887   
14531250.00    6546       1426       7972       5454       1574       7028       7028       1.05       0.62     6700.45    12934.50     7028   
14625000.00    5806       1222       7028       6194       1778       7972       6624       1.06       0.58     7549.74    12085.22     3986   
14718750.00    5556       1163       6719       6444       1837       8281       6947       1.06       0.57     7829.59    11805.37     4140   
14812500.00    5744       1206       6950       6256       1794       8050       8050       1.05       0.58     7634.85    12000.10     8050   
14906250.00    6362       1367       7729       5638       1633       7271       7271       1.06       0.61     6868.18    12766.77     7271   
15000000.00    5938       1246       7184       6062       1754       7816       7816       1.05       0.59     7413.57    12221.39     7816   
15093750.00    5944       1231       7175       6056       1769       7825       4586       1.07       0.58     7338.70    12296.25     3912   
15187500.00    6134       1269       7403       5866       1731       7597       7597       1.07       0.59     7090.50    12544.45     7597   
15281250.00    5709       1191       6900       6291       1809       8100       8100       1.07       0.57     7554.37    12080.59     8100   
15375000.00    5538       1108       6646       6462       1892       8354       8354       1.07       0.56     7791.18    11843.78     8354   
15468750.00    5437       1097       6534       6563       1903       8466       8466       1.08       0.55     7842.53    11792.43     8466   
15562500.00    5515       1130       6645       6485       1870       8355       8355       1.07       0.56     7784.49    11850.46     8355   
15656250.00    5606       1158       6764       6394       1842       8236       8236       1.07       0.57     7676.08    11958.87     8236   
15750000.00    5538       1147       6685       6462       1853       8315       8315       1.07       0.56     7765.52    11869.43     8315   
15843750.00    5129       993        6122       6871       2007       8878       7203       1.08       0.54     8251.25    11383.71     4439   
15937500.00    4770       886        5656       7230       2114       9344       7584       1.07       0.52     8720.36    10914.60     4672   
16031250.00    4697       878        5575       7303       2122       9425       7706       1.07       0.52     8813.37    10821.59     4712   
16125000.00    4929       931        5860       7071       2069       9140       7502       1.07       0.53     8567.57    11067.39     4570   
16218750.00    4762       903        5665       7238       2097       9335       7672       1.07       0.52     8693.43    10941.53     4667   
16312500.00    4835       937        5772       7165       2063       9228       7632       1.08       0.52     8535.20    11099.76     4614   
16406250.00    4597       858        5455       7403       2142       9545       5253       1.07       0.51     8905.76    10729.19     3181   
16500000.00    4560       872        5432       7440       2128       9568       9568       1.07       0.51     8973.93    10661.03     9568   
16593750.00    4548       847        5395       7452       2153       9605       9605       1.07       0.51     8974.85    10660.11     9605   
16687500.00    4216       784        5000       7784       2216      10000      10000       1.07       0.49     9350.51    10284.44    10000   
16781250.00    4427       825        5252       7573       2175       9748       9748       1.07       0.50     9124.91    10510.05     9748   
16875000.00    4467       851        5318       7533       2149       9682       9682       1.07       0.50     9078.38    10556.58     9682   
16968750.00    4691       914        5605       7309       2086       9395       9395       1.06       0.52     8826.04    10808.92     9395   
17062500.00    4682       900        5582       7318       2100       9418       9418       1.07       0.52     8839.68    10795.28     9418   
17156250.00    4834       954        5788       7166       2046       9212       9212       1.07       0.52     8577.74    11057.22     9212   
17250000.00    4617       926        5543       7383       2074       9457       9457       1.07       0.51     8871.80    10763.15     9457   
17343750.00    4839       974        5813       7161       2026       9187       9187       1.07       0.53     8614.63    11020.33     9187   
17437500.00    4822       984        5806       7178       2016       9194       9194       1.06       0.53     8656.64    10978.32     9194   
17531250.00    4913       996        5909       7087       2004       9091       9091       1.06       0.53     8567.36    11067.59     9091   
17625000.00    4769       899        5668       7231       2101       9332       9332       1.06       0.52     8824.68    10810.27     9332   
17718750.00    5480       1140       6620       6520       1860       8380       6551       1.07       0.56     7835.94    11799.02     4190   
17812500.00    4564       858        5422       7436       2142       9578       9578       1.07       0.51     8987.34    10647.62     9578   
17906250.00    4765       950        5715       7235       2050       9285       9285       1.07       0.52     8688.41    10946.55     9285   
18000000.00    5510       1108       6618       6490       1892       8382       8382       1.07       0.56     7817.42    11817.54     8382   
18093750.00    6230       1338       7568       5770       1662       7432       7432       1.08       0.59     6872.51    12762.45     7432   
18187500.00    5189       1030       6219       6811       1970       8781       8781       1.07       0.55     8232.36    11402.59     8781   
18281250.00    5406       1118       6524       6594       1882       8476       8476       1.08       0.55     7839.76    11795.20     8476   
18375000.00    5348       1061       6409       6652       1939       8591       8591       1.09       0.55     7893.48    11741.48     8591   
18468750.00    5222       1042       6264       6778       1958       8736       8736       1.08       0.54     8070.96    11564.00     8736   
18562500.00    4530       875        5405       7470       2125       9595       8534       1.07       0.51     9002.87    10632.09     4797   
18656250.00    4606       917        5523       7394       2083       9477       8346       1.07       0.51     8868.30    10766.66     4738   
18750000.00    5395       1123       6518       6605       1877       8482       7362       1.07       0.56     7953.83    11681.12     4241   
18843750.00    5311       1122       6433       6689       1878       8567       7362       1.07       0.55     7989.22    11645.73     4283   
18937500.00    5660       1192       6852       6340       1808       8148       6981       1.08       0.57     7534.62    12100.34     4074   
19031250.00    5228       1048       6276       6772       1952       8724       7519       1.08       0.54     8093.14    11541.82     4362   
19125000.00    5105       1000       6105       6895       2000       8895       7727       1.07       0.54     8276.29    11358.66     4447   
19218750.00    4648       888        5536       7352       2112       9464       7617       1.07       0.51     8845.24    10789.71     4732   
19312500.00    5066       1037       6103       6934       1963       8897       7692       1.07       0.54     8311.21    11323.75     4448   
19406250.00    5031       1045       6076       6969       1955       8924       8924       1.07       0.54     8320.46    11314.50     8924   
19500000.00    4985       1029       6014       7015       1971       8986       8986       1.07       0.53     8368.94    11266.02     8986   
19593750.00    5209       1096       6305       6791       1904       8695       7266       1.08       0.55     8067.87    11567.09     4347   
19687500.00    5290       1090       6380       6710       1910       8620       7116       1.08       0.55     8014.12    11620.83     4310   
19781250.00    5194       1090       6284       6806       1910       8716       8716       1.07       0.55     8118.01    11516.95     8716   
19875000.00    5359       1123       6482       6641       1877       8518       6992       1.07       0.55     7946.68    11688.28     4259   
19968750.00    5353       1110       6463       6647       1890       8537       6950       1.07       0.55     7981.61    11653.35     4268   
20062500.00    5342       1101       6443       6658       1899       8557       7067       1.06       0.56     8042.44    11592.51     4278   
20156250.00    5457       1123       6580       6543       1877       8420       7045       1.06       0.56     7929.78    11705.17     4210   
20250000.00    5227       1067       6294       6773       1933       8706       7337       1.06       0.55     8214.95    11420.00     4353   
20343750.00    5258       1086       6344       6742       1914       8656       7403       1.07       0.55     8081.38    11553.58     4328   
20437500.00    5470       1123       6593       6530       1877       8407       7396       1.07       0.56     7847.91    11787.05     4203   
20531250.00    6421       1387       7808       5579       1613       7192       7192       1.07       0.60     6706.96    12928.00     7192   
20625000.00    5516       1192       6708       6484       1808       8292       7155       1.07       0.57     7778.53    11856.42     4146   
20718750.00    6488       1391       7879       5512       1609       7121       7121       1.08       0.60     6600.93    13034.02     7121   
20812500.00    6468       1377       7845       5532       1623       7155       7155       1.08       0.60     6610.12    13024.84     7155   
20906250.00    6648       1441       8089       5352       1559       6911       6911       1.08       0.61     6372.30    13262.65     6911   
21000000.00    5673       1174       6847       6327       1826       8153       7120       1.07       0.57     7596.56    12038.40     4076   
21093750.00    6390       1391       7781       5610       1609       7219       7219       1.08       0.60     6710.67    12924.29     7219   
21187500.00    5480       1129       6609       6520       1871       8391       7273       1.07       0.56     7850.53    11784.43     4195   
21281250.00    5527       1147       6674       6473       1853       8326       7172       1.07       0.56     7774.17    11860.78     4163   
21375000.00    5352       1082       6434       6648       1918       8566       7414       1.07       0.55     8025.87    11609.09     4283   
21468750.00    5390       1087       6477       6610       1913       8523       7371       1.07       0.56     7968.75    11666.21     4261   
21562500.00    5444       1092       6536       6556       1908       8464       7173       1.07       0.56     7909.41    11725.55     4232   
21656250.00    5685       1172       6857       6315       1828       8143       6851       1.07       0.57     7627.83    12007.12     4071   
21750000.00    5709       1189       6898       6291       1811       8102       6900       1.06       0.57     7621.49    12013.46     4051   
21843750.00    5836       1191       7027       6164       1809       7973       7973       1.06       0.58     7522.50    12112.46     7973   
21937500.00    5724       1141       6865       6276       1859       8135       6875       1.07       0.57     7625.34    12009.61     4067   
22031250.00    5551       1129       6680       6449       1871       8320       8320       1.06       0.57     7846.71    11788.25     8320   
22125000.00    5652       1158       6810       6348       1842       8190       8190       1.07       0.57     7671.49    11963.47     8190   
22218750.00    5567       1112       6679       6433       1888       8321       8321       1.06       0.57     7834.49    11800.46     8321   
22312500.00    6446       1378       7824       5554       1622       7176       7176       1.06       0.61     6739.97    12894.99     7176   
22406250.00    6169       1266       7435       5831       1734       7565       7565       1.06       0.60     7157.12    12477.83     7565   
22500000.00    6147       1300       7447       5853       1700       7553       7553       1.05       0.60     7172.04    12462.92     7553   
22593750.00    6126       1275       7401       5874       1725       7599       7599       1.06       0.59     7148.54    12486.41     7599   
22687500.00    6043       1276       7319       5957       1724       7681       7681       1.06       0.59     7242.65    12392.30     7681   
22781250.00    6097       1304       7401       5903       1696       7599       7599       1.06       0.59     7168.99    12465.96     7599   
22875000.00    6291       1365       7656       5709       1635       7344       7344       1.06       0.60     6897.19    12737.77     7344   
22968750.00    5667       1199       6866       6333       1801       8134       8134       1.06       0.57     7671.84    11963.11     8134   
23062500.00    6220       1320       7540       5780       1680       7460       7460       1.08       0.59     6932.22    12702.73     7460   
23156250.00    6037       1305       7342       5963       1695       7658       7658       1.08       0.59     7107.34    12527.61     7658   
23250000.00    6523       1446       7969       5477       1554       7031       7031       1.08       0.61     6529.14    13105.82     7031   
23343750.00    5356       1144       6500       6644       1856       8500       8500       1.07       0.55     7922.46    11712.49     8500   
23437500.00    5319       1106       6425       6681       1894       8575       8575       1.07       0.55     7993.75    11641.21     8575   
23531250.00    5123       1045       6168       6877       1955       8832       8832       1.08       0.54     8215.47    11419.49     8832   
23625000.00    5227       1046       6273       6773       1954       8727       8727       1.08       0.54     8089.72    11545.23     8727   
23718750.00    5268       1030       6298       6732       1970       8702       8702       1.08       0.54     8072.18    11562.77     8702   
23812500.00    5028       975        6003       6972       2025       8997       6877       1.07       0.54     8417.50    11217.46     4498   
23906250.00    5606       1132       6738       6394       1868       8262       6781       1.07       0.57     7711.32    11923.63     4131   
24000000.00    5659       1163       6822       6341       1837       8178       6877       1.08       0.56     7547.95    12087.00     4089   
24093750.00    6665       1412       8077       5335       1588       6923       6923       1.09       0.61     6353.69    13281.26     6923   
24187500.00    5717       1161       6878       6283       1839       8122       6955       1.07       0.57     7557.14    12077.81     4061   
24281250.00    5880       1197       7077       6120       1803       7923       6725       1.08       0.57     7318.12    12316.84     3961   
24375000.00    5500       1111       6611       6500       1889       8389       7075       1.08       0.56     7784.64    11850.32     4194   
24468750.00    5901       1218       7119       6099       1782       7881       6786       1.08       0.58     7313.10    12321.85     3940   
24562500.00    5808       1170       6978       6192       1830       8022       6779       1.07       0.57     7488.80    12146.15     4011   
24656250.00    5614       1099       6713       6386       1901       8287       7243       1.07       0.56     7717.33    11917.62     4143   
24750000.00    5116       1006       6122       6884       1994       8878       7455       1.07       0.54     8321.25    11313.70     4439   
24843750.00    5319       1059       6378       6681       1941       8622       7215       1.07       0.55     8071.12    11563.84     4311   
24937500.00    5246       1073       6319       6754       1927       8681       7333       1.06       0.55     8152.89    11482.07     4340   
25031250.00    5389       1097       6486       6611       1903       8514       7138       1.07       0.56     7981.00    11653.96     4257   
25125000.00    5866       1200       7066       6134       1800       7934       6470       1.08       0.58     7357.67    12277.29     3967   
25218750.00    5042       966        6008       6958       2034       8992       7524       1.07       0.53     8365.24    11269.72     4496   
25312500.00    5375       1095       6470       6625       1905       8530       8530       1.08       0.55     7898.77    11736.19     8530   
25406250.00    5438       1088       6526       6562       1912       8474       8474       1.08       0.55     7854.26    11780.69     8474   
25500000.00    5225       1053       6278       6775       1947       8722       8722       1.08       0.54     8084.85    11550.10     8722   
25593750.00    5374       1081       6455       6626       1919       8545       8545       1.08       0.55     7902.38    11732.58     8545   
25687500.00    5316       1036       6352       6684       1964       8648       7100       1.08       0.55     7981.43    11653.53     4324   
25781250.00    5351       1064       6415       6649       1936       8585       8585       1.08       0.55     7931.04    11703.91     8585   
25875000.00    5573       1112       6685       6427       1888       8315       8315       1.09       0.56     7622.85    12012.11     8315   
25968750.00    5490       1097       6587       6510       1903       8413       8413       1.09       0.55     7700.92    11934.03     8413   
26062500.00    5415       1106       6521       6585       1894       8479       8479       1.09       0.55     7801.75    11833.20     8479   
26156250.00    5371       1075       6446       6629       1925       8554       8554       1.09       0.55     7883.64    11751.31     8554   
26250000.00    6126       1293       7419       5874       1707       7581       7581       1.08       0.59     6994.81    12640.15     7581   
26343750.00    5206       1044       6250       6794       1956       8750       7631       1.08       0.54     8120.14    11514.82     4375   
26437500.00    6020       1304       7324       5980       1696       7676       7676       1.08       0.58     7078.65    12556.31     7676   
26531250.00    5287       1071       6358       6713       1929       8642       8642       1.09       0.54     7915.85    11719.10     8642   
26625000.00    5093       987        6080       6907       2013       8920       8920       1.09       0.53     8207.73    11427.22     8920   
26718750.00    5324       1020       6344       6676       1980       8656       8656       1.09       0.54     7918.05    11716.90     8656   
26812500.00    5350       1055       6405       6650       1945       8595       8595       1.08       0.55     7937.54    11697.42     8595   
26906250.00    6159       1253       7412       5841       1747       7588       7588       1.09       0.58     6959.01    12675.94     7588   
27000000.00    6167       1260       7427       5833       1740       7573       7573       1.09       0.58     6938.80    12696.15     7573   
27093750.00    5163       1015       6178       6837       1985       8822       7746       1.08       0.54     8151.58    11483.38     4411   
27187500.00    5932       1211       7143       6068       1789       7857       7857       1.08       0.58     7242.40    12392.56     7857   
27281250.00    5374       1061       6435       6626       1939       8565       8565       1.08       0.55     7918.47    11716.49     8565   
27375000.00    5427       1107       6534       6573       1893       8466       8466       1.09       0.55     7790.15    11844.80     8466   
27468750.00    5141       1016       6157       6859       1984       8843       8843       1.08       0.54     8156.40    11478.56     8843   
27562500.00    5511       1134       6645       6489       1866       8355       8355       1.09       0.56     7679.46    11955.49     8355   
27656250.00    5166       1023       6189       6834       1977       8811       8811       1.09       0.54     8091.57    11543.39     8811   
27750000.00    5476       1110       6586       6524       1890       8414       8414       1.10       0.55     7649.79    11985.17     8414   
27843750.00    5104       965        6069       6896       2035       8931       8931       1.11       0.52     8058.15    11576.81     8931   
27937500.00    5245       1038       6283       6755       1962       8717       8717       1.11       0.53     7829.55    11805.41     8717   
28031250.00    5156       1006       6162       6844       1994       8838       8838       1.11       0.53     7944.59    11690.37     8838   
28125000.00    5098       1002       6100       6902       1998       8900       8900       1.11       0.53     8033.99    11600.97     8900   
28218750.00    5060       995        6055       6940       2005       8945       8945       1.10       0.53     8125.92    11509.03     8945   
28312500.00    4407       812        5219       7593       2188       9781       9781       1.09       0.49     8962.94    10672.01     9781   
28406250.00    4734       898        5632       7266       2102       9368       9368       1.09       0.51     8569.62    11065.33     9368   
28500000.00    4833       940        5773       7167       2060       9227       9227       1.10       0.51     8403.83    11231.12     9227   
28593750.00    4668       904        5572       7332       2096       9428       9428       1.10       0.50     8564.96    11069.99     9428   
28687500.00    4588       867        5455       7412       2133       9545       9545       1.10       0.50     8658.16    10976.80     9545   
28781250.00    4733       886        5619       7267       2114       9381       9381       1.11       0.50     8481.35    11153.61     9381   
28875000.00    4588       855        5443       7412       2145       9557       9557       1.10       0.50     8657.00    10977.95     9557   
28968750.00    4376       816        5192       7624       2184       9808       9808       1.11       0.48     8858.89    10776.07     9808   
29062500.00    4306       791        5097       7694       2209       9903       9903       1.11       0.48     8949.21    10685.74     9903   
29156250.00    4151       737        4888       7849       2263      10112      10112       1.10       0.47     9152.84    10482.12    10112   
29250000.00    4199       758        4957       7801       2242      10043      10043       1.10       0.47     9104.04    10530.91    10043   
29343750.00    4321       772        5093       7679       2228       9907       9907       1.10       0.48     8983.46    10651.49     9907   
29437500.00    4247       778        5025       7753       2222       9975       9975       1.10       0.48     9063.84    10571.12     9975   
29531250.00    4162       758        4920       7838       2242      10080      10080       1.10       0.47     9173.70    10461.26    10080   
29625000.00    4014       701        4715       7986       2299      10285      10285       1.10       0.46     9377.40    10257.55    10285   
29718750.00    4063       699        4762       7937       2301      10238      10238       1.09       0.46     9354.09    10280.87    10238   
29812500.00    4234       736        4970       7766       2264      10030      10030       1.10       0.47     9159.53    10475.43    10030   
29906250.00    4441       824        5265       7559       2176       9735       9735       1.09       0.49     8944.00    10690.96     9735   
30000000.00    4563       838        5401       7437       2162       9599       9599       1.09       0.50     8784.95    10850.00     9599   
30093750.00    4449       788        5237       7551       2212       9763       9763       1.09       0.49     8924.87    10710.09     9763   
30187500.00    4485       830        5315       7515       2170       9685       9685       1.09       0.49     8870.88    10764.08     9685   
30281250.00    4430       802        5232       7570       2198       9768       9768       1.09       0.49     8997.03    10637.93     9768   
30375000.00    4532       857        5389       7468       2143       9611       9611       1.08       0.50     8893.01    10741.95     9611   
30468750.00    4357       773        5130       7643       2227       9870       9870       1.08       0.49     9098.13    10536.83     9870   
30562500.00    4337       748        5085       7663       2252       9915       9915       1.08       0.48     9143.91    10491.05     9915   
30656250.00    4296       757        5053       7704       2243       9947       9947       1.09       0.48     9157.34    10477.62     9947   
30750000.00    4517       796        5313       7483       2204       9687       9687       1.08       0.50     8960.19    10674.76     9687   
30843750.00    4720       843        5563       7280       2157       9437       9437       1.08       0.51     8716.82    10918.13     9437   
30937500.00    4509       831        5340       7491       2169       9660       9660       1.08       0.50     8960.39    10674.57     9660   
31031250.00    4600       857        5457       7400       2143       9543       9543       1.08       0.50     8824.77    10810.18     9543   
31125000.00    4636       835        5471       7364       2165       9529       9529       1.08       0.51     8832.31    10802.64     9529   
31218750.00    4501       820        5321       7499       2180       9679       9679       1.08       0.50     8956.01    10678.95     9679   
31312500.00    4540       822        5362       7460       2178       9638       9638       1.07       0.50     8967.53    10667.43     9638   
31406250.00    4417       822        5239       7583       2178       9761       9761       1.08       0.50     9076.16    10558.80     9761   
31500000.00    4467       861        5328       7533       2139       9672       9672       1.08       0.50     8977.35    10657.60     9672   
31593750.00    4625       921        5546       7375       2079       9454       9454       1.08       0.51     8720.80    10914.15     9454   
31687500.00    4550       905        5455       7450       2095       9545       9545       1.08       0.51     8873.50    10761.46     9545   
31781250.00    4533       845        5378       7467       2155       9622       9622       1.08       0.50     8890.34    10744.62     9622   
31875000.00    4670       922        5592       7330       2078       9408       9408       1.08       0.51     8728.22    10906.73     9408   
31968750.00    4603       882        5485       7397       2118       9515       9515       1.08       0.51     8828.33    10806.63     9515   
32062500.00    4576       866        5442       7424       2134       9558       8339       1.08       0.51     8871.00    10763.95     4779   
32156250.00    4538       863        5401       7462       2137       9599       8365       1.08       0.50     8871.33    10763.63     4799   
32250000.00    4423       849        5272       7577       2151       9728       9728       1.07       0.50     9072.17    10562.78     9728   
32343750.00    4506       857        5363       7494       2143       9637       8395       1.08       0.50     8923.08    10711.88     4818   
32437500.00    4473       850        5323       7527       2150       9677       8268       1.07       0.50     9048.04    10586.91     4838   
32531250.00    4484       904        5388       7516       2096       9612       8148       1.08       0.50     8901.92    10733.03     4806   
32625000.00    4292       844        5136       7708       2156       9864       9864       1.08       0.49     9155.68    10479.28     9864   
32718750.00    4465       857        5322       7535       2143       9678       9678       1.08       0.50     8963.68    10671.27     9678   
32812500.00    4455       859        5314       7545       2141       9686       9686       1.08       0.50     8952.91    10682.05     9686   
32906250.00    4727       882        5609       7273       2118       9391       9391       1.08       0.51     8714.65    10920.30     9391   
33000000.00    4710       895        5605       7290       2105       9395       8028       1.07       0.51     8747.35    10887.60     4697   
33093750.00    4445       830        5275       7555       2170       9725       9725       1.08       0.50     9043.34    10591.61     9725   
33187500.00    4652       896        5548       7348       2104       9452       9452       1.07       0.51     8801.83    10833.13     9452   
33281250.00    4791       925        5716       7209       2075       9284       9284       1.08       0.52     8605.57    11029.39     9284   
33375000.00    4860       927        5787       7140       2073       9213       9213       1.08       0.52     8554.42    11080.53     9213   
33468750.00    5301       1078       6379       6699       1922       8621       8621       1.08       0.55     7990.75    11644.21     8621   
33562500.00    4805       950        5755       7195       2050       9245       9245       1.07       0.52     8639.13    10995.82     9245   
33656250.00    4899       931        5830       7101       2069       9170       9170       1.07       0.53     8601.04    11033.92     9170   
33750000.00    5475       1102       6577       6525       1898       8423       8423       1.07       0.56     7841.31    11793.64     8423   
33843750.00    5696       1121       6817       6304       1879       8183       8183       1.08       0.57     7575.21    12059.75     8183   
33937500.00    5517       1091       6608       6483       1909       8392       8392       1.08       0.56     7737.86    11897.10     8392   
34031250.00    4737       916        5653       7263       2084       9347       9347       1.08       0.51     8621.53    11013.43     9347   
34125000.00    4641       892        5533       7359       2108       9467       9467       1.09       0.51     8690.37    10944.59     9467   
34218750.00    5292       1074       6366       6708       1926       8634       8634       1.09       0.54     7911.74    11723.22     8634   
34312500.00    5259       1066       6325       6741       1934       8675       8675       1.08       0.54     8028.91    11606.04     8675   
34406250.00    5485       1132       6617       6515       1868       8383       8383       1.08       0.56     7732.69    11902.26     8383   
34500000.00    4379       826        5205       7621       2174       9795       8653       1.08       0.49     9103.38    10531.57     4897   
34593750.00    4424       815        5239       7576       2185       9761       9761       1.08       0.50     9068.24    10566.71     9761   
34687500.00    4695       901        5596       7305       2099       9404       9404       1.09       0.51     8666.96    10968.00     9404   
34781250.00    4368       821        5189       7632       2179       9811       9811       1.08       0.49     9049.48    10585.47     9811   
34875000.00    4319       800        5119       7681       2200       9881       9881       1.08       0.49     9124.99    10509.96     9881   
34968750.00    4255       760        5015       7745       2240       9985       9985       1.09       0.48     9175.02    10459.93     9985   
35062500.00    4220       794        5014       7780       2206       9986       9986       1.08       0.48     9204.65    10430.31     9986   
35156250.00    4258       804        5062       7742       2196       9938       9938       1.09       0.48     9132.15    10502.80     9938   
35250000.00    4107       775        4882       7893       2225      10118      10118       1.08       0.47     9330.88    10304.08    10118   
35343750.00    4840       927        5767       7160       2073       9233       9233       1.09       0.52     8449.36    11185.60     9233   
35437500.00    4359       829        5188       7641       2171       9812       9812       1.09       0.49     9041.50    10593.45     9812   
35531250.00    4188       766        4954       7812       2234      10046      10046       1.09       0.48     9251.92    10383.04    10046   
35625000.00    4139       767        4906       7861       2233      10094      10094       1.08       0.48     9308.90    10326.06    10094   
35718750.00    4499       849        5348       7501       2151       9652       9652       1.09       0.50     8893.19    10741.77     9652   
35812500.00    4594       875        5469       7406       2125       9531       9531       1.09       0.50     8756.44    10878.52     9531   
35906250.00    4521       861        5382       7479       2139       9618       9618       1.08       0.50     8875.82    10759.14     9618   
36000000.00    4729       893        5622       7271       2107       9378       9378       1.08       0.51     8657.86    10977.10     9378   
36093750.00    4877       932        5809       7123       2068       9191       9191       1.09       0.52     8431.29    11203.66     9191   
36187500.00    4438       801        5239       7562       2199       9761       9761       1.09       0.49     8971.72    10663.24     9761   
36281250.00    4386       780        5166       7614       2220       9834       9834       1.09       0.49     9029.58    10605.37     9834   
36375000.00    4555       827        5382       7445       2173       9618       9618       1.09       0.50     8864.39    10770.57     9618   
36468750.00    4808       925        5733       7192       2075       9267       9267       1.08       0.52     8569.15    11065.80     9267   
36562500.00    4871       921        5792       7129       2079       9208       9208       1.08       0.52     8534.82    11100.14     9208   
36656250.00    5101       977        6078       6899       2023       8922       8922       1.08       0.53     8233.22    11401.73     8922   
36750000.00    5081       1002       6083       6919       1998       8917       8917       1.08       0.53     8247.99    11386.97     8917   
36843750.00    4920       971        5891       7080       2029       9109       9109       1.08       0.53     8443.25    11191.70     9109   
36937500.00    4791       966        5757       7209       2034       9243       9243       1.08       0.52     8561.39    11073.57     9243   
37031250.00    4761       913        5674       7239       2087       9326       9326       1.08       0.51     8612.75    11022.21     9326   
37125000.00    4600       873        5473       7400       2127       9527       9527       1.08       0.50     8791.97    10842.98     9527   
37218750.00    4386       827        5213       7614       2173       9787       9787       1.08       0.49     9031.79    10603.17     9787   
37312500.00    4403       823        5226       7597       2177       9774       9774       1.08       0.49     9020.02    10614.93     9774   
37406250.00    4404       842        5246       7596       2158       9754       9754       1.08       0.49     9021.75    10613.20     9754   
