 Timestep    Gas_A      Gas_B     Gas_tot    Dense_A    Dense_B   Dense_tot   Lg_clust  DP_density GP_density Clust_area  Gas_area     MCS    
   0.00       7500       7500      15000        0          0          0          9         0.00       0.76       0.00     19634.96      0     
 41666.00     7500       7500      15000        0          0          0         187        0.00       0.76       0.00     19634.96      0     
 83332.00     7500       7500      15000        0          0          0         287        0.00       0.76       0.00     19634.96      0     
124998.00     7500       7500      15000        0          0          0         347        0.00       0.76       0.00     19634.96      0     
166664.00     7500       7500      15000        0          0          0         345        0.00       0.76       0.00     19634.96      0     
208330.00     7500       7500      15000        0          0          0         282        0.00       0.76       0.00     19634.96      0     
249996.00     7500       7500      15000        0          0          0         474        0.00       0.76       0.00     19634.96      0     
291662.00     7500       7500      15000        0          0          0         301        0.00       0.76       0.00     19634.96      0     
333328.00     7500       7500      15000        0          0          0         397        0.00       0.76       0.00     19634.96      0     
374994.00     7500       7500      15000        0          0          0         359        0.00       0.76       0.00     19634.96      0     
416660.00     7500       7500      15000        0          0          0         495        0.00       0.76       0.00     19634.96      0     
458326.00     7500       7500      15000        0          0          0         467        0.00       0.76       0.00     19634.96      0     
499992.00     7500       7500      15000        0          0          0         480        0.00       0.76       0.00     19634.96      0     
541658.00     7500       7500      15000        0          0          0         451        0.00       0.76       0.00     19634.96      0     
583324.00     7500       7500      15000        0          0          0         533        0.00       0.76       0.00     19634.96      0     
624990.00     7500       7500      15000        0          0          0         482        0.00       0.76       0.00     19634.96      0     
666656.00     7500       7500      15000        0          0          0         717        0.00       0.76       0.00     19634.96      0     
708322.00     7500       7500      15000        0          0          0         713        0.00       0.76       0.00     19634.96      0     
749988.00     7500       7500      15000        0          0          0         747        0.00       0.76       0.00     19634.96      0     
791654.00     7500       7500      15000        0          0          0         743        0.00       0.76       0.00     19634.96      0     
833320.00     7500       7500      15000        0          0          0         615        0.00       0.76       0.00     19634.96      0     
874986.00     7500       7500      15000        0          0          0         672        0.00       0.76       0.00     19634.96      0     
916652.00     7500       7500      15000        0          0          0         760        0.00       0.76       0.00     19634.96      0     
958318.00     7500       7500      15000        0          0          0         630        0.00       0.76       0.00     19634.96      0     
999984.00     7500       7500      15000        0          0          0         617        0.00       0.76       0.00     19634.96      0     
1041650.00    7500       7500      15000        0          0          0         688        0.00       0.76       0.00     19634.96      0     
1083316.00    7500       7500      15000        0          0          0         698        0.00       0.76       0.00     19634.96      0     
1124982.00    7500       7500      15000        0          0          0         902        0.00       0.76       0.00     19634.96      0     
1166648.00    7500       7500      15000        0          0          0         793        0.00       0.76       0.00     19634.96      0     
1208314.00    7500       7500      15000        0          0          0         802        0.00       0.76       0.00     19634.96      0     
1249980.00    7500       7500      15000        0          0          0         629        0.00       0.76       0.00     19634.96      0     
1291646.00    6969       6951      13920       531        549        1080       1080       0.98       0.75     1098.84    18536.11     1080   
1333312.00    7500       7500      15000        0          0          0         576        0.00       0.76       0.00     19634.96      0     
1374978.00    7500       7500      15000        0          0          0         678        0.00       0.76       0.00     19634.96      0     
1416644.00    7500       7500      15000        0          0          0         591        0.00       0.76       0.00     19634.96      0     
1458310.00    7500       7500      15000        0          0          0         473        0.00       0.76       0.00     19634.96      0     
1499976.00    7500       7500      15000        0          0          0         761        0.00       0.76       0.00     19634.96      0     
1541642.00    7500       7500      15000        0          0          0         746        0.00       0.76       0.00     19634.96      0     
1583308.00    7500       7500      15000        0          0          0         823        0.00       0.76       0.00     19634.96      0     
1624974.00    7500       7500      15000        0          0          0         672        0.00       0.76       0.00     19634.96      0     
1666640.00    7500       7500      15000        0          0          0         642        0.00       0.76       0.00     19634.96      0     
1708306.00    7500       7500      15000        0          0          0         715        0.00       0.76       0.00     19634.96      0     
1749972.00    7500       7500      15000        0          0          0         807        0.00       0.76       0.00     19634.96      0     
1791638.00    7500       7500      15000        0          0          0         818        0.00       0.76       0.00     19634.96      0     
1833304.00    7500       7500      15000        0          0          0         770        0.00       0.76       0.00     19634.96      0     
1874970.00    7500       7500      15000        0          0          0         888        0.00       0.76       0.00     19634.96      0     
1916636.00    7500       7500      15000        0          0          0         607        0.00       0.76       0.00     19634.96      0     
1958302.00    7500       7500      15000        0          0          0         726        0.00       0.76       0.00     19634.96      0     
1999968.00    7500       7500      15000        0          0          0         845        0.00       0.76       0.00     19634.96      0     
2041634.00    7500       7500      15000        0          0          0         759        0.00       0.76       0.00     19634.96      0     
2083300.00    7500       7500      15000        0          0          0         709        0.00       0.76       0.00     19634.96      0     
2124966.00    7500       7500      15000        0          0          0         778        0.00       0.76       0.00     19634.96      0     
2166632.00    7500       7500      15000        0          0          0         691        0.00       0.76       0.00     19634.96      0     
2208298.00    6990       6987      13977       510        513        1023       1023       1.01       0.75     1008.57    18626.39     1023   
2249964.00    6976       6952      13928       524        548        1072       1072       1.03       0.75     1044.33    18590.62     1072   
2291630.00    7500       7500      15000        0          0          0         865        0.00       0.76       0.00     19634.96      0     
2333296.00    7500       7500      15000        0          0          0         905        0.00       0.76       0.00     19634.96      0     
2374962.00    7008       6979      13987       492        521        1013       1013       0.99       0.75     1024.57    18610.38     1013   
2416628.00    7500       7500      15000        0          0          0         966        0.00       0.76       0.00     19634.96      0     
2458294.00    7500       7500      15000        0          0          0         812        0.00       0.76       0.00     19634.96      0     
2499960.00    6995       6978      13973       505        522        1027       1027       0.98       0.75     1043.75    18591.21     1027   
2541626.00    7500       7500      15000        0          0          0         963        0.00       0.76       0.00     19634.96      0     
2583292.00    6922       6881      13803       578        619        1197       1197       0.98       0.75     1221.62    18413.34     1197   
2624958.00    7500       7500      15000        0          0          0         667        0.00       0.76       0.00     19634.96      0     
2666624.00    7500       7500      15000        0          0          0         891        0.00       0.76       0.00     19634.96      0     
2708290.00    7500       7500      15000        0          0          0         993        0.00       0.76       0.00     19634.96      0     
2749956.00    7500       7500      15000        0          0          0         804        0.00       0.76       0.00     19634.96      0     
2791622.00    7500       7500      15000        0          0          0         672        0.00       0.76       0.00     19634.96      0     
2833288.00    7500       7500      15000        0          0          0         952        0.00       0.76       0.00     19634.96      0     
2874954.00    7028       6953      13981       472        547        1019       1019       0.97       0.75     1045.72    18589.23     1019   
2916620.00    7500       7500      15000        0          0          0         652        0.00       0.76       0.00     19634.96      0     
2958286.00    6995       6889      13884       505        611        1116       1116       0.98       0.75     1137.28    18497.68     1116   
2999952.00    7500       7500      15000        0          0          0         965        0.00       0.76       0.00     19634.96      0     
3041618.00    7500       7500      15000        0          0          0         968        0.00       0.76       0.00     19634.96      0     
3083284.00    7500       7500      15000        0          0          0         976        0.00       0.76       0.00     19634.96      0     
3124950.00    7005       6956      13961       495        544        1039       1039       0.99       0.75     1044.23    18590.73     1039   
3166616.00    7500       7500      15000        0          0          0         818        0.00       0.76       0.00     19634.96      0     
3208282.00    7500       7500      15000        0          0          0         776        0.00       0.76       0.00     19634.96      0     
3249948.00    7500       7500      15000        0          0          0         771        0.00       0.76       0.00     19634.96      0     
3291614.00    7500       7500      15000        0          0          0         781        0.00       0.76       0.00     19634.96      0     
3333280.00    7500       7500      15000        0          0          0         890        0.00       0.76       0.00     19634.96      0     
3374946.00    7500       7500      15000        0          0          0         563        0.00       0.76       0.00     19634.96      0     
3416612.00    7500       7500      15000        0          0          0         997        0.00       0.76       0.00     19634.96      0     
3458278.00    7500       7500      15000        0          0          0         716        0.00       0.76       0.00     19634.96      0     
3499944.00    6882       6817      13699       618        683        1301       1301       0.98       0.75     1328.49    18306.47     1301   
3541610.00    6993       6928      13921       507        572        1079       1079       1.01       0.75     1067.95    18567.00     1079   
3583276.00    6857       6798      13655       643        702        1345       1345       0.99       0.75     1352.36    18282.60     1345   
3624942.00    7500       7500      15000        0          0          0         763        0.00       0.76       0.00     19634.96      0     
3666608.00    6887       6819      13706       613        681        1294       1294       0.99       0.75     1310.69    18324.26     1294   
3708274.00    6907       6840      13747       593        660        1253       1253       1.01       0.75     1237.71    18397.25     1253   
3749940.00    7500       7500      15000        0          0          0         811        0.00       0.76       0.00     19634.96      0     
3791606.00    7500       7500      15000        0          0          0         927        0.00       0.76       0.00     19634.96      0     
3833272.00    7500       7500      15000        0          0          0         873        0.00       0.76       0.00     19634.96      0     
3874938.00    7500       7500      15000        0          0          0         921        0.00       0.76       0.00     19634.96      0     
3916604.00    6495       6440      12935       1005       1060       2065       2065       0.98       0.74     2116.03    17518.92     2065   
3958270.00    7500       7500      15000        0          0          0         712        0.00       0.76       0.00     19634.96      0     
3999936.00    7500       7500      15000        0          0          0         828        0.00       0.76       0.00     19634.96      0     
4041602.00    7500       7500      15000        0          0          0         840        0.00       0.76       0.00     19634.96      0     
4083268.00    7021       6976      13997       479        524        1003       1003       0.97       0.75     1038.66    18596.29     1003   
4124934.00    7500       7500      15000        0          0          0         672        0.00       0.76       0.00     19634.96      0     
4166600.00    7023       6949      13972       477        551        1028       1028       0.97       0.75     1059.54    18575.42     1028   
4208266.00    7500       7500      15000        0          0          0         817        0.00       0.76       0.00     19634.96      0     
4249932.00    7001       6941      13942       499        559        1058       1058       0.97       0.75     1092.45    18542.51     1058   
4291598.00    7500       7500      15000        0          0          0         965        0.00       0.76       0.00     19634.96      0     
4333264.00    7500       7500      15000        0          0          0         507        0.00       0.76       0.00     19634.96      0     
4374930.00    7500       7500      15000        0          0          0         365        0.00       0.76       0.00     19634.96      0     
4416596.00    7500       7500      15000        0          0          0         383        0.00       0.76       0.00     19634.96      0     
4458262.00    7500       7500      15000        0          0          0         431        0.00       0.76       0.00     19634.96      0     
4499928.00    7500       7500      15000        0          0          0         436        0.00       0.76       0.00     19634.96      0     
4541594.00    7500       7500      15000        0          0          0         581        0.00       0.76       0.00     19634.96      0     
4583260.00    7500       7500      15000        0          0          0         666        0.00       0.76       0.00     19634.96      0     
4624926.00    7500       7500      15000        0          0          0         638        0.00       0.76       0.00     19634.96      0     
4666592.00    7500       7500      15000        0          0          0         733        0.00       0.76       0.00     19634.96      0     
4708258.00    7500       7500      15000        0          0          0         965        0.00       0.76       0.00     19634.96      0     
4749924.00    7001       6940      13941       499        560        1059       1059       0.97       0.75     1096.87    18538.09     1059   
4791590.00    7500       7500      15000        0          0          0         725        0.00       0.76       0.00     19634.96      0     
4833256.00    7500       7500      15000        0          0          0         602        0.00       0.76       0.00     19634.96      0     
4874922.00    7500       7500      15000        0          0          0         529        0.00       0.76       0.00     19634.96      0     
4916588.00    7500       7500      15000        0          0          0         579        0.00       0.76       0.00     19634.96      0     
4958254.00    7500       7500      15000        0          0          0         685        0.00       0.76       0.00     19634.96      0     
4999920.00    7500       7500      15000        0          0          0         662        0.00       0.76       0.00     19634.96      0     
5041586.00    7500       7500      15000        0          0          0         627        0.00       0.76       0.00     19634.96      0     
5083252.00    7500       7500      15000        0          0          0         873        0.00       0.76       0.00     19634.96      0     
5124918.00    7500       7500      15000        0          0          0         577        0.00       0.76       0.00     19634.96      0     
5166584.00    7500       7500      15000        0          0          0         614        0.00       0.76       0.00     19634.96      0     
5208250.00    7500       7500      15000        0          0          0         704        0.00       0.76       0.00     19634.96      0     
5249916.00    7500       7500      15000        0          0          0         768        0.00       0.76       0.00     19634.96      0     
5291582.00    7500       7500      15000        0          0          0         453        0.00       0.76       0.00     19634.96      0     
5333248.00    7500       7500      15000        0          0          0         759        0.00       0.76       0.00     19634.96      0     
5374914.00    7500       7500      15000        0          0          0         545        0.00       0.76       0.00     19634.96      0     
5416580.00    7500       7500      15000        0          0          0         971        0.00       0.76       0.00     19634.96      0     
5458246.00    7500       7500      15000        0          0          0         498        0.00       0.76       0.00     19634.96      0     
5499912.00    7500       7500      15000        0          0          0         698        0.00       0.76       0.00     19634.96      0     
5541578.00    7500       7500      15000        0          0          0         749        0.00       0.76       0.00     19634.96      0     
5583244.00    7500       7500      15000        0          0          0         483        0.00       0.76       0.00     19634.96      0     
5624910.00    7500       7500      15000        0          0          0         482        0.00       0.76       0.00     19634.96      0     
5666576.00    7500       7500      15000        0          0          0         422        0.00       0.76       0.00     19634.96      0     
5708242.00    7500       7500      15000        0          0          0         519        0.00       0.76       0.00     19634.96      0     
5749908.00    7500       7500      15000        0          0          0         547        0.00       0.76       0.00     19634.96      0     
5791574.00    7500       7500      15000        0          0          0         439        0.00       0.76       0.00     19634.96      0     
5833240.00    7500       7500      15000        0          0          0         858        0.00       0.76       0.00     19634.96      0     
5874906.00    7000       6967      13967       500        533        1033       1033       0.97       0.75     1064.45    18570.51     1033   
5916572.00    7500       7500      15000        0          0          0         579        0.00       0.76       0.00     19634.96      0     
5958238.00    7500       7500      15000        0          0          0         415        0.00       0.76       0.00     19634.96      0     
5999904.00    7007       6968      13975       493        532        1025       1025       0.98       0.75     1044.86    18590.10     1025   
6041570.00    7500       7500      15000        0          0          0         681        0.00       0.76       0.00     19634.96      0     
6083236.00    6900       6886      13786       600        614        1214       1214       0.99       0.75     1227.63    18407.32     1214   
6124902.00    6744       6675      13419       756        825        1581       1581       0.96       0.75     1638.41    17996.54     1581   
6166568.00    7500       7500      15000        0          0          0         667        0.00       0.76       0.00     19634.96      0     
6208234.00    7500       7500      15000        0          0          0         908        0.00       0.76       0.00     19634.96      0     
6249900.00    7500       7500      15000        0          0          0         816        0.00       0.76       0.00     19634.96      0     
6291566.00    7500       7500      15000        0          0          0         670        0.00       0.76       0.00     19634.96      0     
6333232.00    7500       7500      15000        0          0          0         833        0.00       0.76       0.00     19634.96      0     
6374898.00    7500       7500      15000        0          0          0         547        0.00       0.76       0.00     19634.96      0     
6416564.00    7500       7500      15000        0          0          0         783        0.00       0.76       0.00     19634.96      0     
6458230.00    7500       7500      15000        0          0          0         802        0.00       0.76       0.00     19634.96      0     
6499896.00    7500       7500      15000        0          0          0         616        0.00       0.76       0.00     19634.96      0     
6541562.00    7500       7500      15000        0          0          0         788        0.00       0.76       0.00     19634.96      0     
6583228.00    7500       7500      15000        0          0          0         746        0.00       0.76       0.00     19634.96      0     
6624894.00    6902       6877      13779       598        623        1221       1221       0.99       0.75     1238.69    18396.26     1221   
6666560.00    6972       6938      13910       528        562        1090       1090       1.00       0.75     1084.63    18550.33     1090   
6708226.00    6961       6944      13905       539        556        1095       1095       0.99       0.75     1105.05    18529.90     1095   
6749892.00    6883       6846      13729       617        654        1271       1271       0.99       0.75     1279.78    18355.17     1271   
6791558.00    6965       6923      13888       535        577        1112       1112       1.01       0.75     1097.32    18537.64     1112   
6833224.00    6933       6921      13854       567        579        1146       1146       1.00       0.75     1142.13    18492.82     1146   
6874890.00    7500       7500      15000        0          0          0         964        0.00       0.76       0.00     19634.96      0     
6916556.00    7011       6957      13968       489        543        1032       1032       0.98       0.75     1050.20    18584.76     1032   
6958222.00    7500       7500      15000        0          0          0         988        0.00       0.76       0.00     19634.96      0     
6999888.00    7017       6966      13983       483        534        1017       1017       1.00       0.75     1015.96    18618.99     1017   
7041554.00    6998       6932      13930       502        568        1070       1070       0.99       0.75     1082.22    18552.74     1070   
7083220.00    6959       6927      13886       541        573        1114       1114       1.00       0.75     1111.17    18523.79     1114   
7124886.00    6945       6915      13860       555        585        1140       1140       1.02       0.75     1123.13    18511.82     1140   
7166552.00    6964       6913      13877       536        587        1123       1123       1.03       0.75     1090.68    18544.28     1123   
7208218.00    6901       6857      13758       599        643        1242       1242       1.03       0.75     1206.71    18428.24     1242   
7249884.00    6753       6679      13432       747        821        1568       1568       1.02       0.74     1537.87    18097.08     1568   
7291550.00    6287       6111      12398       1213       1389       2602       1390       0.99       0.73     2631.61    17003.34     1301   
7333216.00    5930       5662      11592       1570       1838       3408       2324       0.98       0.72     3476.34    16158.61     1704   
7374882.00    6996       6917      13913       504        583        1087       1087       1.02       0.75     1061.76    18573.20     1087   
7416548.00    7500       7500      15000        0          0          0         792        0.00       0.76       0.00     19634.96      0     
7458214.00    7500       7500      15000        0          0          0         770        0.00       0.76       0.00     19634.96      0     
7499880.00    7500       7500      15000        0          0          0         978        0.00       0.76       0.00     19634.96      0     
7541546.00    7500       7500      15000        0          0          0         914        0.00       0.76       0.00     19634.96      0     
7583212.00    7500       7500      15000        0          0          0         961        0.00       0.76       0.00     19634.96      0     
7624878.00    6983       6936      13919       517        564        1081       1081       1.00       0.75     1077.41    18557.54     1081   
7666544.00    7008       6983      13991       492        517        1009       1009       1.00       0.75     1008.40    18626.55     1009   
7708210.00    6602       6541      13143       898        959        1857       1857       0.99       0.74     1873.42    17761.53     1857   
7749876.00    6970       6930      13900       530        570        1100       1100       0.97       0.75     1129.24    18505.72     1100   
7791542.00    6401       6330      12731       1099       1170       2269       1247       0.99       0.73     2300.47    17334.48     1134   
7833208.00    7500       7500      15000        0          0          0         912        0.00       0.76       0.00     19634.96      0     
7874874.00    6304       6178      12482       1196       1322       2518       1345       0.99       0.73     2547.09    17087.86     1259   
7916540.00    6831       6753      13584       669        747        1416       1416       0.99       0.75     1427.70    18207.26     1416   
7958206.00    6285       6070      12355       1215       1430       2645       1365       0.99       0.73     2665.48    16969.48     1322   
7999872.00    6878       6811      13689       622        689        1311       1311       1.01       0.75     1302.89    18332.06     1311   
8041538.00    6407       6293      12700       1093       1207       2300       2300       1.00       0.73     2310.57    17324.39     2300   
8083204.00    6834       6734      13568       666        766        1432       1432       0.96       0.75     1498.42    18136.53     1432   
8124870.00    6334       6239      12573       1166       1261       2427       1237       0.97       0.73     2491.72    17143.23     1213   
8166536.00    7500       7500      15000        0          0          0         803        0.00       0.76       0.00     19634.96      0     
8208202.00    6995       6959      13954       505        541        1046       1046       0.99       0.75     1055.77    18579.18     1046   
8249868.00    7500       7500      15000        0          0          0         978        0.00       0.76       0.00     19634.96      0     
8291534.00    7500       7500      15000        0          0          0         569        0.00       0.76       0.00     19634.96      0     
8333200.00    7500       7500      15000        0          0          0         509        0.00       0.76       0.00     19634.96      0     
8374866.00    7500       7500      15000        0          0          0         762        0.00       0.76       0.00     19634.96      0     
8416532.00    7500       7500      15000        0          0          0         783        0.00       0.76       0.00     19634.96      0     
8458198.00    7500       7500      15000        0          0          0         892        0.00       0.76       0.00     19634.96      0     
8499864.00    7500       7500      15000        0          0          0         710        0.00       0.76       0.00     19634.96      0     
8541530.00    7500       7500      15000        0          0          0         858        0.00       0.76       0.00     19634.96      0     
8583196.00    7500       7500      15000        0          0          0         873        0.00       0.76       0.00     19634.96      0     
8624862.00    6916       6862      13778       584        638        1222       1222       1.00       0.75     1227.06    18407.89     1222   
8666528.00    6830       6715      13545       670        785        1455       1455       1.00       0.75     1457.12    18177.83     1455   
8708194.00    6846       6721      13567       654        779        1433       1433       0.99       0.75     1444.78    18190.18     1433   
8749860.00    6740       6631      13371       760        869        1629       1629       0.99       0.74     1642.10    17992.85     1629   
8791526.00    6964       6913      13877       536        587        1123       1123       1.00       0.75     1122.08    18512.87     1123   
8833192.00    7014       6963      13977       486        537        1023       1023       0.99       0.75     1032.65    18602.30     1023   
8874858.00    7500       7500      15000        0          0          0         785        0.00       0.76       0.00     19634.96      0     
8916524.00    7500       7500      15000        0          0          0         872        0.00       0.76       0.00     19634.96      0     
8958190.00    6421       6343      12764       1079       1157       2236       1194       0.99       0.73     2253.13    17381.82     1118   
8999856.00    6878       6803      13681       622        697        1319       1319       1.00       0.75     1320.00    18314.95     1319   
9041522.00    6815       6724      13539       685        776        1461       1461       1.00       0.74     1458.36    18176.59     1461   
9083188.00    6893       6781      13674       607        719        1326       1326       1.00       0.75     1323.96    18310.99     1326   
9124854.00    6811       6730      13541       689        770        1459       1459       1.00       0.75     1465.31    18169.65     1459   
9166520.00    6764       6664      13428       736        836        1572       1572       1.00       0.74     1572.60    18062.35     1572   
9208186.00    6839       6730      13569       661        770        1431       1431       1.01       0.74     1415.26    18219.70     1431   
9249852.00    6924       6869      13793       576        631        1207       1207       0.99       0.75     1225.35    18409.60     1207   
9291518.00    6988       7004      13992       512        496        1008       1008       0.99       0.75     1013.23    18621.73     1008   
9333184.00    7500       7500      15000        0          0          0         875        0.00       0.76       0.00     19634.96      0     
9374850.00    7500       7500      15000        0          0          0         807        0.00       0.76       0.00     19634.96      0     
9416516.00    7500       7500      15000        0          0          0         777        0.00       0.76       0.00     19634.96      0     
9458182.00    7500       7500      15000        0          0          0         662        0.00       0.76       0.00     19634.96      0     
9499848.00    7500       7500      15000        0          0          0         654        0.00       0.76       0.00     19634.96      0     
9541514.00    7500       7500      15000        0          0          0         662        0.00       0.76       0.00     19634.96      0     
9583180.00    7500       7500      15000        0          0          0         689        0.00       0.76       0.00     19634.96      0     
9624846.00    7500       7500      15000        0          0          0         945        0.00       0.76       0.00     19634.96      0     
9666512.00    7500       7500      15000        0          0          0         479        0.00       0.76       0.00     19634.96      0     
9708178.00    7500       7500      15000        0          0          0         679        0.00       0.76       0.00     19634.96      0     
9749844.00    7500       7500      15000        0          0          0         787        0.00       0.76       0.00     19634.96      0     
9791510.00    7500       7500      15000        0          0          0         797        0.00       0.76       0.00     19634.96      0     
9833176.00    7500       7500      15000        0          0          0         714        0.00       0.76       0.00     19634.96      0     
9874842.00    7500       7500      15000        0          0          0         701        0.00       0.76       0.00     19634.96      0     
9916508.00    7500       7500      15000        0          0          0         782        0.00       0.76       0.00     19634.96      0     
9958174.00    7500       7500      15000        0          0          0         674        0.00       0.76       0.00     19634.96      0     
9999840.00    7500       7500      15000        0          0          0         656        0.00       0.76       0.00     19634.96      0     
10041506.00    6923       6870      13793       577        630        1207       1207       0.97       0.75     1247.30    18387.65     1207   
10083172.00    7018       6961      13979       482        539        1021       1021       0.98       0.75     1038.91    18596.05     1021   
10124838.00    6886       6878      13764       614        622        1236       1236       0.98       0.75     1259.02    18375.93     1236   
10166504.00    7500       7500      15000        0          0          0         675        0.00       0.76       0.00     19634.96      0     
10208170.00    7500       7500      15000        0          0          0         635        0.00       0.76       0.00     19634.96      0     
10249836.00    7500       7500      15000        0          0          0         742        0.00       0.76       0.00     19634.96      0     
10291502.00    6806       6769      13575       694        731        1425       1425       0.96       0.75     1488.82    18146.14     1425   
10333168.00    7500       7500      15000        0          0          0         600        0.00       0.76       0.00     19634.96      0     
10374834.00    7500       7500      15000        0          0          0         883        0.00       0.76       0.00     19634.96      0     
10416500.00    7500       7500      15000        0          0          0         794        0.00       0.76       0.00     19634.96      0     
10458166.00    7500       7500      15000        0          0          0         713        0.00       0.76       0.00     19634.96      0     
10499832.00    7500       7500      15000        0          0          0         771        0.00       0.76       0.00     19634.96      0     
10541498.00    7500       7500      15000        0          0          0         733        0.00       0.76       0.00     19634.96      0     
10583164.00    7500       7500      15000        0          0          0         947        0.00       0.76       0.00     19634.96      0     
10624830.00    7500       7500      15000        0          0          0         895        0.00       0.76       0.00     19634.96      0     
10666496.00    6951       6868      13819       549        632        1181       1181       0.99       0.75     1187.80    18447.16     1181   
10708162.00    6972       6881      13853       528        619        1147       1147       1.00       0.75     1142.50    18492.46     1147   
10749828.00    6963       6906      13869       537        594        1131       1131       1.00       0.75     1135.42    18499.54     1131   
10791494.00    7500       7500      15000        0          0          0         968        0.00       0.76       0.00     19634.96      0     
10833160.00    6987       7006      13993       513        494        1007       1007       0.99       0.75     1013.00    18621.96     1007   
10874826.00    6444       6378      12822       1056       1122       2178       1117       0.99       0.74     2208.62    17426.33     1089   
10916492.00    7500       7500      15000        0          0          0         929        0.00       0.76       0.00     19634.96      0     
10958158.00    7047       6938      13985       453        562        1015       1015       1.00       0.75     1012.01    18622.95     1015   
10999824.00    6148       6029      12177       1352       1471       2823       1784       0.99       0.73     2856.43    16778.52     1411   
11041490.00    6971       7014      13985       529        486        1015       1015       0.98       0.75     1036.32    18598.64     1015   
11083156.00    7034       6926      13960       466        574        1040       1040       0.97       0.75     1070.13    18564.83     1040   
11124822.00    7500       7500      15000        0          0          0         898        0.00       0.76       0.00     19634.96      0     
11166488.00    7500       7500      15000        0          0          0         791        0.00       0.76       0.00     19634.96      0     
11208154.00    7500       7500      15000        0          0          0         739        0.00       0.76       0.00     19634.96      0     
11249820.00    7500       7500      15000        0          0          0         697        0.00       0.76       0.00     19634.96      0     
11291486.00    7500       7500      15000        0          0          0         768        0.00       0.76       0.00     19634.96      0     
11333152.00    7500       7500      15000        0          0          0         945        0.00       0.76       0.00     19634.96      0     
11374818.00    7500       7500      15000        0          0          0         619        0.00       0.76       0.00     19634.96      0     
11416484.00    7500       7500      15000        0          0          0         626        0.00       0.76       0.00     19634.96      0     
11458150.00    7500       7500      15000        0          0          0         576        0.00       0.76       0.00     19634.96      0     
11499816.00    7500       7500      15000        0          0          0         821        0.00       0.76       0.00     19634.96      0     
11541482.00    7500       7500      15000        0          0          0         645        0.00       0.76       0.00     19634.96      0     
11583148.00    7500       7500      15000        0          0          0         826        0.00       0.76       0.00     19634.96      0     
11624814.00    7500       7500      15000        0          0          0         699        0.00       0.76       0.00     19634.96      0     
11666480.00    6857       6840      13697       643        660        1303       1303       0.97       0.75     1348.32    18286.63     1303   
11708146.00    7500       7500      15000        0          0          0         565        0.00       0.76       0.00     19634.96      0     
11749812.00    7500       7500      15000        0          0          0         963        0.00       0.76       0.00     19634.96      0     
11791478.00    7500       7500      15000        0          0          0         582        0.00       0.76       0.00     19634.96      0     
11833144.00    7500       7500      15000        0          0          0         677        0.00       0.76       0.00     19634.96      0     
11874810.00    7500       7500      15000        0          0          0         852        0.00       0.76       0.00     19634.96      0     
11916476.00    7500       7500      15000        0          0          0         706        0.00       0.76       0.00     19634.96      0     
11958142.00    7500       7500      15000        0          0          0         814        0.00       0.76       0.00     19634.96      0     
11999808.00    7500       7500      15000        0          0          0         973        0.00       0.76       0.00     19634.96      0     
12041474.00    7500       7500      15000        0          0          0         760        0.00       0.76       0.00     19634.96      0     
12083140.00    7500       7500      15000        0          0          0         864        0.00       0.76       0.00     19634.96      0     
12124806.00    7500       7500      15000        0          0          0         880        0.00       0.76       0.00     19634.96      0     
12166472.00    6962       6899      13861       538        601        1139       1139       1.00       0.75     1135.49    18499.46     1139   
12208138.00    6919       6876      13795       581        624        1205       1205       0.99       0.75     1211.19    18423.76     1205   
12249804.00    6974       6963      13937       526        537        1063       1063       0.98       0.75     1079.33    18555.63     1063   
12291470.00    7500       7500      15000        0          0          0         696        0.00       0.76       0.00     19634.96      0     
12333136.00    6911       6862      13773       589        638        1227       1227       0.96       0.75     1274.49    18360.47     1227   
12374802.00    7500       7500      15000        0          0          0         452        0.00       0.76       0.00     19634.96      0     
12416468.00    7500       7500      15000        0          0          0         524        0.00       0.76       0.00     19634.96      0     
12458134.00    7500       7500      15000        0          0          0         636        0.00       0.76       0.00     19634.96      0     
12499800.00    7500       7500      15000        0          0          0         648        0.00       0.76       0.00     19634.96      0     
12541466.00    7500       7500      15000        0          0          0         598        0.00       0.76       0.00     19634.96      0     
12583132.00    7500       7500      15000        0          0          0         837        0.00       0.76       0.00     19634.96      0     
12624798.00    7500       7500      15000        0          0          0         827        0.00       0.76       0.00     19634.96      0     
12666464.00    7500       7500      15000        0          0          0         763        0.00       0.76       0.00     19634.96      0     
12708130.00    7500       7500      15000        0          0          0         857        0.00       0.76       0.00     19634.96      0     
12749796.00    7500       7500      15000        0          0          0         648        0.00       0.76       0.00     19634.96      0     
12791462.00    6978       6889      13867       522        611        1133       1133       0.96       0.75     1174.51    18460.45     1133   
12833128.00    7500       7500      15000        0          0          0         891        0.00       0.76       0.00     19634.96      0     
12874794.00    7500       7500      15000        0          0          0         479        0.00       0.76       0.00     19634.96      0     
12916460.00    6894       6845      13739       606        655        1261       1261       0.96       0.75     1319.34    18315.62     1261   
12958126.00    7500       7500      15000        0          0          0         545        0.00       0.76       0.00     19634.96      0     
12999792.00    7500       7500      15000        0          0          0         618        0.00       0.76       0.00     19634.96      0     
13041458.00    7020       6975      13995       480        525        1005       1005       0.96       0.75     1047.70    18587.25     1005   
13083124.00    7500       7500      15000        0          0          0         740        0.00       0.76       0.00     19634.96      0     
13124790.00    7500       7500      15000        0          0          0         704        0.00       0.76       0.00     19634.96      0     
13166456.00    6965       6929      13894       535        571        1106       1106       0.96       0.75     1151.87    18483.09     1106   
13208122.00    7500       7500      15000        0          0          0         637        0.00       0.76       0.00     19634.96      0     
13249788.00    7500       7500      15000        0          0          0         866        0.00       0.76       0.00     19634.96      0     
13291454.00    7500       7500      15000        0          0          0         617        0.00       0.76       0.00     19634.96      0     
13333120.00    7500       7500      15000        0          0          0         642        0.00       0.76       0.00     19634.96      0     
13374786.00    7500       7500      15000        0          0          0         870        0.00       0.76       0.00     19634.96      0     
13416452.00    7500       7500      15000        0          0          0         899        0.00       0.76       0.00     19634.96      0     
13458118.00    7500       7500      15000        0          0          0         962        0.00       0.76       0.00     19634.96      0     
13499784.00    6939       6887      13826       561        613        1174       1174       1.02       0.75     1155.92    18479.03     1174   
13541450.00    6442       6346      12788       1058       1154       2212       1109       0.99       0.73     2235.41    17399.55     1106   
13583116.00    6935       6874      13809       565        626        1191       1191       1.01       0.75     1184.00    18450.95     1191   
13624782.00    6936       6882      13818       564        618        1182       1182       0.99       0.75     1193.67    18441.28     1182   
13666448.00    7500       7500      15000        0          0          0         880        0.00       0.76       0.00     19634.96      0     
13708114.00    7500       7500      15000        0          0          0         776        0.00       0.76       0.00     19634.96      0     
13749780.00    7500       7500      15000        0          0          0         842        0.00       0.76       0.00     19634.96      0     
13791446.00    6416       6247      12663       1084       1253       2337       1170       0.99       0.73     2367.31    17267.65     1168   
13833112.00    7008       6970      13978       492        530        1022       1022       0.99       0.75     1033.90    18601.06     1022   
13874778.00    6445       6329      12774       1055       1171       2226       1202       0.99       0.74     2257.19    17377.76     1113   
13916444.00    7500       7500      15000        0          0          0         998        0.00       0.76       0.00     19634.96      0     
13958110.00    6970       6931      13901       530        569        1099       1099       1.00       0.75     1100.48    18534.47     1099   
13999776.00    6996       6929      13925       504        571        1075       1075       1.01       0.75     1068.76    18566.20     1075   
14041442.00    7500       7500      15000        0          0          0         851        0.00       0.76       0.00     19634.96      0     
14083108.00    7500       7500      15000        0          0          0         815        0.00       0.76       0.00     19634.96      0     
14124774.00    7500       7500      15000        0          0          0         997        0.00       0.76       0.00     19634.96      0     
14166440.00    6982       6968      13950       518        532        1050       1050       0.97       0.75     1083.26    18551.69     1050   
14208106.00    7500       7500      15000        0          0          0         883        0.00       0.76       0.00     19634.96      0     
14249772.00    7500       7500      15000        0          0          0         731        0.00       0.76       0.00     19634.96      0     
14291438.00    6429       6353      12782       1071       1147       2218       1188       0.98       0.74     2265.27    17369.69     1109   
14333104.00    6983       6926      13909       517        574        1091       1091       0.99       0.75     1102.03    18532.92     1091   
14374770.00    6934       6878      13812       566        622        1188       1188       1.01       0.75     1176.63    18458.33     1188   
14416436.00    6793       6779      13572       707        721        1428       1428       1.00       0.75     1427.76    18207.20     1428   
14458102.00    6171       6061      12232       1329       1439       2768       1668       0.99       0.73     2806.94    16828.01     1384   
14499768.00    6699       6637      13336       801        863        1664       1664       0.99       0.74     1677.51    17957.45     1664   
14541434.00    7500       7500      15000        0          0          0         891        0.00       0.76       0.00     19634.96      0     
14583100.00    6780       6695      13475       720        805        1525       1525       0.98       0.75     1556.35    18078.60     1525   
14624766.00    6890       6826      13716       610        674        1284       1284       0.97       0.75     1328.79    18306.17     1284   
14666432.00    7500       7500      15000        0          0          0         808        0.00       0.76       0.00     19634.96      0     
14708098.00    6976       6894      13870       524        606        1130       1130       0.97       0.75     1160.10    18474.85     1130   
14749764.00    7500       7500      15000        0          0          0         695        0.00       0.76       0.00     19634.96      0     
14791430.00    7500       7500      15000        0          0          0         977        0.00       0.76       0.00     19634.96      0     
14833096.00    7007       6945      13952       493        555        1048       1048       0.99       0.75     1059.77    18575.18     1048   
14874762.00    6734       6669      13403       766        831        1597       1597       0.98       0.74     1625.58    18009.37     1597   
14916428.00    6892       6869      13761       608        631        1239       1239       0.99       0.75     1252.96    18382.00     1239   
14958094.00    6955       6908      13863       545        592        1137       1137       1.00       0.75     1133.73    18501.23     1137   
14999760.00    6999       6932      13931       501        568        1069       1069       1.02       0.75     1050.95    18584.01     1069   
15041426.00    6942       6908      13850       558        592        1150       1150       1.02       0.75     1132.16    18502.79     1150   
15083092.00    6957       6919      13876       543        581        1124       1124       1.01       0.75     1115.31    18519.65     1124   
15124758.00    6962       6876      13838       538        624        1162       1162       0.99       0.75     1174.21    18460.75     1162   
15166424.00    6909       6881      13790       591        619        1210       1210       0.99       0.75     1225.27    18409.68     1210   
15208090.00    6395       6387      12782       1105       1113       2218       1154       0.99       0.74     2250.88    17384.07     1109   
15249756.00    7500       7500      15000        0          0          0         655        0.00       0.76       0.00     19634.96      0     
15291422.00    6922       6930      13852       578        570        1148       1148       0.96       0.75     1200.01    18434.94     1148   
15333088.00    7500       7500      15000        0          0          0         918        0.00       0.76       0.00     19634.96      0     
15374754.00    6210       6143      12353       1290       1357       2647       1500       0.96       0.73     2752.57    16882.39     1323   
15416420.00    6961       6917      13878       539        583        1122       1122       0.97       0.75     1159.32    18475.63     1122   
15458086.00    7500       7500      15000        0          0          0         736        0.00       0.76       0.00     19634.96      0     
15499752.00    6903       6859      13762       597        641        1238       1238       0.98       0.75     1261.85    18373.10     1238   
15541418.00    7500       7500      15000        0          0          0         689        0.00       0.76       0.00     19634.96      0     
15583084.00    7500       7500      15000        0          0          0         937        0.00       0.76       0.00     19634.96      0     
15624750.00    6905       6815      13720       595        685        1280       1280       0.97       0.75     1317.68    18317.28     1280   
15666416.00    6899       6858      13757       601        642        1243       1243       0.97       0.75     1285.70    18349.26     1243   
15708082.00    7500       7500      15000        0          0          0         817        0.00       0.76       0.00     19634.96      0     
15749748.00    7500       7500      15000        0          0          0         631        0.00       0.76       0.00     19634.96      0     
15791414.00    7500       7500      15000        0          0          0         953        0.00       0.76       0.00     19634.96      0     
15833080.00    7500       7500      15000        0          0          0         560        0.00       0.76       0.00     19634.96      0     
15874746.00    6367       6299      12666       1133       1201       2334       1229       0.97       0.74     2406.46    17228.49     1167   
15916412.00    7500       7500      15000        0          0          0         724        0.00       0.76       0.00     19634.96      0     
15958078.00    7016       6977      13993       484        523        1007       1007       0.95       0.75     1059.52    18575.43     1007   
15999744.00    6967       6945      13912       533        555        1088       1088       1.00       0.75     1090.53    18544.43     1088   
16041410.00    6728       6698      13426       772        802        1574       1574       0.98       0.74     1598.04    18036.91     1574   
16083076.00    6454       6411      12865       1046       1089       2135       2135       0.97       0.74     2194.41    17440.55     2135   
16124742.00    7500       7500      15000        0          0          0         664        0.00       0.76       0.00     19634.96      0     
16166408.00    7500       7500      15000        0          0          0         665        0.00       0.76       0.00     19634.96      0     
16208074.00    6985       6947      13932       515        553        1068       1068       1.00       0.75     1073.27    18561.69     1068   
16249740.00    7500       7500      15000        0          0          0         736        0.00       0.76       0.00     19634.96      0     
16291406.00    7500       7500      15000        0          0          0         722        0.00       0.76       0.00     19634.96      0     
16333072.00    7500       7500      15000        0          0          0         824        0.00       0.76       0.00     19634.96      0     
16374738.00    7500       7500      15000        0          0          0         654        0.00       0.76       0.00     19634.96      0     
16416404.00    6486       6441      12927       1014       1059       2073       2073       0.99       0.74     2089.17    17545.79     2073   
16458070.00    6778       6740      13518       722        760        1482       1482       1.00       0.74     1482.28    18152.68     1482   
16499736.00    6565       6581      13146       935        919        1854       1854       1.00       0.74     1851.00    17783.95     1854   
16541402.00    6678       6687      13365       822        813        1635       1635       1.00       0.74     1627.95    18007.00     1635   
16583068.00    6594       6605      13199       906        895        1801       1801       0.98       0.74     1837.40    17797.55     1801   
16624734.00    6671       6585      13256       829        915        1744       1744       0.99       0.74     1763.45    17871.50     1744   
16666400.00    6890       6857      13747       610        643        1253       1253       1.00       0.75     1253.16    18381.80     1253   
