 Timestep    Gas_A      Gas_B     Gas_tot    Dense_A    Dense_B   Dense_tot   Lg_clust  DP_density GP_density Clust_area  Gas_area     MCS    
   0.00      10500       4500      15000        0          0          0          4         0.00       0.76       0.00     19634.96      0     
124999.00    10500       4500      15000        0          0          0         518        0.00       0.76       0.00     19634.96      0     
249998.00     9762       4156      13918       738        344        1082       1082       0.98       0.75     1101.05    18533.91     1082   
374997.00     8850       3689      12539       1650       811        2461       2461       0.99       0.73     2475.77    17159.19     2461   
499996.00     9578       4029      13607       922        471        1393       1393       1.04       0.74     1341.16    18293.79     1393   
624995.00     7093       2742       9835       3407       1758       5165       2105       1.03       0.67     5011.09    14623.87     1721   
749994.00     6310       2365       8675       4190       2135       6325       2621       1.03       0.64     6113.03    13521.93     1581   
874993.00     5263       1850       7113       5237       2650       7887       5210       1.05       0.59     7484.92    12150.04     2629   
999992.00     5644       2020       7664       4856       2480       7336       4641       1.06       0.60     6931.31    12703.65     2445   
1124991.00    4176       1304       5480       6324       3196       9520       7269       1.07       0.51     8928.96    10705.99     3173   
1249990.00    3915       1173       5088       6585       3327       9912       9912       1.07       0.49     9224.17    10410.78     9912   
1374989.00    3707       1114       4821       6793       3386      10179      10179       1.07       0.48     9499.14    10135.82    10179   
1499988.00    3489       1030       4519       7011       3470      10481       7478       1.08       0.46     9737.04    9897.91      3493   
1624987.00    3648       1077       4725       6852       3423      10275       7392       1.08       0.47     9517.25    10117.70     3425   
1749986.00    3501       1033       4534       6999       3467      10466       7427       1.07       0.46     9749.60    9885.35      3488   
1874985.00    3326       987        4313       7174       3513      10687       7807       1.07       0.45     9954.33    9680.63      5343   
1999984.00    3225       952        4177       7275       3548      10823      10823       1.07       0.44     10132.04   9502.91     10823   
2124983.00    3092       924        4016       7408       3576      10984       9559       1.07       0.43     10277.66   9357.29      5492   
2249982.00    3161       953        4114       7339       3547      10886       9829       1.07       0.44     10183.08   9451.87      5443   
2374981.00    3878       1245       5123       6622       3255       9877       9877       1.08       0.49     9172.54    10462.41     9877   
2499980.00    3369       927        4296       7131       3573      10704      10704       1.08       0.44     9939.73    9695.23     10704   
2624979.00    3405       955        4360       7095       3545      10640      10640       1.08       0.45     9861.02    9773.94     10640   
2749978.00    3338       949        4287       7162       3551      10713      10713       1.08       0.44     9910.74    9724.21     10713   
2874977.00    3117       913        4030       7383       3587      10970      10970       1.08       0.43     10182.68   9452.28     10970   
2999976.00    3317       962        4279       7183       3538      10721      10721       1.08       0.44     9899.22    9735.74     10721   
3124975.00    3251       901        4152       7249       3599      10848      10848       1.08       0.43     10050.07   9584.88     10848   
3249974.00    3264       950        4214       7236       3550      10786      10786       1.08       0.44     10024.21   9610.74     10786   
3374973.00    3270       930        4200       7230       3570      10800      10800       1.07       0.44     10046.65   9588.30     10800   
3499972.00    3571       1064       4635       6929       3436      10365      10365       1.07       0.47     9671.28    9963.67     10365   
3624971.00    3622       1076       4698       6878       3424      10302      10302       1.07       0.47     9625.23    10009.73    10302   
3749970.00    3681       1092       4773       6819       3408      10227      10227       1.07       0.47     9519.16    10115.80    10227   
3874969.00    3568       1091       4659       6932       3409      10341      10341       1.07       0.47     9652.68    9982.27     10341   
3999968.00    3703       1128       4831       6797       3372      10169      10169       1.07       0.47     9459.81    10175.15    10169   
4124967.00    3601       1038       4639       6899       3462      10361      10361       1.07       0.47     9676.36    9958.59     10361   
4249966.00    3804       1191       4995       6696       3309      10005      10005       1.08       0.48     9271.47    10363.48    10005   
4374965.00    3690       1081       4771       6810       3419      10229       7988       1.08       0.47     9440.02    10194.93     5114   
4499964.00    3491       1059       4550       7009       3441      10450      10450       1.08       0.46     9642.50    9992.45     10450   
4624963.00    3358       1015       4373       7142       3485      10627       8278       1.09       0.44     9764.81    9870.15      5313   
4749962.00    3144       931        4075       7356       3569      10925       8473       1.08       0.43     10069.72   9565.23      5462   
4874961.00    3187       956        4143       7313       3544      10857       8275       1.09       0.43     9977.12    9657.84      5428   
4999960.00    3261       956        4217       7239       3544      10783       8200       1.08       0.44     9948.96    9686.00      5391   
5124959.00    3131       905        4036       7369       3595      10964      10964       1.09       0.42     10091.68   9543.27     10964   
5249958.00    3139       915        4054       7361       3585      10946      10946       1.09       0.42     10040.84   9594.12     10946   
5374957.00    3154       923        4077       7346       3577      10923      10923       1.09       0.42     9990.31    9644.64     10923   
5499956.00    3069       923        3992       7431       3577      11008      11008       1.09       0.42     10118.44   9516.51     11008   
5624955.00    3180       923        4103       7320       3577      10897      10897       1.08       0.43     10047.84   9587.11     10897   
5749954.00    3171       905        4076       7329       3595      10924      10924       1.09       0.42     10002.66   9632.29     10924   
5874953.00    3351       965        4316       7149       3535      10684      10684       1.09       0.44     9796.45    9838.50     10684   
5999952.00    3234       954        4188       7266       3546      10812      10812       1.09       0.43     9914.59    9720.37     10812   
6124951.00    3109       951        4060       7391       3549      10940      10940       1.09       0.42     10004.85   9630.11     10940   
6249950.00    2959       875        3834       7541       3625      11166      11166       1.10       0.40     10143.74   9491.21     11166   
6374949.00    2939       860        3799       7561       3640      11201      11201       1.10       0.40     10213.55   9421.41     11201   
6499948.00    2902       833        3735       7598       3667      11265      11265       1.10       0.40     10227.69   9407.27     11265   
6624947.00    2969       839        3808       7531       3661      11192      11192       1.10       0.40     10197.87   9437.08     11192   
6749946.00    3096       909        4005       7404       3591      10995      10995       1.09       0.42     10049.31   9585.64     10995   
6874945.00    3022       834        3856       7478       3666      11144      11144       1.09       0.41     10226.92   9408.04     11144   
6999944.00    2976       858        3834       7524       3642      11166      11166       1.09       0.41     10235.54   9399.41     11166   
7124943.00    2937       808        3745       7563       3692      11255      11255       1.08       0.41     10401.31   9233.65     11255   
7249942.00    3001       931        3932       7499       3569      11068      11068       1.07       0.42     10331.71   9303.24     11068   
7374941.00    3209       983        4192       7291       3517      10808      10808       1.07       0.44     10072.64   9562.31     10808   
7499940.00    3250       1047       4297       7250       3453      10703      10703       1.07       0.44     9966.09    9668.87     10703   
7624939.00    3273       986        4259       7227       3514      10741      10741       1.07       0.44     10001.93   9633.02     10741   
7749938.00    3352       1014       4366       7148       3486      10634      10634       1.08       0.44     9802.63    9832.33     10634   
7874937.00    3148       927        4075       7352       3573      10925      10925       1.09       0.43     10054.49   9580.47     10925   
7999936.00    3073       855        3928       7427       3645      11072      11072       1.10       0.41     10102.42   9532.54     11072   
8124935.00    3021       857        3878       7479       3643      11122      11122       1.09       0.41     10157.60   9477.35     11122   
8249934.00    3032       893        3925       7468       3607      11075      11075       1.10       0.41     10111.29   9523.66     11075   
8374933.00    2883       851        3734       7617       3649      11266      11266       1.09       0.40     10356.48   9278.48     11266   
8499932.00    2922       858        3780       7578       3642      11220      11220       1.08       0.41     10368.93   9266.02     11220   
8624931.00    3194       924        4118       7306       3576      10882      10882       1.08       0.43     10041.48   9593.48     10882   
8749930.00    3084       876        3960       7416       3624      11040      11040       1.08       0.42     10217.08   9417.87     11040   
8874929.00    3075       866        3941       7425       3634      11059      11059       1.08       0.42     10280.23   9354.72     11059   
8999928.00    3284       960        4244       7216       3540      10756      10756       1.08       0.44     9956.24    9678.71     10756   
9124927.00    3284       936        4220       7216       3564      10780      10780       1.09       0.43     9922.03    9712.93     10780   
9249926.00    3118       884        4002       7382       3616      10998      10998       1.09       0.42     10131.13   9503.82     10998   
9374925.00    3115       893        4008       7385       3607      10992      10992       1.09       0.42     10102.18   9532.78     10992   
9499924.00    3021       830        3851       7479       3670      11149      11149       1.10       0.41     10179.43   9455.53     11149   
9624923.00    2978       795        3773       7522       3705      11227      11227       1.09       0.40     10287.92   9347.04     11227   
9749922.00    3071       872        3943       7429       3628      11057       7979       1.09       0.42     10147.62   9487.34      5528   
9874921.00    3188       949        4137       7312       3551      10863       7726       1.08       0.43     10041.32   9593.64      5431   
9999920.00    3211       919        4130       7289       3581      10870       7712       1.08       0.43     10041.75   9593.20      5435   
10124919.00    3133       877        4010       7367       3623      10990       7848       1.09       0.42     10126.51   9508.45      5495   
10249918.00    3314       929        4243       7186       3571      10757       7783       1.09       0.44     9893.32    9741.64      5378   
10374917.00    3226       953        4179       7274       3547      10821       7943       1.08       0.43     10008.96   9625.99      5410   
10499916.00    3308       939        4247       7192       3561      10753      10753       1.09       0.44     9907.00    9727.95     10753   
10624915.00    3066       813        3879       7434       3687      11121      11121       1.09       0.41     10218.81   9416.14     11121   
10749914.00    3070       869        3939       7430       3631      11061      11061       1.09       0.42     10178.55   9456.41     11061   
10874913.00    3077       866        3943       7423       3634      11057      11057       1.09       0.42     10188.92   9446.04     11057   
10999912.00    3128       879        4007       7372       3621      10993      10993       1.08       0.42     10178.50   9456.46     10993   
11124911.00    3275       902        4177       7225       3598      10823      10823       1.08       0.44     10037.34   9597.62     10823   
11249910.00    3096       835        3931       7404       3665      11069      11069       1.07       0.42     10321.32   9313.63     11069   
11374909.00    3459       1023       4482       7041       3477      10518      10518       1.08       0.45     9749.60    9885.35     10518   
11499908.00    3450       1052       4502       7050       3448      10498      10498       1.08       0.45     9702.54    9932.42     10498   
11624907.00    3208       903        4111       7292       3597      10889       6835       1.08       0.43     10111.09   9523.87      5444   
11749906.00    3160       892        4052       7340       3608      10948       6466       1.08       0.43     10124.26   9510.69      5474   
11874905.00    3387       997        4384       7113       3503      10616       6372       1.09       0.44     9771.34    9863.62      5308   
11999904.00    3340       982        4322       7160       3518      10678       6289       1.09       0.44     9781.42    9853.53      5339   
12124903.00    3105       894        3999       7395       3606      11001       6410       1.09       0.42     10067.58   9567.37      5500   
12249902.00    3224       905        4129       7276       3595      10871      10871       1.09       0.43     10008.96   9625.99     10871   
12374901.00    3153       930        4083       7347       3570      10917       6596       1.09       0.43     10056.78   9578.18      5458   
12499900.00    3015       853        3868       7485       3647      11132      11132       1.09       0.41     10238.12   9396.83     11132   
12624899.00    3029       847        3876       7471       3653      11124      11124       1.09       0.41     10214.13   9420.82     11124   
12749898.00    3032       863        3895       7468       3637      11105      11105       1.08       0.42     10268.50   9366.45     11105   
12874897.00    3227       962        4189       7273       3538      10811      10811       1.09       0.43     9939.09    9695.87     10811   
12999896.00    3200       909        4109       7300       3591      10891      10891       1.09       0.43     9974.43    9660.53     10891   
13124895.00    3142       881        4023       7358       3619      10977      10977       1.10       0.42     10012.54   9622.41     10977   
13249894.00    3092       845        3937       7408       3655      11063      11063       1.09       0.41     10143.71   9491.24     11063   
13374893.00    3147       897        4044       7353       3603      10956      10956       1.09       0.42     10061.39   9573.57     10956   
13499892.00    3022       842        3864       7478       3658      11136      11136       1.08       0.41     10305.42   9329.53     11136   
13624891.00    3140       875        4015       7360       3625      10985      10985       1.08       0.42     10136.88   9498.08     10985   
13749890.00    3126       881        4007       7374       3619      10993      10993       1.08       0.42     10143.06   9491.89     10993   
13874889.00    3132       905        4037       7368       3595      10963      10963       1.09       0.42     10014.25   9620.71     10963   
13999888.00    3165       885        4050       7335       3615      10950      10950       1.10       0.42     9986.22    9648.74     10950   
14124887.00    3187       864        4051       7313       3636      10949      10949       1.10       0.42     9986.19    9648.77     10949   
14249886.00    3258       969        4227       7242       3531      10773      10773       1.08       0.44     9951.33    9683.63     10773   
14374885.00    4041       1320       5361       6459       3180       9639       9639       1.09       0.50     8868.23    10766.72     9639   
14499884.00    3951       1311       5262       6549       3189       9738       9738       1.09       0.49     8912.20    10722.76     9738   
14624883.00    3795       1233       5028       6705       3267       9972       9972       1.10       0.48     9058.39    10576.57     9972   
14749882.00    3725       1156       4881       6775       3344      10119      10119       1.10       0.47     9204.30    10430.65    10119   
14874881.00    3171       877        4048       7329       3623      10952      10952       1.10       0.42     9998.12    9636.83     10952   
14999880.00    3237       955        4192       7263       3545      10808      10808       1.09       0.43     9907.79    9727.16     10808   
15124879.00    3273       967        4240       7227       3533      10760      10760       1.09       0.43     9874.42    9760.53     10760   
15249878.00    3234       947        4181       7266       3553      10819      10819       1.10       0.43     9875.67    9759.29     10819   
15374877.00    3086       891        3977       7414       3609      11023      11023       1.09       0.42     10121.19   9513.76     11023   
15499876.00    3110       859        3969       7390       3641      11031      11031       1.09       0.42     10106.39   9528.56     11031   
15624875.00    3111       880        3991       7389       3620      11009      11009       1.09       0.42     10115.96   9519.00     11009   
15749874.00    3248       910        4158       7252       3590      10842      10842       1.09       0.43     9989.92    9645.04     10842   
15874873.00    3302       958        4260       7198       3542      10740       7687       1.08       0.44     9934.37    9700.58      5370   
15999872.00    3279       912        4191       7221       3588      10809      10809       1.09       0.43     9932.88    9702.08     10809   
16124871.00    3264       875        4139       7236       3625      10861      10861       1.09       0.43     9931.04    9703.91     10861   
16249870.00    3538       1019       4557       6962       3481      10443      10443       1.10       0.45     9512.37    10122.59    10443   
16374869.00    3652       1081       4733       6848       3419      10267      10267       1.10       0.46     9347.76    10287.20    10267   
16499868.00    3359       976        4335       7141       3524      10665      10665       1.09       0.44     9762.18    9872.78     10665   
16624867.00    3261       948        4209       7239       3552      10791      10791       1.10       0.43     9845.32    9789.64     10791   
16749866.00    3278       934        4212       7222       3566      10788      10788       1.10       0.43     9829.04    9805.92     10788   
16874865.00    3236       939        4175       7264       3561      10825      10825       1.09       0.43     9887.63    9747.33     10825   
16999864.00    3352       1006       4358       7148       3494      10642      10642       1.10       0.44     9687.06    9947.90     10642   
17124863.00    3172       946        4118       7328       3554      10882      10882       1.10       0.42     9930.49    9704.46     10882   
17249862.00    3098       898        3996       7402       3602      11004      11004       1.10       0.42     10041.33   9593.62     11004   
17374861.00    3012       893        3905       7488       3607      11095      11095       1.10       0.41     10112.13   9522.82     11095   
17499860.00    3008       848        3856       7492       3652      11144      11144       1.10       0.41     10134.32   9500.64     11144   
17624859.00    3080       867        3947       7420       3633      11053      11053       1.10       0.41     10080.20   9554.75     11053   
17749858.00    3091       855        3946       7409       3645      11054      11054       1.09       0.41     10102.43   9532.52     11054   
17874857.00    3162       893        4055       7338       3607      10945      10945       1.10       0.42     9965.64    9669.31     10945   
17999856.00    3533       1065       4598       6967       3435      10402      10402       1.10       0.45     9419.32    10215.64    10402   
18124855.00    3433       1026       4459       7067       3474      10541      10541       1.11       0.44     9498.01    10136.94    10541   
18249854.00    3328       936        4264       7172       3564      10736      10736       1.12       0.43     9621.43    10013.52    10736   
18374853.00    3239       861        4100       7261       3639      10900      10900       1.12       0.41     9739.29    9895.66     10900   
18499852.00    3208       821        4029       7292       3679      10971      10971       1.12       0.41     9801.09    9833.87     10971   
18624851.00    3120       819        3939       7380       3681      11061      11061       1.12       0.41     9916.81    9718.14     11061   
18749850.00    2898       759        3657       7602       3741      11343      11343       1.11       0.39     10209.29   9425.66     11343   
18874849.00    3006       777        3783       7494       3723      11217      11217       1.11       0.40     10113.55   9521.40     11217   
18999848.00    3175       836        4011       7325       3664      10989      10989       1.11       0.41     9932.96    9702.00     10989   
19124847.00    3000       820        3820       7500       3680      11180      11180       1.10       0.40     10131.34   9503.61     11180   
19249846.00    3178       883        4061       7322       3617      10939      10939       1.10       0.42     9921.21    9713.74     10939   
19374845.00    3347       969        4316       7153       3531      10684      10684       1.10       0.44     9714.02    9920.94     10684   
19499844.00    3404       1015       4419       7096       3485      10581      10581       1.10       0.44     9579.70    10055.26    10581   
19624843.00    3342       971        4313       7158       3529      10687      10687       1.11       0.43     9662.54    9972.42     10687   
19749842.00    3298       992        4290       7202       3508      10710      10710       1.11       0.43     9631.52    10003.43    10710   
19874841.00    3259       935        4194       7241       3565      10806      10806       1.11       0.42     9695.00    9939.96     10806   
19999840.00    3208       879        4087       7292       3621      10913      10913       1.11       0.42     9872.08    9762.88     10913   
20124839.00    3263       905        4168       7237       3595      10832      10832       1.10       0.42     9808.84    9826.11     10832   
20249838.00    3215       891        4106       7285       3609      10894      10894       1.10       0.42     9866.39    9768.57     10894   
20374837.00    3103       860        3963       7397       3640      11037      11037       1.11       0.41     9947.29    9687.66     11037   
20499836.00    2868       776        3644       7632       3724      11356      11356       1.11       0.39     10263.62   9371.33     11356   
20624835.00    2899       763        3662       7601       3737      11338      11338       1.11       0.39     10186.78   9448.17     11338   
20749834.00    2823       738        3561       7677       3762      11439      11439       1.12       0.38     10258.17   9376.79     11439   
20874833.00    2829       746        3575       7671       3754      11425      11425       1.11       0.38     10298.21   9336.75     11425   
20999832.00    2774       710        3484       7726       3790      11516      11516       1.11       0.38     10394.03   9240.93     11516   
21124831.00    2835       755        3590       7665       3745      11410      11410       1.11       0.38     10303.64   9331.32     11410   
21249830.00    2963       827        3790       7537       3673      11210      11210       1.11       0.40     10136.46   9498.50     11210   
21374829.00    2991       872        3863       7509       3628      11137      11137       1.10       0.40     10079.51   9555.45     11137   
21499828.00    2953       822        3775       7547       3678      11225      11225       1.11       0.40     10093.87   9541.08     11225   
21624827.00    2849       778        3627       7651       3722      11373      11373       1.11       0.39     10249.25   9385.70     11373   
21749826.00    2940       790        3730       7560       3710      11270      11270       1.10       0.40     10207.61   9427.34     11270   
21874825.00    2922       813        3735       7578       3687      11265      11265       1.11       0.39     10173.63   9461.32     11265   
21999824.00    2978       804        3782       7522       3696      11218      11218       1.11       0.40     10139.25   9495.70     11218   
22124823.00    3079       891        3970       7421       3609      11030      11030       1.11       0.41     9962.99    9671.96     11030   
22249822.00    3115       856        3971       7385       3644      11029      11029       1.10       0.41     10025.85   9609.10     11029   
22374821.00    3203       894        4097       7297       3606      10903      10903       1.10       0.42     9904.57    9730.39     10903   
22499820.00    3008       809        3817       7492       3691      11183      11183       1.10       0.40     10186.72   9448.24     11183   
22624819.00    2941       797        3738       7559       3703      11262      11262       1.09       0.40     10297.10   9337.86     11262   
22749818.00    2929       767        3696       7571       3733      11304      11304       1.09       0.40     10323.92   9311.03     11304   
22874817.00    3067       858        3925       7433       3642      11075      11075       1.09       0.41     10123.38   9511.58     11075   
22999816.00    3132       846        3978       7368       3654      11022      11022       1.09       0.42     10121.55   9513.41     11022   
23124815.00    3261       905        4166       7239       3595      10834      10834       1.09       0.43     9911.57    9723.39     10834   
23249814.00    3137       895        4032       7363       3605      10968      10968       1.09       0.42     10045.61   9589.34     10968   
23374813.00    3116       822        3938       7384       3678      11062      11062       1.09       0.41     10103.39   9531.56     11062   
23499812.00    3657       1082       4739       6843       3418      10261      10261       1.10       0.46     9305.84    10329.12    10261   
23624811.00    3594       1060       4654       6906       3440      10346      10346       1.11       0.45     9353.51    10281.44    10346   
23749810.00    3757       1149       4906       6743       3351      10094      10094       1.10       0.47     9159.96    10474.99    10094   
23874809.00    3694       1065       4759       6806       3435      10241      10241       1.10       0.46     9280.95    10354.00    10241   
23999808.00    3681       1103       4784       6819       3397      10216      10216       1.10       0.46     9255.19    10379.77    10216   
24124807.00    3529       1053       4582       6971       3447      10418      10418       1.10       0.45     9454.44    10180.51    10418   
24249806.00    3403       966        4369       7097       3534      10631      10631       1.10       0.44     9703.06    9931.89     10631   
24374805.00    3416       973        4389       7084       3527      10611      10611       1.10       0.44     9675.03    9959.93     10611   
24499804.00    3384       938        4322       7116       3562      10678      10678       1.10       0.44     9738.81    9896.14     10678   
24624803.00    3293       894        4187       7207       3606      10813      10813       1.09       0.43     9900.23    9734.72     10813   
24749802.00    3308       887        4195       7192       3613      10805      10805       1.10       0.43     9835.62    9799.33     10805   
24874801.00    3202       840        4042       7298       3660      10958      10958       1.10       0.42     9940.94    9694.02     10958   
24999800.00    3226       790        4016       7274       3710      10984      10984       1.11       0.41     9902.09    9732.86     10984   
25124799.00    3024       765        3789       7476       3735      11211      11211       1.11       0.40     10088.24   9546.72     11211   
25249798.00    3000       728        3728       7500       3772      11272      11272       1.11       0.39     10175.32   9459.64     11272   
25374797.00    2942       706        3648       7558       3794      11352      11352       1.11       0.39     10218.56   9416.39     11352   
25499796.00    2925       688        3613       7575       3812      11387      11387       1.10       0.39     10305.01   9329.95     11387   
25624795.00    2968       746        3714       7532       3754      11286      11286       1.11       0.39     10193.82   9441.14     11286   
25749794.00    3056       826        3882       7444       3674      11118      11118       1.11       0.40     10038.10   9596.86     11118   
25874793.00    3069       801        3870       7431       3699      11130      11130       1.10       0.41     10116.93   9518.03     11130   
25999792.00    3161       836        3997       7339       3664      11003      11003       1.10       0.42     10035.98   9598.98     11003   
26124791.00    3249       873        4122       7251       3627      10878      10878       1.09       0.43     9957.56    9677.39     10878   
26249790.00    3417       1003       4420       7083       3497      10580      10580       1.09       0.45     9702.89    9932.07     10580   
26374789.00    3361       907        4268       7139       3593      10732      10732       1.09       0.44     9841.90    9793.05     10732   
26499788.00    3330       927        4257       7170       3573      10743      10743       1.09       0.44     9865.63    9769.33     10743   
26624787.00    3283       872        4155       7217       3628      10845      10845       1.09       0.43     9922.92    9712.03     10845   
26749786.00    3379       900        4279       7121       3600      10721      10721       1.10       0.43     9778.42    9856.54     10721   
26874785.00    3215       848        4063       7285       3652      10937      10937       1.10       0.42     9973.28    9661.67     10937   
26999784.00    3164       825        3989       7336       3675      11011      11011       1.09       0.42     10121.32   9513.63     11011   
27124783.00    3381       920        4301       7119       3580      10699      10699       1.09       0.44     9835.12    9799.84     10699   
27249782.00    3260       879        4139       7240       3621      10861      10861       1.09       0.43     9991.47    9643.48     10861   
27374781.00    3186       868        4054       7314       3632      10946      10946       1.09       0.42     10036.43   9598.52     10946   
27499780.00    2963       801        3764       7537       3699      11236      11236       1.09       0.40     10300.72   9334.23     11236   
27624779.00    2958       843        3801       7542       3657      11199      11199       1.09       0.40     10232.19   9402.76     11199   
27749778.00    2862       800        3662       7638       3700      11338      11338       1.09       0.40     10372.48   9262.48     11338   
27874777.00    2926       787        3713       7574       3713      11287      11287       1.08       0.40     10407.62   9227.33     11287   
27999776.00    3173       912        4085       7327       3588      10915      10915       1.09       0.43     10052.99   9581.96     10915   
28124775.00    3389       1021       4410       7111       3479      10590      10590       1.09       0.45     9737.61    9897.34     10590   
28249774.00    3265       939        4204       7235       3561      10796      10796       1.08       0.44     9974.74    9660.22     10796   
28374773.00    3011       820        3831       7489       3680      11169      11169       1.09       0.41     10284.92   9350.04     11169   
28499772.00    3150       867        4017       7350       3633      10983      10983       1.08       0.42     10143.79   9491.17     10983   
28624771.00    3077       865        3942       7423       3635      11058      11058       1.09       0.42     10137.23   9497.72     11058   
28749770.00    3228       871        4099       7272       3629      10901      10901       1.09       0.43     10044.58   9590.38     10901   
28874769.00    3198       896        4094       7302       3604      10906      10906       1.09       0.43     10039.61   9595.35     10906   
28999768.00    3189       906        4095       7311       3594      10905      10905       1.09       0.43     10000.39   9634.57     10905   
29124767.00    3231       906        4137       7269       3594      10863      10863       1.10       0.43     9917.53    9717.42     10863   
29249766.00    3379       986        4365       7121       3514      10635      10635       1.10       0.44     9705.30    9929.66     10635   
29374765.00    3052       875        3927       7448       3625      11073      11073       1.10       0.41     10082.54   9552.42     11073   
29499764.00    2995       842        3837       7505       3658      11163      11163       1.10       0.41     10182.96   9451.99     11163   
29624763.00    2995       799        3794       7505       3701      11206      11206       1.10       0.40     10218.11   9416.85     11206   
29749762.00    3001       838        3839       7499       3662      11161      11161       1.10       0.41     10165.79   9469.17     11161   
29874761.00    3026       830        3856       7474       3670      11144      11144       1.10       0.41     10168.20   9466.75     11144   
29999760.00    3159       835        3994       7341       3665      11006      11006       1.09       0.42     10072.31   9562.64     11006   
30124759.00    3321       864        4185       7179       3636      10815      10815       1.10       0.43     9874.77    9760.19     10815   
30249758.00    3218       879        4097       7282       3621      10903       9494       1.09       0.42     9990.74    9644.22      5451   
30374757.00    3236       920        4156       7264       3580      10844      10844       1.09       0.43     9976.14    9658.82     10844   
30499756.00    3306       909        4215       7194       3591      10785      10785       1.09       0.43     9933.98    9700.97     10785   
30624755.00    3294       888        4182       7206       3612      10818      10818       1.09       0.43     9957.96    9677.00     10818   
30749754.00    3281       905        4186       7219       3595      10814      10814       1.09       0.43     9936.70    9698.26     10814   
30874753.00    3283       877        4160       7217       3623      10840      10840       1.09       0.43     9906.62    9728.33     10840   
30999752.00    3424       972        4396       7076       3528      10604      10604       1.09       0.44     9704.60    9930.36     10604   
31124751.00    3459       960        4419       7041       3540      10581      10581       1.09       0.45     9735.03    9899.92     10581   
31249750.00    3467       1001       4468       7033       3499      10532       9258       1.09       0.45     9639.91    9995.04      5266   
31374749.00    3394       940        4334       7106       3560      10666      10666       1.10       0.44     9703.74    9931.21     10666   
31499748.00    3177       862        4039       7323       3638      10961      10961       1.10       0.42     9967.64    9667.32     10961   
31624747.00    3471       945        4416       7029       3555      10584      10584       1.11       0.44     9559.06    10075.90    10584   
31749746.00    3190       840        4030       7310       3660      10970      10970       1.09       0.42     10022.13   9612.83     10970   
31874745.00    3192       782        3974       7308       3718      11026      11026       1.10       0.41     10043.91   9591.05     11026   
31999744.00    3211       824        4035       7289       3676      10965      10965       1.09       0.42     10022.51   9612.45     10965   
32124743.00    3350       874        4224       7150       3626      10776      10776       1.09       0.43     9857.37    9777.59     10776   
32249742.00    3366       941        4307       7134       3559      10693      10693       1.10       0.44     9763.59    9871.36     10693   
32374741.00    3255       876        4131       7245       3624      10869      10869       1.10       0.43     9922.69    9712.27     10869   
32499740.00    3231       920        4151       7269       3580      10849      10849       1.09       0.43     9958.68    9676.28     10849   
32624739.00    3333       954        4287       7167       3546      10713      10713       1.09       0.44     9852.61    9782.34     10713   
32749738.00    3422       986        4408       7078       3514      10592      10592       1.09       0.45     9752.67    9882.28     10592   
32874737.00    3352       955        4307       7148       3545      10693      10693       1.09       0.44     9767.26    9867.69     10693   
32999736.00    3395       950        4345       7105       3550      10655      10655       1.09       0.44     9752.82    9882.14     10655   
33124735.00    3215       881        4096       7285       3619      10904      10904       1.09       0.42     9992.03    9642.92     10904   
33249734.00    3247       927        4174       7253       3573      10826      10826       1.10       0.43     9855.62    9779.33     10826   
33374733.00    3374       957        4331       7126       3543      10669      10669       1.10       0.44     9689.00    9945.95     10669   
33499732.00    3344       957        4301       7156       3543      10699      10699       1.10       0.43     9715.29    9919.67     10699   
33624731.00    3273       939        4212       7227       3561      10788      10788       1.09       0.43     9876.85    9758.10     10788   
33749730.00    3087       855        3942       7413       3645      11058      11058       1.10       0.41     10051.47   9583.48     11058   
33874729.00    3112       831        3943       7388       3669      11057      11057       1.09       0.41     10107.58   9527.37     11057   
33999728.00    3278       932        4210       7222       3568      10790      10790       1.10       0.43     9843.63    9791.33     10790   
34124727.00    3355       983        4338       7145       3517      10662      10662       1.10       0.44     9676.72    9958.23     10662   
34249726.00    3139       888        4027       7361       3612      10973      10973       1.10       0.42     9957.36    9677.60     10973   
34374725.00    2980       806        3786       7520       3694      11214      11214       1.10       0.40     10189.52   9445.43     11214   
34499724.00    3058       845        3903       7442       3655      11097      11097       1.11       0.40     9975.75    9659.21     11097   
34624723.00    3185       892        4077       7315       3608      10923      10923       1.11       0.42     9828.88    9806.08     10923   
34749722.00    3099       860        3959       7401       3640      11041      11041       1.11       0.41     9980.91    9654.04     11041   
34874721.00    2922       783        3705       7578       3717      11295      11295       1.10       0.39     10238.24   9396.72     11295   
34999720.00    2876       754        3630       7624       3746      11370      11370       1.11       0.39     10247.25   9387.70     11370   
35124719.00    2931       746        3677       7569       3754      11323      11323       1.11       0.39     10246.07   9388.88     11323   
35249718.00    2992       801        3793       7508       3699      11207      11207       1.10       0.40     10151.80   9483.16     11207   
35374717.00    2900       756        3656       7600       3744      11344      11344       1.10       0.39     10338.91   9296.05     11344   
35499716.00    3594       1040       4634       6906       3460      10366      10366       1.11       0.45     9378.24    10256.72    10366   
35624715.00    3633       1048       4681       6867       3452      10319      10319       1.10       0.46     9378.91    10256.05    10319   
35749714.00    3749       1099       4848       6751       3401      10152      10152       1.10       0.47     9230.98    10403.98    10152   
35874713.00    3372       924        4296       7128       3576      10704      10704       1.11       0.43     9676.01    9958.94     10704   
35999712.00    3212       851        4063       7288       3649      10937      10937       1.11       0.42     9848.21    9786.74     10937   
36124711.00    3144       814        3958       7356       3686      11042      11042       1.11       0.41     9923.51    9711.45     11042   
36249710.00    2948       736        3684       7552       3764      11316      11316       1.11       0.39     10202.62   9432.34     11316   
36374709.00    3017       776        3793       7483       3724      11207      11207       1.10       0.40     10189.32   9445.63     11207   
36499708.00    3091       814        3905       7409       3686      11095      11095       1.10       0.41     10091.77   9543.18     11095   
36624707.00    3225       871        4096       7275       3629      10904      10904       1.10       0.42     9945.63    9689.33     10904   
36749706.00    3035       753        3788       7465       3747      11212      11212       1.10       0.40     10222.20   9412.75     11212   
36874705.00    3041       749        3790       7459       3751      11210      11210       1.09       0.40     10256.42   9378.54     11210   
36999704.00    3145       791        3936       7355       3709      11064      11064       1.09       0.41     10116.97   9517.99     11064   
37124703.00    3098       817        3915       7402       3683      11085      11085       1.10       0.41     10067.58   9567.38     11085   
37249702.00    2888       744        3632       7612       3756      11368      11368       1.10       0.39     10316.79   9318.16     11368   
37374701.00    3296       951        4247       7204       3549      10753      10753       1.10       0.43     9770.15    9864.80     10753   
37499700.00    3091       903        3994       7409       3597      11006      11006       1.10       0.41     9967.81    9667.14     11006   
37624699.00    3345       964        4309       7155       3536      10691      10691       1.11       0.43     9655.69    9979.27     10691   
37749698.00    3558       1035       4593       6942       3465      10407      10407       1.11       0.45     9396.18    10238.77    10407   
37874697.00    3627       1050       4677       6873       3450      10323      10323       1.11       0.45     9298.68    10336.28    10323   
37999696.00    3336       919        4255       7164       3581      10745      10745       1.11       0.43     9650.91    9984.04     10745   
38124695.00    3178       863        4041       7322       3637      10959      10959       1.11       0.41     9838.69    9796.27     10959   
38249694.00    3131       840        3971       7369       3660      11029      11029       1.12       0.41     9882.59    9752.37     11029   
38374693.00    3215       845        4060       7285       3655      10940      10940       1.12       0.41     9803.80    9831.16     10940   
38499692.00    3083       783        3866       7417       3717      11134      11134       1.12       0.40     9940.94    9694.01     11134   
38624691.00    3141       831        3972       7359       3669      11028      11028       1.12       0.41     9855.97    9778.98     11028   
38749690.00    3153       857        4010       7347       3643      10990      10990       1.12       0.41     9825.66    9809.30     10990   
38874689.00    3102       843        3945       7398       3657      11055      11055       1.11       0.41     9962.59    9672.37     11055   
38999688.00    3010       822        3832       7490       3678      11168      11168       1.11       0.40     10045.31   9589.64     11168   
39124687.00    2880       708        3588       7620       3792      11412      11412       1.11       0.39     10321.89   9313.07     11412   
39249686.00    2940       774        3714       7560       3726      11286      11286       1.10       0.39     10218.52   9416.44     11286   
39374685.00    2933       734        3667       7567       3766      11333      11333       1.10       0.39     10267.49   9367.46     11333   
39499684.00    3030       759        3789       7470       3741      11211      11211       1.10       0.40     10159.41   9475.55     11211   
39624683.00    3244       866        4110       7256       3634      10890      10890       1.11       0.42     9854.69    9780.27     10890   
39749682.00    3258       860        4118       7242       3640      10882      10882       1.10       0.42     9860.24    9774.72     10882   
39874681.00    3170       802        3972       7330       3698      11028      11028       1.10       0.41     10053.83   9581.12     11028   
39999680.00    3265       896        4161       7235       3604      10839      10839       1.10       0.43     9869.31    9765.64     10839   
40124679.00    3235       909        4144       7265       3591      10856      10856       1.10       0.42     9834.73    9800.22     10856   
40249678.00    3219       844        4063       7281       3656      10937      10937       1.10       0.42     9971.16    9663.80     10937   
40374677.00    3160       839        3999       7340       3661      11001      11001       1.09       0.42     10070.40   9564.56     11001   
40499676.00    3191       850        4041       7309       3650      10959      10959       1.10       0.42     9989.89    9645.06     10959   
40624675.00    3234       857        4091       7266       3643      10909      10909       1.11       0.42     9863.21    9771.75     10909   
40749674.00    3058       801        3859       7442       3699      11141      11141       1.10       0.41     10172.09   9462.86     11141   
40874673.00    3027       774        3801       7473       3726      11199      11199       1.09       0.40     10229.49   9405.47     11199   
40999672.00    3116       820        3936       7384       3680      11064      11064       1.10       0.41     10054.28   9580.67     11064   
41124671.00    3107       817        3924       7393       3683      11076      11076       1.10       0.41     10100.86   9534.09     11076   
41249670.00    3265       897        4162       7235       3603      10838      10838       1.11       0.42     9796.03    9838.92     10838   
41374669.00    3282       890        4172       7218       3610      10828      10828       1.10       0.42     9809.41    9825.55     10828   
41499668.00    3371       946        4317       7129       3554      10683      10683       1.10       0.43     9669.57    9965.38     10683   
41624667.00    3183       869        4052       7317       3631      10948      10948       1.10       0.42     9962.32    9672.63     10948   
41749666.00    3045       810        3855       7455       3690      11145      11145       1.10       0.41     10158.98   9475.97     11145   
41874665.00    3094       795        3889       7406       3705      11111      11111       1.09       0.41     10159.34   9475.61     11111   
41999664.00    3104       818        3922       7396       3682      11078      11078       1.09       0.41     10169.65   9465.30     11078   
42124663.00    3191       860        4051       7309       3640      10949      10949       1.09       0.42     10029.43   9605.52     10949   
42249662.00    3280       875        4155       7220       3625      10845      10845       1.09       0.43     9956.62    9678.33     10845   
42374661.00    3317       903        4220       7183       3597      10780      10780       1.09       0.43     9849.64    9785.32     10780   
42499660.00    3206       910        4116       7294       3590      10884      10884       1.10       0.42     9927.98    9706.97     10884   
42624659.00    3345       971        4316       7155       3529      10684      10684       1.09       0.44     9757.39    9877.56     10684   
42749658.00    3364       928        4292       7136       3572      10708      10708       1.10       0.43     9765.92    9869.04     10708   
42874657.00    3081       851        3932       7419       3649      11068      11068       1.10       0.41     10107.11   9527.84     11068   
42999656.00    3048       825        3873       7452       3675      11127      11127       1.10       0.41     10151.67   9483.29     11127   
43124655.00    3278       909        4187       7222       3591      10813      10813       1.09       0.43     9899.19    9735.76     10813   
43249654.00    3189       929        4118       7311       3571      10882      10882       1.09       0.43     10028.79   9606.17     10882   
43374653.00    3235       923        4158       7265       3577      10842      10842       1.09       0.43     9988.70    9646.26     10842   
43499652.00    3259       876        4135       7241       3624      10865      10865       1.09       0.43     10006.60   9628.36     10865   
43624651.00    3717       1083       4800       6783       3417      10200      10200       1.09       0.47     9354.40    10280.56    10200   
43749650.00    3497       1025       4522       7003       3475      10478      10478       1.09       0.45     9575.97    10058.99    10478   
43874649.00    3574       1008       4582       6926       3492      10418      10418       1.09       0.45     9514.38    10120.57    10418   
43999648.00    3640       1031       4671       6860       3469      10329      10329       1.09       0.46     9469.96    10164.99    10329   
44124647.00    3871       1116       4987       6629       3384      10013      10013       1.10       0.48     9141.22    10493.74    10013   
44249646.00    3884       1166       5050       6616       3334       9950       9950       1.09       0.48     9121.86    10513.09     9950   
44374645.00    3742       1135       4877       6758       3365      10123      10123       1.09       0.47     9284.52    10350.43    10123   
44499644.00    3736       1085       4821       6764       3415      10179      10179       1.10       0.47     9290.79    10344.16    10179   
44624643.00    3549       1054       4603       6951       3446      10397      10397       1.09       0.45     9516.47    10118.48    10397   
44749642.00    3693       1117       4810       6807       3383      10190      10190       1.10       0.46     9278.47    10356.49    10190   
44874641.00    3935       1191       5126       6565       3309       9874       9874       1.10       0.48     8942.97    10691.99     9874   
44999640.00    3673       1051       4724       6827       3449      10276      10276       1.11       0.46     9257.66    10377.30    10276   
45124639.00    3793       1171       4964       6707       3329      10036      10036       1.11       0.47     9047.29    10587.67    10036   
45249638.00    3763       1149       4912       6737       3351      10088      10088       1.11       0.47     9122.37    10512.58    10088   
45374637.00    3776       1112       4888       6724       3388      10112      10112       1.10       0.47     9212.04    10422.91    10112   
45499636.00    3630       1076       4706       6870       3424      10294      10294       1.10       0.46     9319.43    10315.52    10294   
45624635.00    3408       977        4385       7092       3523      10615      10615       1.10       0.44     9615.36    10019.59    10615   
45749634.00    3510       1021       4531       6990       3479      10469      10469       1.11       0.44     9439.39    10195.57    10469   
45874633.00    3272       902        4174       7228       3598      10826      10826       1.11       0.42     9775.26    9859.69     10826   
45999632.00    3161       846        4007       7339       3654      10993      10993       1.11       0.41     9946.18    9688.78     10993   
46124631.00    3140       783        3923       7360       3717      11077      11077       1.10       0.41     10080.84   9554.12     11077   
46249630.00    3287       907        4194       7213       3593      10806      10806       1.10       0.43     9782.26    9852.70     10806   
46374629.00    3096       823        3919       7404       3677      11081      11081       1.10       0.41     10036.17   9598.78     11081   
46499628.00    3152       846        3998       7348       3654      11002      11002       1.11       0.41     9951.49    9683.46     11002   
46624627.00    3250       898        4148       7250       3602      10852      10852       1.10       0.42     9838.36    9796.60     10852   
46749626.00    3223       868        4091       7277       3632      10909      10909       1.11       0.42     9864.09    9770.87     10909   
46874625.00    2985       794        3779       7515       3706      11221      11221       1.10       0.40     10226.78   9408.18     11221   
46999624.00    3009       809        3818       7491       3691      11182      11182       1.10       0.40     10205.35   9429.61     11182   
47124623.00    3007       787        3794       7493       3713      11206      11206       1.10       0.40     10199.15   9435.80     11206   
47249622.00    2809       713        3522       7691       3787      11478      11478       1.10       0.38     10464.28   9170.67     11478   
47374621.00    2902       770        3672       7598       3730      11328      11328       1.09       0.40     10346.94   9288.01     11328   
47499620.00    3236       964        4200       7264       3536      10800      10800       1.10       0.43     9843.37    9791.58     10800   
47624619.00    3279       921        4200       7221       3579      10800      10800       1.10       0.43     9823.97    9810.98     10800   
47749618.00    3172       900        4072       7328       3600      10928      10928       1.10       0.42     9918.51    9716.45     10928   
47874617.00    2974       835        3809       7526       3665      11191      11191       1.10       0.40     10158.24   9476.72     11191   
47999616.00    2887       810        3697       7613       3690      11303      11303       1.10       0.40     10277.55   9357.40     11303   
48124615.00    3018       837        3855       7482       3663      11145      11145       1.09       0.41     10215.53   9419.43     11145   
48249614.00    3102       844        3946       7398       3656      11054      11054       1.09       0.42     10138.07   9496.88     11054   
48374613.00    3193       864        4057       7307       3636      10943      10943       1.10       0.42     9992.66    9642.29     10943   
48499612.00    3041       783        3824       7459       3717      11176      11176       1.09       0.41     10225.75   9409.21     11176   
48624611.00    2990       789        3779       7510       3711      11221      11221       1.09       0.40     10261.45   9373.51     11221   
48749610.00    2991       780        3771       7509       3720      11229      11229       1.09       0.40     10287.19   9347.77     11229   
48874609.00    3039       803        3842       7461       3697      11158      11158       1.09       0.41     10253.58   9381.38     11158   
48999608.00    3056       827        3883       7444       3673      11117      11117       1.09       0.41     10176.38   9458.57     11117   
49124607.00    2978       787        3765       7522       3713      11235      11235       1.09       0.41     10339.38   9295.57     11235   
49249606.00    2992       843        3835       7508       3657      11165      11165       1.09       0.41     10259.41   9375.54     11165   
49374605.00    3130       861        3991       7370       3639      11009      11009       1.09       0.42     10123.09   9511.87     11009   
49499604.00    3019       838        3857       7481       3662      11143      11143       1.09       0.41     10263.83   9371.13     11143   
49624603.00    2931       801        3732       7569       3699      11268      11268       1.09       0.40     10370.68   9264.27     11268   
49749602.00    2866       736        3602       7634       3764      11398      11398       1.08       0.40     10521.94   9113.01     11398   
49874601.00    3030       821        3851       7470       3679      11149      11149       1.08       0.41     10304.08   9330.87     11149   
49999600.00    3308       927        4235       7192       3573      10765      10765       1.08       0.44     9948.56    9686.39     10765   
