 Timestep    Gas_A      Gas_B     Gas_tot    Dense_A    Dense_B   Dense_tot   Lg_clust  DP_density GP_density Clust_area  Gas_area     MCS    
   0.00       4500      10500      15000        0          0          0          6         0.00       0.76       0.00     19634.96      0     
 93750.00     4500      10500      15000        0          0          0         260        0.00       0.76       0.00     19634.96      0     
187500.00     4500      10500      15000        0          0          0         584        0.00       0.76       0.00     19634.96      0     
281250.00     4246       9695      13941       254        805        1059       1059       0.97       0.75     1095.80    18539.16     1059   
375000.00     4195       9721      13916       305        779        1084       1084       0.98       0.75     1100.94    18534.01     1084   
468750.00     3783       8409      12192       717        2091       2808       1480       1.05       0.72     2674.94    16960.02     1404   
562500.00     3498       7619      11117       1002       2881       3883       1469       1.04       0.70     3741.55    15893.41     1294   
656250.00     3312       6773      10085       1188       3727       4915       1885       1.05       0.68     4701.93    14933.02     1638   
750000.00     2985       5723       8708       1515       4777       6292       1897       1.06       0.64     5963.03    13671.93     1573   
843750.00     3137       6280       9417       1363       4220       5583       2111       1.07       0.65     5241.14    14393.82     1861   
937500.00     2669       4599       7268       1831       5901       7732       2656       1.06       0.59     7321.78    12313.17     1933   
1031250.00    2944       5673       8617       1556       4827       6383       2731       1.07       0.63     5964.07    13670.89     2127   
1125000.00    2829       5231       8060       1671       5269       6940       4908       1.08       0.61     6432.79    13202.16     3470   
1218750.00    2591       4293       6884       1909       6207       8116       2699       1.07       0.57     7554.53    12080.43     2029   
1312500.00    2929       5334       8263       1571       5166       6737       5040       1.09       0.61     6194.78    13440.18     3368   
1406250.00    2812       4924       7736       1688       5576       7264       5107       1.08       0.60     6748.77    12886.18     3632   
1500000.00    2904       5055       7959       1596       5445       7041       4982       1.09       0.60     6466.82    13168.13     3520   
1593750.00    2754       4755       7509       1746       5745       7491       5281       1.08       0.59     6928.06    12706.89     3745   
1687500.00    2760       4687       7447       1740       5813       7553       5351       1.09       0.59     6952.34    12682.62     3776   
1781250.00    2702       4446       7148       1798       6054       7852       5625       1.08       0.58     7254.29    12380.67     3926   
1875000.00    2737       4349       7086       1763       6151       7914       7914       1.08       0.57     7300.89    12334.07     7914   
1968750.00    2647       4268       6915       1853       6232       8085       8085       1.08       0.57     7494.01    12140.95     8085   
2062500.00    2731       4364       7095       1769       6136       7905       7905       1.09       0.57     7269.65    12365.31     7905   
2156250.00    2726       4352       7078       1774       6148       7922       7922       1.09       0.57     7295.28    12339.68     7922   
2250000.00    2798       4321       7119       1702       6179       7881       7881       1.08       0.58     7274.69    12360.26     7881   
2343750.00    2854       4582       7436       1646       5918       7564       7564       1.09       0.59     6956.49    12678.46     7564   
2437500.00    2829       4485       7314       1671       6015       7686       7686       1.08       0.58     7087.33    12547.63     7686   
2531250.00    2693       4203       6896       1807       6297       8104       6210       1.08       0.57     7503.98    12130.98     4052   
2625000.00    2776       4390       7166       1724       6110       7834       6132       1.09       0.58     7194.38    12440.57     3917   
2718750.00    2640       4044       6684       1860       6456       8316       6450       1.09       0.56     7649.37    11985.58     4158   
2812500.00    2740       4190       6930       1760       6310       8070       6484       1.09       0.57     7397.26    12237.69     4035   
2906250.00    2729       4122       6851       1771       6378       8149       6557       1.09       0.56     7507.02    12127.93     4074   
3000000.00    2798       4313       7111       1702       6187       7889       6321       1.09       0.57     7255.61    12379.34     3944   
3093750.00    2818       4265       7083       1682       6235       7917       6459       1.08       0.58     7334.36    12300.59     3958   
3187500.00    2866       4328       7194       1634       6172       7806       6338       1.08       0.58     7205.59    12429.37     3903   
3281250.00    2911       4415       7326       1589       6085       7674       6331       1.09       0.58     7030.67    12604.29     3837   
3375000.00    2948       4524       7472       1552       5976       7528       6408       1.09       0.59     6926.00    12708.95     3764   
3468750.00    3008       5258       8266       1492       5242       6734       6734       1.10       0.61     6119.57    13515.38     6734   
3562500.00    2977       5137       8114       1523       5363       6886       6886       1.09       0.61     6304.65    13330.31     6886   
3656250.00    2898       5114       8012       1602       5386       6988       6988       1.08       0.61     6441.69    13193.26     6988   
3750000.00    2719       4718       7437       1781       5782       7563       7563       1.07       0.59     7072.95    12562.00     7563   
3843750.00    2648       4237       6885       1852       6263       8115       8115       1.07       0.57     7604.65    12030.31     8115   
3937500.00    2585       4126       6711       1915       6374       8289       8289       1.06       0.57     7783.19    11851.76     8289   
4031250.00    2618       4325       6943       1882       6175       8057       8057       1.08       0.57     7457.85    12177.10     8057   
4125000.00    2657       4240       6897       1843       6260       8103       8103       1.09       0.57     7460.93    12174.02     8103   
4218750.00    2665       4242       6907       1835       6258       8093       8093       1.08       0.57     7466.63    12168.33     8093   
4312500.00    2617       4052       6669       1883       6448       8331       8331       1.09       0.56     7626.35    12008.61     8331   
4406250.00    2595       4055       6650       1905       6445       8350       8350       1.10       0.55     7565.61    12069.35     8350   
4500000.00    2614       3949       6563       1886       6551       8437       8437       1.10       0.55     7653.29    11981.66     8437   
4593750.00    2672       4048       6720       1828       6452       8280       8280       1.10       0.55     7524.79    12110.16     8280   
4687500.00    2665       4118       6783       1835       6382       8217       8217       1.09       0.56     7534.77    12100.18     8217   
4781250.00    2582       3981       6563       1918       6519       8437       8437       1.09       0.55     7766.39    11868.57     8437   
4875000.00    2602       3974       6576       1898       6526       8424       8424       1.09       0.55     7724.47    11910.49     8424   
4968750.00    2597       3827       6424       1903       6673       8576       8576       1.09       0.54     7838.94    11796.01     8576   
5062500.00    2525       3695       6220       1975       6805       8780       8780       1.09       0.54     8045.60    11589.36     8780   
5156250.00    2521       3622       6143       1979       6878       8857       8857       1.09       0.53     8103.20    11531.75     8857   
5250000.00    2525       3672       6197       1975       6828       8803       8803       1.09       0.54     8054.01    11580.94     8803   
5343750.00    2643       3801       6444       1857       6699       8556       8556       1.11       0.54     7740.19    11894.77     8556   
5437500.00    2571       3692       6263       1929       6808       8737       8737       1.12       0.53     7826.20    11808.76     8737   
5531250.00    2596       3694       6290       1904       6806       8710       8710       1.11       0.53     7859.77    11775.18     8710   
5625000.00    2585       3704       6289       1915       6796       8711       8711       1.10       0.54     7898.60    11736.36     8711   
5718750.00    2517       3560       6077       1983       6940       8923       8923       1.10       0.53     8140.60    11494.36     8923   
5812500.00    2595       3689       6284       1905       6811       8716       8716       1.11       0.53     7877.66    11757.30     8716   
5906250.00    2521       3544       6065       1979       6956       8935       8935       1.11       0.52     8080.22    11554.73     8935   
6000000.00    2587       3699       6286       1913       6801       8714       8714       1.10       0.54     7910.99    11723.97     8714   
6093750.00    2496       3542       6038       2004       6958       8962       8962       1.09       0.53     8197.06    11437.89     8962   
6187500.00    2524       3687       6211       1976       6813       8789       8789       1.10       0.53     8001.34    11633.62     8789   
6281250.00    2543       3653       6196       1957       6847       8804       8804       1.10       0.53     7991.46    11643.50     8804   
6375000.00    2619       3844       6463       1881       6656       8537       8537       1.11       0.54     7707.12    11927.84     8537   
6468750.00    2531       3532       6063       1969       6968       8937       8937       1.10       0.53     8106.12    11528.83     8937   
6562500.00    2603       3745       6348       1897       6755       8652       8652       1.10       0.54     7831.68    11803.27     8652   
6656250.00    2672       3847       6519       1828       6653       8481       8481       1.11       0.54     7647.26    11987.70     8481   
6750000.00    2627       3818       6445       1873       6682       8555       8555       1.10       0.54     7756.39    11878.57     8555   
6843750.00    2590       3731       6321       1910       6769       8679       8679       1.11       0.54     7843.03    11791.93     8679   
6937500.00    2628       3705       6333       1872       6795       8667       8667       1.10       0.54     7854.92    11780.04     8667   
7031250.00    2697       3865       6562       1803       6635       8438       8438       1.11       0.55     7600.00    12034.95     8438   
7125000.00    2676       3888       6564       1824       6612       8436       8436       1.11       0.55     7596.33    12038.62     8436   
7218750.00    2698       3939       6637       1802       6561       8363       8363       1.11       0.55     7544.09    12090.86     8363   
7312500.00    2726       3907       6633       1774       6593       8367       8367       1.11       0.55     7563.38    12071.57     8367   
7406250.00    2678       3811       6489       1822       6689       8511       8511       1.10       0.54     7715.20    11919.75     8511   
7500000.00    2654       3779       6433       1846       6721       8567       8567       1.10       0.54     7753.05    11881.90     8567   
7593750.00    2706       3889       6595       1794       6611       8405       8405       1.12       0.54     7518.20    12116.75     8405   
7687500.00    2690       3894       6584       1810       6606       8416       8416       1.12       0.54     7503.05    12131.91     8416   
7781250.00    2653       3811       6464       1847       6689       8536       8536       1.12       0.54     7615.88    12019.07     8536   
7875000.00    2624       3848       6472       1876       6652       8528       8528       1.13       0.54     7572.11    12062.85     8528   
7968750.00    2689       3941       6630       1811       6559       8370       8370       1.13       0.54     7412.71    12222.25     8370   
8062500.00    2709       3890       6599       1791       6610       8401       8401       1.13       0.54     7451.35    12183.61     8401   
8156250.00    2659       3802       6461       1841       6698       8539       8539       1.13       0.54     7584.58    12050.37     8539   
8250000.00    2698       3840       6538       1802       6660       8462       8462       1.12       0.54     7543.48    12091.47     8462   
8343750.00    2705       3897       6602       1795       6603       8398       8398       1.12       0.54     7516.11    12118.84     8398   
8437500.00    2751       4152       6903       1749       6348       8097       8097       1.12       0.56     7225.16    12409.79     8097   
8531250.00    2781       4150       6931       1719       6350       8069       8069       1.12       0.56     7208.77    12426.18     8069   
8625000.00    2713       3969       6682       1787       6531       8318       8318       1.12       0.55     7434.22    12200.73     8318   
8718750.00    2740       4001       6741       1760       6499       8259       8259       1.12       0.55     7399.90    12235.06     8259   
8812500.00    2766       4084       6850       1734       6416       8150       8150       1.12       0.56     7304.06    12330.90     8150   
8906250.00    2776       4042       6818       1724       6458       8182       8182       1.12       0.55     7329.00    12305.96     8182   
9000000.00    2704       3958       6662       1796       6542       8338       8338       1.11       0.55     7487.43    12147.53     8338   
9093750.00    2726       4022       6748       1774       6478       8252       8252       1.12       0.55     7365.31    12269.65     8252   
9187500.00    2611       3725       6336       1889       6775       8664       8664       1.11       0.53     7780.42    11854.53     8664   
9281250.00    2683       3862       6545       1817       6638       8455       8455       1.12       0.54     7555.17    12079.78     8455   
9375000.00    2675       3908       6583       1825       6592       8417       8417       1.11       0.55     7582.13    12052.83     8417   
9468750.00    2687       3870       6557       1813       6630       8443       8443       1.10       0.55     7657.46    11977.49     8443   
9562500.00    2659       3925       6584       1841       6575       8416       8416       1.11       0.55     7608.99    12025.96     8416   
9656250.00    2665       3856       6521       1835       6644       8479       8479       1.10       0.55     7680.59    11954.36     8479   
9750000.00    2683       4014       6697       1817       6486       8303       8303       1.10       0.55     7519.19    12115.77     8303   
9843750.00    2689       4040       6729       1811       6460       8271       8271       1.11       0.55     7480.73    12154.23     8271   
9937500.00    2577       3779       6356       1923       6721       8644       8644       1.11       0.54     7820.64    11814.31     8644   
10031250.00    2659       3901       6560       1841       6599       8440       8440       1.10       0.55     7643.22    11991.73     8440   
10125000.00    2656       3983       6639       1844       6517       8361       8361       1.11       0.55     7536.03    12098.93     8361   
10218750.00    2544       3711       6255       1956       6789       8745       8745       1.11       0.53     7898.16    11736.80     8745   
10312500.00    2700       4086       6786       1800       6414       8214       8214       1.12       0.55     7335.56    12299.40     8214   
10406250.00    2637       3961       6598       1863       6539       8402       8402       1.11       0.55     7562.35    12072.61     8402   
10500000.00    2601       4028       6629       1899       6472       8371       8371       1.11       0.55     7553.61    12081.34     8371   
10593750.00    2438       3673       6111       2062       6827       8889       8889       1.10       0.53     8055.32    11579.63     8889   
10687500.00    2490       3748       6238       2010       6752       8762       8762       1.12       0.53     7831.80    11803.15     8762   
10781250.00    2437       3600       6037       2063       6900       8963       8963       1.12       0.52     8031.35    11603.60     8963   
10875000.00    2626       4070       6696       1874       6430       8304       8304       1.13       0.55     7366.07    12268.89     8304   
10968750.00    2463       3729       6192       2037       6771       8808       8808       1.12       0.53     7841.27    11793.69     8808   
11062500.00    2546       3918       6464       1954       6582       8536       8536       1.13       0.53     7552.51    12082.44     8536   
11156250.00    2531       3946       6477       1969       6554       8523       8523       1.13       0.54     7547.64    12087.31     8523   
11250000.00    2527       3903       6430       1973       6597       8570       8570       1.13       0.53     7592.46    12042.50     8570   
11343750.00    2561       3969       6530       1939       6531       8470       8470       1.13       0.54     7505.57    12129.39     8470   
11437500.00    2569       3955       6524       1931       6545       8476       8476       1.12       0.54     7555.92    12079.04     8476   
11531250.00    2589       3909       6498       1911       6591       8502       8502       1.12       0.54     7568.53    12066.42     8502   
11625000.00    2545       3842       6387       1955       6658       8613       8613       1.12       0.54     7696.79    11938.17     8613   
11718750.00    2583       3867       6450       1917       6633       8550       8550       1.12       0.54     7659.30    11975.66     8550   
11812500.00    2594       3858       6452       1906       6642       8548       8548       1.12       0.54     7660.53    11974.42     8548   
11906250.00    2557       3921       6478       1943       6579       8522       8522       1.12       0.54     7632.89    12002.07     8522   
12000000.00    2550       3740       6290       1950       6760       8710       8710       1.11       0.53     7819.33    11815.62     8710   
12093750.00    2499       3770       6269       2001       6730       8731       8731       1.11       0.53     7892.94    11742.01     8731   
12187500.00    2555       3792       6347       1945       6708       8653       8653       1.11       0.53     7770.89    11864.06     8653   
12281250.00    2617       3911       6528       1883       6589       8472       8472       1.11       0.54     7605.58    12029.37     8472   
12375000.00    2639       4035       6674       1861       6465       8326       8326       1.12       0.55     7444.34    12190.62     8326   
12468750.00    2644       4088       6732       1856       6412       8268       8268       1.12       0.55     7351.18    12283.77     8268   
12562500.00    2635       4000       6635       1865       6500       8365       8365       1.12       0.55     7466.10    12168.85     8365   
12656250.00    2605       3952       6557       1895       6548       8443       8443       1.12       0.54     7517.47    12117.49     8443   
12750000.00    2532       3646       6178       1968       6854       8822       8822       1.12       0.52     7847.02    11787.94     8822   
12843750.00    2451       3388       5839       2049       7112       9161       9161       1.12       0.51     8192.11    11442.84     9161   
12937500.00    2518       3588       6106       1982       6912       8894       8894       1.11       0.53     8011.53    11623.43     8894   
13031250.00    2526       3638       6164       1974       6862       8836       8836       1.11       0.53     7927.32    11707.64     8836   
13125000.00    2531       3624       6155       1969       6876       8845       8845       1.12       0.53     7913.91    11721.05     8845   
13218750.00    2526       3745       6271       1974       6755       8729       8729       1.11       0.53     7890.90    11744.06     8729   
13312500.00    2490       3643       6133       2010       6857       8867       8867       1.11       0.53     8020.80    11614.16     8867   
13406250.00    2448       3560       6008       2052       6940       8992       8992       1.10       0.53     8199.48    11435.47     8992   
13500000.00    2446       3607       6053       2054       6893       8947       8947       1.09       0.53     8199.74    11435.22     8947   
13593750.00    2356       3469       5825       2144       7031       9175       9175       1.10       0.52     8344.40    11290.56     9175   
13687500.00    2302       3506       5808       2198       6994       9192       9192       1.11       0.51     8304.49    11330.47     9192   
13781250.00    2303       3428       5731       2197       7072       9269       9269       1.11       0.51     8358.08    11276.88     9269   
13875000.00    2433       3590       6023       2067       6910       8977       8977       1.11       0.52     8056.14    11578.82     8977   
13968750.00    2370       3467       5837       2130       7033       9163       9163       1.11       0.51     8240.25    11394.70     9163   
14062500.00    2465       3628       6093       2035       6872       8907       8907       1.11       0.52     8027.03    11607.93     8907   
14156250.00    2371       3371       5742       2129       7129       9258       9258       1.10       0.51     8403.03    11231.93     9258   
14250000.00    2449       3702       6151       2051       6798       8849       8849       1.11       0.53     8005.38    11629.57     8849   
14343750.00    2408       3673       6081       2092       6827       8919       8919       1.11       0.52     8006.97    11627.99     8919   
14437500.00    2400       3524       5924       2100       6976       9076       9076       1.11       0.52     8201.91    11433.04     9076   
14531250.00    2463       3559       6022       2037       6941       8978       8978       1.11       0.52     8074.69    11560.26     8978   
14625000.00    2475       3523       5998       2025       6977       9002       9002       1.10       0.52     8153.50    11481.46     9002   
14718750.00    2433       3414       5847       2067       7086       9153       9153       1.10       0.52     8292.33    11342.63     9153   
14812500.00    2402       3401       5803       2098       7099       9197       9197       1.09       0.52     8414.39    11220.57     9197   
14906250.00    2364       3310       5674       2136       7190       9326       9326       1.09       0.51     8561.37    11073.58     9326   
15000000.00    2524       3584       6108       1976       6916       8892       8892       1.10       0.53     8072.35    11562.61     8892   
15093750.00    2464       3489       5953       2036       7011       9047       9047       1.10       0.52     8226.22    11408.74     9047   
15187500.00    2460       3479       5939       2040       7021       9061       9061       1.10       0.52     8200.40    11434.56     9061   
15281250.00    2451       3369       5820       2049       7131       9180       9180       1.11       0.51     8304.14    11330.82     9180   
15375000.00    2404       3334       5738       2096       7166       9262       9262       1.10       0.51     8450.26    11184.70     9262   
15468750.00    2440       3537       5977       2060       6963       9023       9023       1.10       0.52     8180.10    11454.86     9023   
15562500.00    2462       3455       5917       2038       7045       9083       9083       1.11       0.52     8184.77    11450.18     9083   
15656250.00    2468       3463       5931       2032       7037       9069       9069       1.12       0.51     8107.38    11527.58     9069   
15750000.00    2445       3351       5796       2055       7149       9204       9204       1.12       0.51     8205.63    11429.32     9204   
15843750.00    2427       3420       5847       2073       7080       9153       9153       1.13       0.51     8079.29    11555.66     9153   
15937500.00    2397       3133       5530       2103       7367       9470       9470       1.12       0.49     8444.08    11190.87     9470   
16031250.00    2427       3201       5628       2073       7299       9372       9372       1.13       0.50     8323.36    11311.60     9372   
16125000.00    2438       3203       5641       2062       7297       9359       9359       1.12       0.50     8352.93    11282.02     9359   
16218750.00    2538       3271       5809       1962       7229       9191       9191       1.13       0.51     8147.21    11487.75     9191   
16312500.00    2450       3061       5511       2050       7439       9489       9489       1.12       0.49     8480.01    11154.94     9489   
16406250.00    2461       3093       5554       2039       7407       9446       9446       1.11       0.50     8521.56    11113.39     9446   
16500000.00    2634       3990       6624       1866       6510       8376       8376       1.11       0.55     7529.65    12105.30     8376   
16593750.00    2497       3236       5733       2003       7264       9267       8197       1.12       0.51     8304.61    11330.35     4633   
16687500.00    2527       3378       5905       1973       7122       9095       8082       1.11       0.52     8184.88    11450.07     4547   
16781250.00    2717       4074       6791       1783       6426       8209       8209       1.10       0.56     7432.95    12202.01     8209   
16875000.00    2753       4171       6924       1747       6329       8076       8076       1.11       0.56     7280.74    12354.21     8076   
16968750.00    2809       4295       7104       1691       6205       7896       7896       1.10       0.57     7150.91    12484.04     7896   
17062500.00    2806       4440       7246       1694       6060       7754       7754       1.10       0.57     7029.67    12605.28     7754   
17156250.00    2844       4499       7343       1656       6001       7657       7657       1.12       0.57     6836.89    12798.06     7657   
17250000.00    2845       4449       7294       1655       6051       7706       7706       1.12       0.57     6902.21    12732.75     7706   
17343750.00    2828       4440       7268       1672       6060       7732       7732       1.11       0.57     6941.05    12693.90     7732   
17437500.00    2801       4147       6948       1699       6353       8052       8052       1.11       0.56     7274.40    12360.55     8052   
17531250.00    2902       4448       7350       1598       6052       7650       7650       1.11       0.58     6904.36    12730.59     7650   
17625000.00    2908       4470       7378       1592       6030       7622       7622       1.11       0.58     6862.37    12772.59     7622   
17718750.00    2942       4554       7496       1558       5946       7504       7504       1.10       0.58     6792.85    12842.10     7504   
17812500.00    2986       4619       7605       1514       5881       7395       7395       1.11       0.59     6668.83    12966.12     7395   
17906250.00    2893       4460       7353       1607       6040       7647       7647       1.10       0.58     6937.32    12697.64     7647   
18000000.00    2899       4427       7326       1601       6073       7674       7674       1.09       0.58     7026.71    12608.25     7674   
18093750.00    2939       4594       7533       1561       5906       7467       7467       1.10       0.59     6769.54    12865.42     7467   
18187500.00    3001       4622       7623       1499       5878       7377       7377       1.10       0.59     6711.64    12923.31     7377   
18281250.00    3041       4672       7713       1459       5828       7287       7287       1.11       0.59     6587.81    13047.15     7287   
18375000.00    2853       4177       7030       1647       6323       7970       7970       1.11       0.57     7209.60    12425.36     7970   
18468750.00    2968       4477       7445       1532       6023       7555       7555       1.11       0.58     6802.13    12832.83     7555   
18562500.00    2894       4370       7264       1606       6130       7736       7736       1.11       0.57     6980.65    12654.30     7736   
18656250.00    3097       4770       7867       1403       5730       7133       7133       1.11       0.59     6403.34    13231.61     7133   
18750000.00    3037       4718       7755       1463       5782       7245       7245       1.10       0.59     6599.23    13035.72     7245   
18843750.00    3102       4967       8069       1398       5533       6931       6931       1.10       0.60     6281.88    13353.08     6931   
18937500.00    3055       4846       7901       1445       5654       7099       7099       1.10       0.60     6457.09    13177.86     7099   
19031250.00    3037       4829       7866       1463       5671       7134       7134       1.11       0.60     6440.64    13194.31     7134   
19125000.00    3037       4779       7816       1463       5721       7184       7184       1.11       0.59     6457.43    13177.52     7184   
19218750.00    3005       4714       7719       1495       5786       7281       7281       1.11       0.59     6536.00    13098.96     7281   
19312500.00    2991       4696       7687       1509       5804       7313       7313       1.11       0.59     6568.86    13066.10     7313   
19406250.00    3073       4808       7881       1427       5692       7119       7119       1.12       0.59     6361.23    13273.73     7119   
19500000.00    3125       4873       7998       1375       5627       7002       7002       1.12       0.60     6256.19    13378.77     7002   
19593750.00    3174       5052       8226       1326       5448       6774       6774       1.12       0.60     6038.09    13596.86     6774   
19687500.00    3098       4931       8029       1402       5569       6971       6971       1.10       0.60     6315.48    13319.47     6971   
19781250.00    3034       4829       7863       1466       5671       7137       7137       1.10       0.60     6476.55    13158.41     7137   
19875000.00    3129       4868       7997       1371       5632       7003       7003       1.10       0.60     6343.68    13291.27     7003   
19968750.00    3148       4860       8008       1352       5640       6992       6992       1.09       0.61     6411.92    13223.04     6992   
20062500.00    3094       4911       8005       1406       5589       6995       6995       1.09       0.61     6408.55    13226.41     6995   
20156250.00    3180       5028       8208       1320       5472       6792       6792       1.10       0.61     6174.48    13460.48     6792   
20250000.00    3219       5234       8453       1281       5266       6547       6547       1.10       0.62     5928.95    13706.01     6547   
20343750.00    3164       5159       8323       1336       5341       6677       6677       1.11       0.61     6035.50    13599.45     6677   
20437500.00    3078       5024       8102       1422       5476       6898       6898       1.10       0.61     6274.55    13360.41     6898   
20531250.00    3037       4865       7902       1463       5635       7098       7098       1.09       0.60     6526.76    13108.20     7098   
20625000.00    3196       5204       8400       1304       5296       6600       6600       1.10       0.62     6007.84    13627.11     6600   
20718750.00    2966       4652       7618       1534       5848       7382       7382       1.10       0.59     6731.93    12903.02     7382   
20812500.00    3023       4782       7805       1477       5718       7195       7195       1.10       0.60     6554.28    13080.68     7195   
20906250.00    3030       4754       7784       1470       5746       7216       7216       1.10       0.59     6543.55    13091.41     7216   
21000000.00    2851       4423       7274       1649       6077       7726       7726       1.09       0.58     7066.64    12568.31     7726   
21093750.00    2940       4643       7583       1560       5857       7417       7417       1.11       0.59     6687.92    12947.03     7417   
21187500.00    2859       4452       7311       1641       6048       7689       7689       1.09       0.58     7043.48    12591.47     7689   
21281250.00    2933       4630       7563       1567       5870       7437       7437       1.11       0.59     6721.55    12913.40     7437   
21375000.00    2811       4217       7028       1689       6283       7972       7972       1.11       0.56     7185.91    12449.04     7972   
21468750.00    2721       4059       6780       1779       6441       8220       8220       1.10       0.56     7460.88    12174.08     8220   
21562500.00    2824       4204       7028       1676       6296       7972       7972       1.11       0.57     7210.08    12424.88     7972   
21656250.00    2696       4082       6778       1804       6418       8222       8222       1.10       0.56     7451.38    12183.58     8222   
21750000.00    2575       3890       6465       1925       6610       8535       8535       1.09       0.55     7798.85    11836.11     8535   
21843750.00    2579       3786       6365       1921       6714       8635       8635       1.10       0.54     7852.10    11782.86     8635   
21937500.00    2735       4089       6824       1765       6411       8176       8176       1.11       0.56     7397.03    12237.92     8176   
22031250.00    2800       4163       6963       1700       6337       8037       8037       1.11       0.56     7224.76    12410.20     8037   
22125000.00    2707       3895       6602       1793       6605       8398       8398       1.10       0.55     7633.45    12001.50     8398   
22218750.00    2691       3829       6520       1809       6671       8480       8480       1.09       0.55     7769.96    11864.99     8480   
22312500.00    2589       3713       6302       1911       6787       8698       8698       1.09       0.54     7987.25    11647.71     8698   
22406250.00    2644       4233       6877       1856       6267       8123       8123       1.09       0.56     7441.90    12193.06     8123   
22500000.00    2666       4103       6769       1834       6397       8231       8231       1.10       0.56     7457.41    12177.55     8231   
22593750.00    2586       3752       6338       1914       6748       8662       8662       1.09       0.54     7922.81    11712.15     8662   
22687500.00    2621       3967       6588       1879       6533       8412       8412       1.10       0.55     7644.00    11990.95     8412   
22781250.00    2579       3808       6387       1921       6692       8613       8613       1.09       0.54     7894.54    11740.41     8613   
22875000.00    2548       3761       6309       1952       6739       8691       8691       1.10       0.54     7899.87    11735.09     8691   
22968750.00    2486       3624       6110       2014       6876       8890       8890       1.10       0.53     8068.35    11566.60     8890   
23062500.00    2466       3546       6012       2034       6954       8988       8988       1.11       0.52     8069.73    11565.22     8988   
23156250.00    2445       3471       5916       2055       7029       9084       9084       1.12       0.51     8086.27    11548.69     9084   
23250000.00    2462       3467       5929       2038       7033       9071       9071       1.12       0.51     8120.72    11514.23     9071   
23343750.00    2398       3419       5817       2102       7081       9183       9183       1.12       0.51     8209.13    11425.82     9183   
23437500.00    2422       3496       5918       2078       7004       9082       9082       1.12       0.51     8142.87    11492.08     9082   
23531250.00    2410       3474       5884       2090       7026       9116       9116       1.11       0.51     8204.28    11430.68     9116   
23625000.00    2410       3512       5922       2090       6988       9078       9078       1.12       0.51     8126.55    11508.40     9078   
23718750.00    2312       3255       5567       2188       7245       9433       9433       1.12       0.50     8446.34    11188.62     9433   
23812500.00    2380       3354       5734       2120       7146       9266       9266       1.12       0.51     8284.10    11350.85     9266   
23906250.00    2339       3350       5689       2161       7150       9311       9311       1.10       0.51     8443.03    11191.93     9311   
24000000.00    2441       3480       5921       2059       7020       9079       9079       1.10       0.52     8223.22    11411.74     9079   
24093750.00    2444       3529       5973       2056       6971       9027       9027       1.10       0.52     8188.53    11446.42     9027   
24187500.00    2447       3550       5997       2053       6950       9003       9003       1.10       0.52     8160.37    11474.59     9003   
24281250.00    2441       3544       5985       2059       6956       9015       9015       1.10       0.52     8162.38    11472.57     9015   
24375000.00    2440       3507       5947       2060       6993       9053       9053       1.11       0.52     8180.47    11454.49     9053   
24468750.00    2450       3495       5945       2050       7005       9055       9055       1.11       0.52     8183.13    11451.82     9055   
24562500.00    2460       3466       5926       2040       7034       9074       9074       1.11       0.52     8191.84    11443.12     9074   
24656250.00    2455       3438       5893       2045       7062       9107       9107       1.11       0.52     8228.80    11406.15     9107   
24750000.00    2424       3346       5770       2076       7154       9230       9230       1.10       0.51     8423.93    11211.02     9230   
24843750.00    2487       3536       6023       2013       6964       8977       8977       1.10       0.53     8184.33    11450.62     8977   
24937500.00    2533       3672       6205       1967       6828       8795       8795       1.10       0.53     8023.10    11611.85     8795   
25031250.00    2542       3633       6175       1958       6867       8825       8825       1.10       0.53     8022.98    11611.98     8825   
25125000.00    2530       3673       6203       1970       6827       8797       8797       1.10       0.53     7998.15    11636.81     8797   
25218750.00    2506       3683       6189       1994       6817       8811       8811       1.10       0.53     7997.01    11637.94     8811   
25312500.00    2431       3688       6119       2069       6812       8881       8881       1.10       0.53     8098.89    11536.07     8881   
25406250.00    2427       3707       6134       2073       6793       8866       8866       1.11       0.53     7960.03    11674.92     8866   
25500000.00    2420       3537       5957       2080       6963       9043       9043       1.11       0.52     8140.33    11494.62     9043   
25593750.00    2396       3472       5868       2104       7028       9132       9132       1.10       0.52     8281.73    11353.22     9132   
25687500.00    2372       3522       5894       2128       6978       9106       9106       1.10       0.52     8281.89    11353.07     9106   
25781250.00    2348       3521       5869       2152       6979       9131       9131       1.10       0.52     8275.48    11359.47     9131   
25875000.00    2336       3507       5843       2164       6993       9157       9157       1.11       0.51     8239.62    11395.34     9157   
25968750.00    2252       3323       5575       2248       7177       9425       9425       1.10       0.50     8561.33    11073.63     9425   
26062500.00    2227       3451       5678       2273       7049       9322       9322       1.11       0.51     8408.10    11226.86     9322   
26156250.00    2299       3465       5764       2201       7035       9236       9236       1.11       0.51     8327.58    11307.38     9236   
26250000.00    2276       3414       5690       2224       7086       9310       9310       1.10       0.51     8492.93    11142.03     9310   
26343750.00    2209       3349       5558       2291       7151       9442       9442       1.09       0.51     8665.10    10969.86     9442   
26437500.00    2253       3435       5688       2247       7065       9312       9312       1.10       0.51     8494.08    11140.88     9312   
26531250.00    2216       3260       5476       2284       7240       9524       9524       1.10       0.50     8648.37    10986.58     9524   
26625000.00    2274       3291       5565       2226       7209       9435       9435       1.11       0.50     8525.08    11109.88     9435   
26718750.00    2259       3311       5570       2241       7189       9430       9430       1.10       0.50     8559.52    11075.43     9430   
26812500.00    2271       3345       5616       2229       7155       9384       9384       1.10       0.51     8556.01    11078.95     9384   
26906250.00    2329       3395       5724       2171       7105       9276       9276       1.11       0.51     8390.95    11244.00     9276   
27000000.00    2277       3393       5670       2223       7107       9330       9330       1.11       0.51     8437.42    11197.53     9330   
27093750.00    2250       3184       5434       2250       7316       9566       9566       1.11       0.49     8654.09    10980.86     9566   
27187500.00    2284       3333       5617       2216       7167       9383       9383       1.10       0.50     8498.17    11136.79     9383   
27281250.00    2333       3429       5762       2167       7071       9238       9238       1.11       0.51     8351.60    11283.36     9238   
27375000.00    2305       3475       5780       2195       7025       9220       9220       1.11       0.51     8331.15    11303.80     9220   
27468750.00    2276       3490       5766       2224       7010       9234       9234       1.10       0.51     8359.26    11275.70     9234   
27562500.00    2285       3419       5704       2215       7081       9296       9296       1.11       0.51     8370.01    11264.95     9296   
27656250.00    2211       3301       5512       2289       7199       9488       9488       1.11       0.50     8525.47    11109.48     9488   
27750000.00    2196       3270       5466       2304       7230       9534       9534       1.12       0.49     8534.14    11100.81     9534   
27843750.00    2187       3253       5440       2313       7247       9560       9560       1.12       0.49     8533.61    11101.34     9560   
27937500.00    2169       3186       5355       2331       7314       9645       9645       1.11       0.49     8694.61    10940.35     9645   
28031250.00    2254       3353       5607       2246       7147       9393       9393       1.10       0.50     8523.33    11111.62     9393   
28125000.00    2322       3649       5971       2178       6851       9029       9029       1.10       0.52     8197.83    11437.12     9029   
28218750.00    2256       3573       5829       2244       6927       9171       9171       1.11       0.51     8298.95    11336.00     9171   
28312500.00    2343       3717       6060       2157       6783       8940       8940       1.12       0.52     7986.00    11648.95     8940   
28406250.00    2242       3509       5751       2258       6991       9249       9249       1.11       0.51     8295.90    11339.06     9249   
28500000.00    2145       3293       5438       2355       7207       9562       9562       1.12       0.49     8564.69    11070.26     9562   
28593750.00    2162       3298       5460       2338       7202       9540       9540       1.12       0.49     8547.39    11087.56     9540   
28687500.00    2120       3214       5334       2380       7286       9666       9666       1.12       0.49     8644.73    10990.22     9666   
28781250.00    2070       2951       5021       2430       7549       9979       9979       1.11       0.47     8982.38    10652.58     9979   
28875000.00    2163       3768       5931       2337       6732       9069       9069       1.12       0.51     8064.74    11570.22     9069   
28968750.00    2203       3794       5997       2297       6706       9003       9003       1.13       0.52     8001.16    11633.79     9003   
29062500.00    2085       3011       5096       2415       7489       9904       9904       1.12       0.47     8833.91    10801.05     9904   
29156250.00    2051       3010       5061       2449       7490       9939       9939       1.11       0.47     8917.17    10717.78     9939   
29250000.00    2054       2993       5047       2446       7507       9953       9953       1.12       0.47     8901.14    10733.82     9953   
29343750.00    2036       2957       4993       2464       7543      10007      10007       1.12       0.47     8958.03    10676.92    10007   
29437500.00    1989       2964       4953       2511       7536      10047      10047       1.11       0.47     9024.49    10610.46    10047   
29531250.00    2043       2962       5005       2457       7538       9995       9995       1.11       0.47     8983.33    10651.62     9995   
29625000.00    2091       3130       5221       2409       7370       9779       9779       1.11       0.48     8849.28    10785.68     9779   
29718750.00    2074       3217       5291       2426       7283       9709       9709       1.11       0.49     8743.43    10891.52     9709   
29812500.00    2121       3282       5403       2379       7218       9597       9597       1.12       0.49     8602.40    11032.56     9597   
29906250.00    2096       3087       5183       2404       7413       9817       9817       1.11       0.48     8810.82    10824.13     9817   
30000000.00    2074       3016       5090       2426       7484       9910       9910       1.11       0.47     8902.14    10732.81     9910   
30093750.00    2081       3059       5140       2419       7441       9860       9860       1.10       0.48     8955.51    10679.44     9860   
30187500.00    2255       3610       5865       2245       6890       9135       9135       1.11       0.51     8200.56    11434.40     9135   
30281250.00    2255       3542       5797       2245       6958       9203       9203       1.11       0.51     8283.15    11351.81     9203   
30375000.00    2200       3309       5509       2300       7191       9491       9491       1.11       0.50     8514.90    11120.06     9491   
30468750.00    2207       3350       5557       2293       7150       9443       9443       1.12       0.50     8454.50    11180.46     9443   
30562500.00    2174       3295       5469       2326       7205       9531       9531       1.12       0.49     8516.94    11118.02     9531   
30656250.00    2231       3455       5686       2269       7045       9314       9314       1.13       0.50     8246.88    11388.07     9314   
30750000.00    2246       3419       5665       2254       7081       9335       9335       1.12       0.50     8319.23    11315.73     9335   
30843750.00    2280       3404       5684       2220       7096       9316       9316       1.12       0.50     8287.04    11347.91     9316   
30937500.00    2319       3430       5749       2181       7070       9251       9251       1.13       0.50     8177.86    11457.09     9251   
31031250.00    2262       3389       5651       2238       7111       9349       9349       1.13       0.50     8296.45    11338.50     9349   
31125000.00    2269       3398       5667       2231       7102       9333       9333       1.12       0.50     8315.44    11319.52     9333   
31218750.00    2249       3342       5591       2251       7158       9409       9409       1.12       0.50     8389.05    11245.91     9409   
31312500.00    2384       3486       5870       2116       7014       9130       9130       1.12       0.51     8143.12    11491.83     9130   
31406250.00    2397       3543       5940       2103       6957       9060       9060       1.13       0.51     8044.60    11590.35     9060   
31500000.00    2388       3479       5867       2112       7021       9133       9133       1.12       0.51     8141.32    11493.64     9133   
31593750.00    2345       3505       5850       2155       6995       9150       9150       1.13       0.51     8121.46    11513.50     9150   
31687500.00    2320       3434       5754       2180       7066       9246       9246       1.12       0.51     8242.91    11392.05     9246   
31781250.00    2311       3371       5682       2189       7129       9318       9318       1.11       0.50     8369.53    11265.43     9318   
31875000.00    2293       3327       5620       2207       7173       9380       9380       1.12       0.50     8391.17    11243.79     9380   
31968750.00    2215       3112       5327       2285       7388       9673       9673       1.12       0.48     8604.20    11030.75     9673   
32062500.00    2195       3257       5452       2305       7243       9548       9548       1.12       0.49     8504.48    11130.47     9548   
32156250.00    2256       3311       5567       2244       7189       9433       9433       1.13       0.49     8330.70    11304.26     9433   
32250000.00    2275       3291       5566       2225       7209       9434       9434       1.13       0.49     8359.20    11275.76     9434   
32343750.00    2334       3387       5721       2166       7113       9279       9279       1.12       0.51     8313.62    11321.33     9279   
32437500.00    2295       3322       5617       2205       7178       9383       9383       1.11       0.50     8439.74    11195.21     9383   
32531250.00    2253       3268       5521       2247       7232       9479       9479       1.11       0.50     8535.30    11099.66     9479   
32625000.00    2185       3179       5364       2315       7321       9636       9636       1.11       0.49     8707.88    10927.07     9636   
32718750.00    2158       3100       5258       2342       7400       9742       9742       1.10       0.49     8825.33    10809.62     9742   
32812500.00    2129       2947       5076       2371       7553       9924       9924       1.10       0.48     8988.98    10645.98     9924   
32906250.00    2195       3041       5236       2305       7459       9764       9764       1.10       0.49     8875.80    10759.15     9764   
33000000.00    2250       3224       5474       2250       7276       9526       9526       1.11       0.50     8595.95    11039.01     9526   
33093750.00    2161       3181       5342       2339       7319       9658       9658       1.10       0.49     8742.51    10892.45     9658   
33187500.00    2256       3218       5474       2244       7282       9526       9526       1.12       0.49     8493.48    11141.48     9526   
33281250.00    2215       3179       5394       2285       7321       9606       9606       1.12       0.49     8568.18    11066.77     9606   
33375000.00    2186       2991       5177       2314       7509       9823       9823       1.12       0.48     8787.21    10847.74     9823   
33468750.00    2201       2895       5096       2299       7605       9904       9904       1.12       0.47     8845.38    10789.58     9904   
33562500.00    2190       2930       5120       2310       7570       9880       9880       1.11       0.48     8864.72    10770.23     9880   
33656250.00    2235       2890       5125       2265       7610       9875       9875       1.11       0.48     8925.29    10709.66     9875   
33750000.00    2204       2957       5161       2296       7543       9839       9839       1.11       0.48     8899.89    10735.06     9839   
33843750.00    2216       2911       5127       2284       7589       9873       9873       1.10       0.48     8997.01    10637.94     9873   
33937500.00    2319       3197       5516       2181       7303       9484       9484       1.10       0.50     8621.06    11013.90     9484   
34031250.00    2324       3255       5579       2176       7245       9421       9421       1.10       0.51     8603.42    11031.54     9421   
34125000.00    2331       3251       5582       2169       7249       9418       9418       1.10       0.50     8565.62    11069.33     9418   
34218750.00    2380       3396       5776       2120       7104       9224       9224       1.10       0.51     8360.96    11273.99     9224   
34312500.00    2327       3320       5647       2173       7180       9353       9353       1.11       0.50     8425.44    11209.52     9353   
34406250.00    2302       3358       5660       2198       7142       9340       9340       1.11       0.50     8407.57    11227.39     9340   
34500000.00    2355       3464       5819       2145       7036       9181       9181       1.12       0.51     8230.46    11404.50     9181   
34593750.00    2333       3464       5797       2167       7036       9203       9203       1.12       0.51     8232.88    11402.08     9203   
34687500.00    2343       3503       5846       2157       6997       9154       9154       1.11       0.51     8230.15    11404.81     9154   
34781250.00    2315       3467       5782       2185       7033       9218       9218       1.10       0.51     8373.62    11261.33     9218   
34875000.00    2332       3575       5907       2168       6925       9093       9093       1.11       0.52     8204.63    11430.33     9093   
34968750.00    2295       3497       5792       2205       7003       9208       9208       1.10       0.51     8341.72    11293.23     9208   
35062500.00    2371       3533       5904       2129       6967       9096       9096       1.11       0.52     8220.32    11414.63     9096   
35156250.00    2318       3532       5850       2182       6968       9150       9150       1.10       0.52     8290.74    11344.22     9150   
35250000.00    2372       3537       5909       2128       6963       9091       9091       1.10       0.52     8265.39    11369.57     9091   
35343750.00    2504       3771       6275       1996       6729       8725       8725       1.11       0.53     7834.56    11800.39     8725   
35437500.00    2363       3445       5808       2137       7055       9192       9192       1.11       0.51     8314.98    11319.97     9192   
35531250.00    2473       3733       6206       2027       6767       8794       8794       1.12       0.53     7885.54    11749.42     8794   
35625000.00    2442       3608       6050       2058       6892       8950       8950       1.10       0.53     8133.85    11501.10     8950   
35718750.00    2476       3631       6107       2024       6869       8893       8893       1.11       0.53     8042.17    11592.78     8893   
35812500.00    2460       3679       6139       2040       6821       8861       8861       1.10       0.53     8042.43    11592.52     8861   
35906250.00    2516       3777       6293       1984       6723       8707       8707       1.10       0.54     7940.08    11694.88     8707   
36000000.00    2454       3675       6129       2046       6825       8871       8871       1.09       0.53     8151.91    11483.04     8871   
36093750.00    2440       3627       6067       2060       6873       8933       8933       1.10       0.53     8129.13    11505.82     8933   
36187500.00    2434       3635       6069       2066       6865       8931       8931       1.10       0.53     8139.22    11495.73     8931   
36281250.00    2426       3565       5991       2074       6935       9009       9009       1.10       0.52     8195.14    11439.81     9009   
36375000.00    2290       3335       5625       2210       7165       9375       9375       1.10       0.51     8561.13    11073.82     9375   
36468750.00    2341       3396       5737       2159       7104       9263       9263       1.09       0.51     8467.70    11167.26     9263   
36562500.00    2370       3578       5948       2130       6922       9052       7231       1.09       0.52     8285.71    11349.25     4526   
36656250.00    2441       3659       6100       2059       6841       8900       7132       1.09       0.53     8146.09    11488.86     4450   
36750000.00    2365       3571       5936       2135       6929       9064       7094       1.09       0.52     8292.13    11342.83     4532   
36843750.00    2326       3522       5848       2174       6978       9152       7116       1.09       0.52     8384.50    11250.46     4576   
36937500.00    2342       3590       5932       2158       6910       9068       6894       1.09       0.52     8325.23    11309.73     4534   
37031250.00    2502       3992       6494       1998       6508       8506       6568       1.10       0.55     7765.06    11869.89     4253   
37125000.00    2372       3659       6031       2128       6841       8969       6813       1.08       0.53     8272.79    11362.16     4484   
37218750.00    2335       3645       5980       2165       6855       9020       6909       1.09       0.53     8304.42    11330.53     4510   
37312500.00    2476       3999       6475       2024       6501       8525       6337       1.09       0.55     7828.22    11806.74     4262   
37406250.00    2477       4017       6494       2023       6483       8506       6583       1.09       0.55     7839.16    11795.79     4253   
