 Timestep    Gas_A      Gas_B     Gas_tot    Dense_A    Dense_B   Dense_tot   Lg_clust  DP_density GP_density Clust_area  Gas_area     MCS    
   0.00       4500      10500      15000        0          0          0          6         0.00       0.76       0.00     19634.96      0     
 72916.00     4500      10500      15000        0          0          0         303        0.00       0.76       0.00     19634.96      0     
145832.00     4500      10500      15000        0          0          0         399        0.00       0.76       0.00     19634.96      0     
218748.00     4500      10500      15000        0          0          0         708        0.00       0.76       0.00     19634.96      0     
291664.00     4500      10500      15000        0          0          0         847        0.00       0.76       0.00     19634.96      0     
364580.00     4500      10500      15000        0          0          0         795        0.00       0.76       0.00     19634.96      0     
437496.00     4500      10500      15000        0          0          0         980        0.00       0.76       0.00     19634.96      0     
510412.00     4037       9299      13336       463        1201       1664       1664       1.04       0.74     1606.27    18028.68     1664   
583328.00     3500       7891      11391       1000       2609       3609       1590       1.01       0.71     3563.07    16071.88     1203   
656244.00     3756       8472      12228       744        2028       2772       1755       1.03       0.72     2688.70    16946.25     1386   
729160.00     3608       8083      11691       892        2417       3309       2286       1.03       0.71     3222.22    16412.74     1654   
802076.00     3113       6528       9641       1387       3972       5359       1750       1.02       0.67     5233.99    14400.97     1339   
874992.00     3307       7054      10361       1193       3446       4639       2062       1.04       0.68     4443.04    15191.91     1546   
947908.00     3477       7563      11040       1023       2937       3960       2257       1.05       0.70     3755.35    15879.60     1980   
1020824.00    3190       6719       9909       1310       3781       5091       2199       1.06       0.67     4814.98    14819.97     1697   
1093740.00    3133       6477       9610       1367       4023       5390       2307       1.06       0.66     5094.64    14540.31     1796   
1166656.00    3015       6218       9233       1485       4282       5767       4520       1.06       0.65     5453.72    14181.24     2883   
1239572.00    2727       5226       7953       1773       5274       7047       4738       1.05       0.62     6729.21    12905.75     2349   
1312488.00    2748       5313       8061       1752       5187       6939       2939       1.05       0.62     6614.59    13020.36     1734   
1385404.00    2613       4943       7556       1887       5557       7444       4680       1.04       0.61     7162.39    12472.56     2481   
1458320.00    2654       5093       7747       1846       5407       7253       3352       1.05       0.61     6911.40    12723.55     1813   
1531236.00    2717       5014       7731       1783       5486       7269       2847       1.05       0.61     6904.59    12730.36     1817   
1604152.00    2690       4835       7525       1810       5665       7475       4390       1.05       0.60     7137.33    12497.62     2491   
1677068.00    2716       4962       7678       1784       5538       7322       3074       1.04       0.61     7018.41    12616.54     1830   
1749984.00    3072       6053       9125       1428       4447       5875       2720       1.07       0.65     5512.27    14122.69     1958   
1822900.00    2652       4520       7172       1848       5980       7828       3182       1.04       0.59     7508.15    12126.81     1957   
1895816.00    2985       5656       8641       1515       4844       6359       3171       1.05       0.64     6034.53    13600.43     2119   
1968732.00    2716       4785       7501       1784       5715       7499       3044       1.04       0.60     7184.93    12450.03     1874   
2041648.00    2782       4938       7720       1718       5562       7280       3005       1.05       0.61     6958.13    12676.83     1820   
2114564.00    2762       4945       7707       1738       5555       7293       2870       1.04       0.61     7011.98    12622.97     1823   
2187480.00    2819       5017       7836       1681       5483       7164       2766       1.04       0.61     6869.28    12765.67     1791   
2260396.00    2799       4931       7730       1701       5569       7270       2991       1.04       0.61     6986.73    12648.23     1817   
2333312.00    2947       5328       8275       1553       5172       6725       2680       1.05       0.63     6433.42    13201.54     1681   
2406228.00    3246       6402       9648       1254       4098       5352       2388       1.05       0.66     5086.10    14548.85     1784   
2479144.00    3227       6464       9691       1273       4036       5309       3984       1.04       0.67     5091.34    14543.61     2654   
2552060.00    3194       6334       9528       1306       4166       5472       2563       1.05       0.66     5221.35    14413.60     1824   
2624976.00    2849       5157       8006       1651       5343       6994       2667       1.05       0.62     6677.96    12957.00     1748   
2697892.00    2982       5576       8558       1518       4924       6442       2787       1.05       0.63     6113.96    13520.99     1610   
2770808.00    2952       5549       8501       1548       4951       6499       2997       1.03       0.64     6285.98    13348.98     2166   
2843724.00    3302       6494       9796       1198       4006       5204       2544       1.04       0.67     5004.81    14630.15     1734   
2916640.00    3104       6024       9128       1396       4476       5872       2526       1.03       0.66     5707.58    13927.38     1957   
2989556.00    3127       6085       9212       1373       4415       5788       2551       1.03       0.66     5613.17    14021.79     1929   
3062472.00    3252       6314       9566       1248       4186       5434       4183       1.03       0.67     5260.90    14374.06     2717   
3135388.00    3282       6400       9682       1218       4100       5318       2111       1.03       0.67     5146.21    14488.74     1772   
3208304.00    3446       6904      10350       1054       3596       4650       1996       1.05       0.68     4427.94    15207.02     1550   
3281220.00    3562       7513      11075       938        2987       3925       2284       1.05       0.70     3732.49    15902.47     1962   
3354136.00    3477       7305      10782       1023       3195       4218       2507       1.04       0.69     4075.02    15559.94     2109   
3427052.00    3469       7287      10756       1031       3213       4244       2496       1.04       0.69     4085.55    15549.41     2122   
3499968.00    3648       7857      11505       852        2643       3495       2455       1.05       0.71     3323.71    16311.25     1747   
3572884.00    3187       6411       9598       1313       4089       5402       2217       1.02       0.67     5270.75    14364.21     1800   
3645800.00    3524       7453      10977       976        3047       4023       2998       1.03       0.70     3914.79    15720.16     2011   
3718716.00    3487       7386      10873       1013       3114       4127       2386       1.02       0.70     4031.31    15603.64     2063   
3791632.00    3323       6814      10137       1177       3686       4863       4863       1.02       0.68     4767.86    14867.10     4863   
3864548.00    3458       7111      10569       1042       3389       4431       3039       1.03       0.69     4288.38    15346.57     2215   
3937464.00    3490       7301      10791       1010       3199       4209       3102       1.05       0.69     4006.08    15628.88     2104   
4010380.00    3322       6740      10062       1178       3760       4938       4938       1.04       0.68     4757.08    14877.87     4938   
4083296.00    3520       7392      10912       980        3108       4088       4088       1.04       0.69     3931.58    15703.37     4088   
4156212.00    3497       7343      10840       1003       3157       4160       2835       1.04       0.69     3985.22    15649.73     2080   
4229128.00    3431       7071      10502       1069       3429       4498       3182       1.05       0.68     4288.37    15346.59     2249   
4302044.00    3434       7074      10508       1066       3426       4492       3183       1.06       0.68     4233.01    15401.95     2246   
4374960.00    3320       6747      10067       1180       3753       4933       3295       1.05       0.67     4692.89    14942.07     2466   
4447876.00    3246       6520       9766       1254       3980       5234       3584       1.05       0.67     5004.01    14630.94     2617   
4520792.00    3412       6852      10264       1088       3648       4736       2828       1.05       0.68     4523.17    15111.78     2368   
4593708.00    3227       6468       9695       1273       4032       5305       3620       1.06       0.66     5009.51    14625.45     2652   
4666624.00    3211       6273       9484       1289       4227       5516       3775       1.06       0.66     5202.63    14432.32     2758   
4739540.00    3347       6810      10157       1153       3690       4843       3166       1.06       0.67     4570.24    15064.72     2421   
4812456.00    3106       6069       9175       1394       4431       5825       4037       1.06       0.65     5485.81    14149.14     2912   
4885372.00    3396       6931      10327       1104       3569       4673       3045       1.07       0.68     4364.00    15270.96     2336   
4958288.00    3081       5935       9016       1419       4565       5984       4245       1.07       0.64     5605.90    14029.05     2992   
5031204.00    3117       6081       9198       1383       4419       5802       4100       1.07       0.65     5430.46    14204.50     2901   
5104120.00    3123       5949       9072       1377       4551       5928       4218       1.06       0.65     5570.47    14064.49     2964   
5177036.00    2957       5604       8561       1543       4896       6439       4625       1.05       0.63     6108.45    13526.51     3219   
5249952.00    3047       5752       8799       1453       4748       6201       4513       1.06       0.64     5857.72    13777.24     3100   
5322868.00    3101       5749       8850       1399       4751       6150       4447       1.06       0.64     5807.98    13826.97     3075   
5395784.00    3130       5985       9115       1370       4515       5885       4212       1.07       0.64     5494.20    14140.76     2942   
5468700.00    3118       5973       9091       1382       4527       5909       3107       1.06       0.65     5578.89    14056.06     1969   
5541616.00    3148       6064       9212       1352       4436       5788       4405       1.05       0.65     5505.28    14129.68     2894   
5614532.00    3199       6285       9484       1301       4215       5516       2903       1.06       0.66     5227.38    14407.58     1838   
5687448.00    3250       6210       9460       1250       4290       5540       3183       1.05       0.66     5260.38    14374.57     1846   
5760364.00    3327       6457       9784       1173       4043       5216       3057       1.05       0.67     4950.81    14684.15     1738   
5833280.00    3396       6826      10222       1104       3674       4778       3663       1.04       0.68     4584.01    15050.95     2389   
5906196.00    3525       7193      10718       975        3307       4282       3238       1.06       0.69     4057.18    15577.78     2141   
5979112.00    3491       7121      10612       1009       3379       4388       4388       1.07       0.68     4099.57    15535.38     4388   
6052028.00    3474       7013      10487       1026       3487       4513       4513       1.07       0.68     4218.31    15416.65     4513   
6124944.00    3383       6787      10170       1117       3713       4830       4830       1.06       0.68     4576.66    15058.29     4830   
6197860.00    3553       7237      10790       947        3263       4210       4210       1.07       0.69     3945.42    15689.53     4210   
6270776.00    3291       6410       9701       1209       4090       5299       4212       1.05       0.66     5025.67    14609.29     2649   
6343692.00    3227       6407       9634       1273       4093       5366       4326       1.05       0.66     5105.56    14529.39     2683   
6416608.00    3269       6424       9693       1231       4076       5307       4195       1.06       0.66     4996.32    14638.64     2653   
6489524.00    3265       6477       9742       1235       4023       5258       4079       1.06       0.66     4960.80    14674.15     2629   
6562440.00    3010       5646       8656       1490       4854       6344       5132       1.06       0.63     5979.39    13655.56     3172   
6635356.00    3017       5741       8758       1483       4759       6242       5005       1.06       0.64     5896.45    13738.50     3121   
6708272.00    3085       5777       8862       1415       4723       6138       4890       1.06       0.64     5765.19    13869.77     3069   
6781188.00    2983       5514       8497       1517       4986       6503       5296       1.06       0.63     6133.36    13501.60     3251   
6854104.00    3078       5682       8760       1422       4818       6240       5015       1.06       0.64     5868.69    13766.26     3120   
6927020.00    2889       5168       8057       1611       5332       6943       5683       1.05       0.62     6597.35    13037.61     3471   
6999936.00    2908       5382       8290       1592       5118       6710       5682       1.06       0.62     6342.64    13292.32     3355   
7072852.00    2982       5578       8560       1518       4922       6440       6440       1.06       0.63     6096.91    13538.05     6440   
7145768.00    2998       5703       8701       1502       4797       6299       6299       1.06       0.63     5916.84    13718.11     6299   
7218684.00    2801       5134       7935       1699       5366       7065       3921       1.06       0.61     6666.36    12968.60     2355   
7291600.00    2722       4871       7593       1778       5629       7407       3905       1.06       0.60     6996.88    12638.08     2469   
7364516.00    2790       4953       7743       1710       5547       7257       3854       1.06       0.60     6830.40    12804.55     2419   
7437432.00    2926       5613       8539       1574       4887       6461       3980       1.06       0.63     6072.42    13562.53     3230   
7510348.00    2923       5361       8284       1577       5139       6716       4071       1.07       0.62     6276.32    13358.63     3358   
7583264.00    2854       5213       8067       1646       5287       6933       6933       1.07       0.61     6471.82    13163.13     6933   
7656180.00    2830       5199       8029       1670       5301       6971       6971       1.07       0.61     6545.22    13089.74     6971   
7729096.00    2749       4967       7716       1751       5533       7284       7284       1.06       0.60     6876.61    12758.34     7284   
7802012.00    2822       5187       8009       1678       5313       6991       4236       1.06       0.61     6591.35    13043.60     3495   
7874928.00    2718       4962       7680       1782       5538       7320       4580       1.06       0.60     6886.53    12748.43     3660   
7947844.00    2803       5034       7837       1697       5466       7163       4554       1.06       0.61     6760.31    12874.65     3581   
8020760.00    2836       5118       7954       1664       5382       7046       4653       1.06       0.61     6653.37    12981.59     3523   
8093676.00    3010       5474       8484       1490       5026       6516       4361       1.07       0.63     6110.79    13524.17     3258   
8166592.00    3087       5580       8667       1413       4920       6333       4198       1.07       0.63     5907.70    13727.26     3166   
8239508.00    3049       5519       8568       1451       4981       6432       4200       1.07       0.63     6005.53    13629.43     3216   
8312424.00    3015       5430       8445       1485       5070       6555       4399       1.06       0.63     6179.39    13455.56     3277   
8385340.00    3168       5995       9163       1332       4505       5837       3771       1.06       0.65     5511.97    14122.99     2918   
8458256.00    3188       6004       9192       1312       4496       5808       3766       1.06       0.65     5486.23    14148.72     2904   
8531172.00    3299       6381       9680       1201       4119       5320       3539       1.07       0.66     4994.39    14640.57     2660   
8604088.00    3234       6142       9376       1266       4358       5624       3718       1.06       0.65     5301.96    14332.99     2812   
8677004.00    3156       5862       9018       1344       4638       5982       4294       1.06       0.64     5622.89    14012.06     2991   
8749920.00    3202       5992       9194       1298       4508       5806       4059       1.06       0.65     5470.39    14164.57     2903   
8822836.00    3172       5929       9101       1328       4571       5899       4174       1.05       0.65     5607.04    14027.91     2949   
8895752.00    3115       5815       8930       1385       4685       6070       4354       1.05       0.64     5786.42    13848.54     3035   
8968668.00    3105       5939       9044       1395       4561       5956       4170       1.07       0.64     5587.89    14047.07     2978   
9041584.00    3052       5707       8759       1448       4793       6241       4445       1.06       0.64     5864.46    13770.50     3120   
9114500.00    3077       5748       8825       1423       4752       6175       4347       1.06       0.64     5817.17    13817.78     3087   
9187416.00    3053       5660       8713       1447       4840       6287       4505       1.06       0.63     5910.57    13724.38     3143   
9260332.00    2917       5278       8195       1583       5222       6805       4640       1.06       0.62     6437.54    13197.42     3402   
9333248.00    2970       5291       8261       1530       5209       6739       4751       1.06       0.62     6373.41    13261.54     3369   
9406164.00    2941       5383       8324       1559       5117       6676       4942       1.05       0.63     6375.59    13259.36     3338   
9479080.00    3029       5632       8661       1471       4868       6339       4563       1.05       0.64     6031.15    13603.80     3169   
9551996.00    3004       5524       8528       1496       4976       6472       2373       1.05       0.63     6178.98    13455.98     2157   
9624912.00    2906       5379       8285       1594       5121       6715       2337       1.06       0.62     6360.41    13274.55     2238   
9697828.00    2892       5245       8137       1608       5255       6863       4826       1.05       0.62     6539.96    13095.00     3431   
9770744.00    2992       5519       8511       1508       4981       6489       4654       1.05       0.63     6172.80    13462.16     3244   
9843660.00    3235       6333       9568       1265       4167       5432       3518       1.05       0.66     5156.91    14478.04     2716   
9916576.00    3048       5516       8564       1452       4984       6436       4607       1.05       0.63     6142.90    13492.05     3218   
9989492.00    3020       5410       8430       1480       5090       6570       4711       1.05       0.63     6277.87    13357.08     3285   
10062408.00    2993       5424       8417       1507       5076       6583       6583       1.04       0.63     6338.03    13296.93     6583   
10135324.00    2928       5305       8233       1572       5195       6767       2932       1.04       0.63     6508.21    13126.74     2255   
10208240.00    2908       5405       8313       1592       5095       6687       2652       1.04       0.63     6407.14    13227.81     2229   
10281156.00    3190       6197       9387       1310       4303       5613       2161       1.06       0.66     5319.91    14315.05     1871   
10354072.00    3225       6179       9404       1275       4321       5596       2235       1.06       0.66     5298.40    14336.56     1865   
10426988.00    3151       6015       9166       1349       4485       5834       2254       1.05       0.65     5557.08    14077.88     1944   
10499904.00    2882       5339       8221       1618       5161       6779       2278       1.04       0.63     6533.47    13101.49     1694   
10572820.00    3379       6597       9976       1121       3903       5024       3832       1.05       0.67     4776.18    14858.78     2512   
10645736.00    3381       6674      10055       1119       3826       4945       2472       1.05       0.67     4699.79    14935.16     1648   
10718652.00    3314       6393       9707       1186       4107       5293       3999       1.05       0.67     5042.67    14592.29     2646   
10791568.00    3074       5762       8836       1426       4738       6164       3808       1.04       0.65     5953.63    13681.32     2054   
10864484.00    3322       6658       9980       1178       3842       5020       3755       1.06       0.67     4744.52    14890.44     2510   
10937400.00    3359       6944      10303       1141       3556       4697       2709       1.06       0.68     4450.89    15184.07     2348   
11010316.00    3347       6600       9947       1153       3900       5053       2766       1.06       0.67     4780.67    14854.28     1684   
11083232.00    3361       6670      10031       1139       3830       4969       2731       1.07       0.67     4654.95    14980.01     1656   
11156148.00    3244       6489       9733       1256       4011       5267       2702       1.06       0.66     4963.66    14671.30     1755   
11229064.00    3214       6427       9641       1286       4073       5359       4337       1.07       0.66     5024.75    14610.20     2679   
11301980.00    3167       6166       9333       1333       4334       5667       5667       1.05       0.66     5388.66    14246.30     5667   
11374896.00    3157       6184       9341       1343       4316       5659       2918       1.05       0.65     5366.07    14268.88     1886   
11447812.00    3184       6199       9383       1316       4301       5617       5617       1.05       0.66     5343.19    14291.76     5617   
11520728.00    3138       6060       9198       1362       4440       5802       4231       1.05       0.65     5512.88    14122.07     2901   
11593644.00    3162       6045       9207       1338       4455       5793       5793       1.07       0.65     5421.60    14213.35     5793   
11666560.00    3176       6041       9217       1324       4459       5783       5783       1.07       0.65     5388.24    14246.71     5783   
11739476.00    3031       5890       8921       1469       4610       6079       6079       1.06       0.64     5735.56    13899.39     6079   
11812392.00    3131       6011       9142       1369       4489       5858       5858       1.07       0.65     5479.22    14155.73     5858   
11885308.00    3234       6381       9615       1266       4119       5385       5385       1.06       0.66     5096.35    14538.61     5385   
11958224.00    3183       6297       9480       1317       4203       5520       5520       1.06       0.66     5224.08    14410.87     5520   
12031140.00    3241       6376       9617       1259       4124       5383       5383       1.06       0.66     5099.34    14535.62     5383   
12104056.00    3222       6454       9676       1278       4046       5324       5324       1.05       0.67     5094.32    14540.64     5324   
12176972.00    3235       6496       9731       1265       4004       5269       5269       1.05       0.67     5032.80    14602.15     5269   
12249888.00    3217       6332       9549       1283       4168       5451       5451       1.05       0.66     5171.83    14463.13     5451   
12322804.00    3175       6243       9418       1325       4257       5582       5582       1.06       0.66     5258.29    14376.67     5582   
12395720.00    3320       6808      10128       1180       3692       4872       4872       1.07       0.67     4570.63    15064.32     4872   
12468636.00    3166       6188       9354       1334       4312       5646       5646       1.05       0.66     5362.98    14271.98     5646   
12541552.00    3224       6381       9605       1276       4119       5395       5395       1.06       0.66     5083.70    14551.25     5395   
12614468.00    3199       6379       9578       1301       4121       5422       5422       1.06       0.66     5102.10    14532.86     5422   
12687384.00    3118       6178       9296       1382       4322       5704       5704       1.04       0.66     5480.37    14154.59     5704   
12760300.00    2987       5822       8809       1513       4678       6191       6191       1.05       0.64     5895.02    13739.93     6191   
12833216.00    3057       6021       9078       1443       4479       5922       5922       1.06       0.65     5601.21    14033.74     5922   
12906132.00    2967       5871       8838       1533       4629       6162       6162       1.07       0.64     5759.18    13875.78     6162   
12979048.00    2942       5727       8669       1558       4773       6331       6331       1.07       0.63     5920.78    13714.17     6331   
13051964.00    2922       5672       8594       1578       4828       6406       6406       1.07       0.63     6002.84    13632.12     6406   
13124880.00    2940       5624       8564       1560       4876       6436       6436       1.06       0.63     6061.21    13573.74     6436   
13197796.00    2883       5497       8380       1617       5003       6620       6620       1.06       0.63     6272.49    13362.46     6620   
13270712.00    2861       5489       8350       1639       5011       6650       6650       1.05       0.63     6305.72    13329.24     6650   
13343628.00    2837       5471       8308       1663       5029       6692       6692       1.06       0.62     6318.55    13316.40     6692   
13416544.00    3021       6071       9092       1479       4429       5908       5908       1.07       0.64     5522.61    14112.34     5908   
13489460.00    3081       6379       9460       1419       4121       5540       5540       1.06       0.66     5228.09    14406.87     5540   
13562376.00    3005       6108       9113       1495       4392       5887       5887       1.06       0.65     5578.97    14055.99     5887   
13635292.00    3018       6062       9080       1482       4438       5920       5920       1.06       0.65     5564.76    14070.20     5920   
13708208.00    2950       5779       8729       1550       4721       6271       6271       1.06       0.64     5923.36    13711.59     6271   
13781124.00    2934       5828       8762       1566       4672       6238       6238       1.06       0.64     5892.68    13742.28     6238   
13854040.00    2986       5816       8802       1514       4684       6198       6198       1.06       0.64     5828.47    13806.49     6198   
13926956.00    3124       6272       9396       1376       4228       5604       5604       1.08       0.65     5173.67    14461.28     5604   
13999872.00    2843       5541       8384       1657       4959       6616       6616       1.07       0.62     6188.42    13446.53     6616   
14072788.00    2834       5437       8271       1666       5063       6729       6729       1.06       0.62     6351.30    13283.65     6729   
14145704.00    3113       6222       9335       1387       4278       5665       5665       1.08       0.65     5258.78    14376.18     5665   
14218620.00    2948       5776       8724       1552       4724       6276       6276       1.06       0.64     5897.56    13737.39     6276   
14291536.00    2958       5723       8681       1542       4777       6319       6319       1.06       0.63     5957.89    13677.07     6319   
14364452.00    3080       6252       9332       1420       4248       5668       5668       1.09       0.65     5203.81    14431.15     5668   
14437368.00    2992       5978       8970       1508       4522       6030       6030       1.08       0.64     5587.42    14047.54     6030   
14510284.00    3052       6079       9131       1448       4421       5869       5869       1.09       0.64     5408.39    14226.57     5869   
14583200.00    2986       5888       8874       1514       4612       6126       6126       1.09       0.63     5628.90    14006.06     6126   
14656116.00    3008       5820       8828       1492       4680       6172       6172       1.09       0.63     5659.53    13975.43     6172   
14729032.00    3030       5939       8969       1470       4561       6031       6031       1.09       0.64     5517.07    14117.88     6031   
14801948.00    3003       5898       8901       1497       4602       6099       6099       1.09       0.64     5618.36    14016.60     6099   
14874864.00    2995       5748       8743       1505       4752       6257       6257       1.08       0.63     5767.30    13867.65     6257   
14947780.00    2994       5861       8855       1506       4639       6145       6145       1.08       0.63     5687.96    13946.99     6145   
15020696.00    2999       5903       8902       1501       4597       6098       6098       1.08       0.64     5630.22    14004.73     6098   
15093612.00    2973       5748       8721       1527       4752       6279       6279       1.08       0.63     5835.95    13799.00     6279   
15166528.00    3029       5901       8930       1471       4599       6070       6070       1.09       0.64     5589.88    14045.08     6070   
15239444.00    3052       5916       8968       1448       4584       6032       6032       1.08       0.64     5569.39    14065.57     6032   
15312360.00    3025       5828       8853       1475       4672       6147       6147       1.08       0.63     5670.08    13964.88     6147   
15385276.00    3034       5759       8793       1466       4741       6207       6207       1.08       0.63     5766.80    13868.15     6207   
15458192.00    3092       5990       9082       1408       4510       5918       5918       1.09       0.64     5441.01    14193.94     5918   
15531108.00    2822       5263       8085       1678       5237       6915       6915       1.07       0.61     6481.13    13153.83     6915   
15604024.00    2772       5195       7967       1728       5305       7033       7033       1.06       0.61     6615.44    13019.52     7033   
15676940.00    2735       5139       7874       1765       5361       7126       7126       1.05       0.61     6755.01    12879.94     7126   
15749856.00    2623       4714       7337       1877       5786       7663       7663       1.05       0.59     7288.92    12346.04     7663   
15822772.00    2791       5205       7996       1709       5295       7004       7004       1.07       0.61     6557.20    13077.75     7004   
15895688.00    2853       5397       8250       1647       5103       6750       6750       1.08       0.62     6238.02    13396.93     6750   
15968604.00    2677       4908       7585       1823       5592       7415       7415       1.07       0.60     6945.78    12689.18     7415   
16041520.00    2608       4856       7464       1892       5644       7536       7536       1.06       0.60     7109.43    12525.52     7536   
16114436.00    2940       5563       8503       1560       4937       6497       6497       1.09       0.62     5976.22    13658.73     6497   
16187352.00    2770       5105       7875       1730       5395       7125       7125       1.08       0.60     6588.32    13046.64     7125   
16260268.00    2789       5116       7905       1711       5384       7095       7095       1.07       0.61     6611.34    13023.61     7095   
16333184.00    2802       5169       7971       1698       5331       7029       7029       1.08       0.61     6534.85    13100.11     7029   
16406100.00    2733       4936       7669       1767       5564       7331       7331       1.07       0.60     6828.91    12806.04     7331   
16479016.00    2810       5090       7900       1690       5410       7100       6089       1.06       0.61     6680.64    12954.31     3550   
16551932.00    3072       5908       8980       1428       4592       6020       6020       1.07       0.64     5622.01    14012.94     6020   
16624848.00    3088       5970       9058       1412       4530       5942       5942       1.08       0.64     5496.68    14138.28     5942   
16697764.00    2757       5068       7825       1743       5432       7175       7175       1.07       0.60     6696.61    12938.34     7175   
16770680.00    2928       5606       8534       1572       4894       6466       6466       1.08       0.63     5998.00    13636.96     6466   
16843596.00    2960       5693       8653       1540       4807       6347       6347       1.08       0.63     5867.57    13767.38     6347   
16916512.00    2867       5459       8326       1633       5041       6674       6674       1.07       0.62     6216.20    13418.76     6674   
16989428.00    2939       5656       8595       1561       4844       6405       6405       1.07       0.63     5971.79    13663.17     6405   
17062344.00    2656       4755       7411       1844       5745       7589       7589       1.07       0.59     7122.55    12512.41     7589   
17135260.00    2759       4929       7688       1741       5571       7312       6255       1.07       0.60     6851.93    12783.02     3656   
17208176.00    2779       5014       7793       1721       5486       7207       6030       1.07       0.60     6717.30    12917.66     3603   
17281092.00    2673       4676       7349       1827       5824       7651       6555       1.07       0.59     7144.16    12490.80     3825   
17354008.00    2652       4623       7275       1848       5877       7725       6634       1.08       0.58     7167.73    12467.23     3862   
17426924.00    2669       4646       7315       1831       5854       7685       7685       1.08       0.58     7107.79    12527.16     7685   
17499840.00    2697       4653       7350       1803       5847       7650       6295       1.07       0.59     7138.81    12496.15     3825   
17572756.00    2746       4745       7491       1754       5755       7509       6130       1.07       0.59     7025.48    12609.48     3754   
17645672.00    2809       4829       7638       1691       5671       7362       5989       1.07       0.60     6898.08    12736.87     3681   
17718588.00    2705       4768       7473       1795       5732       7527       7527       1.06       0.60     7105.45    12529.51     7527   
17791504.00    2910       5340       8250       1590       5160       6750       6750       1.08       0.62     6269.40    13365.55     6750   
17864420.00    2660       4542       7202       1840       5958       7798       7798       1.06       0.59     7324.77    12310.18     7798   
17937336.00    2729       4728       7457       1771       5772       7543       7543       1.07       0.59     7034.48    12600.47     7543   
18010252.00    2755       4825       7580       1745       5675       7420       7420       1.07       0.60     6913.09    12721.87     7420   
18083168.00    2822       4887       7709       1678       5613       7291       7291       1.08       0.60     6765.50    12869.46     7291   
18156084.00    2760       4684       7444       1740       5816       7556       7556       1.08       0.59     7010.63    12624.33     7556   
18229000.00    2709       4572       7281       1791       5928       7719       5740       1.07       0.59     7225.93    12409.03     3859   
18301916.00    2802       4768       7570       1698       5732       7430       5406       1.07       0.60     6917.18    12717.78     3715   
18374832.00    2765       4818       7583       1735       5682       7417       4225       1.07       0.60     6928.87    12706.09     2472   
18447748.00    2763       4688       7451       1737       5812       7549       7549       1.07       0.59     7070.71    12564.24     7549   
18520664.00    2766       4700       7466       1734       5800       7534       4294       1.07       0.59     7019.06    12615.90     3767   
18593580.00    2782       4812       7594       1718       5688       7406       4434       1.06       0.60     6991.64    12643.32     3703   
18666496.00    2812       4850       7662       1688       5650       7338       4554       1.06       0.60     6918.91    12716.05     3669   
18739412.00    2756       4745       7501       1744       5755       7499       7499       1.05       0.60     7139.39    12495.56     7499   
18812328.00    2771       4823       7594       1729       5677       7406       4637       1.05       0.60     7023.73    12611.23     3703   
18885244.00    2897       4966       7863       1603       5534       7137       4354       1.05       0.61     6811.91    12823.04     3568   
18958160.00    2840       4896       7736       1660       5604       7264       4583       1.04       0.61     6961.25    12673.71     3632   
19031076.00    2818       4972       7790       1682       5528       7210       4153       1.04       0.61     6913.04    12721.92     3605   
19103992.00    2923       5160       8083       1577       5340       6917       4484       1.05       0.62     6568.96    13066.00     3458   
19176908.00    2959       5279       8238       1541       5221       6762       4438       1.05       0.62     6443.79    13191.16     3381   
19249824.00    2877       5245       8122       1623       5255       6878       4600       1.05       0.62     6575.99    13058.96     3439   
19322740.00    2829       5068       7897       1671       5432       7103       4854       1.04       0.62     6849.09    12785.86     3551   
19395656.00    3073       5873       8946       1427       4627       6054       3782       1.05       0.64     5753.21    13881.75     3027   
19468572.00    3014       5690       8704       1486       4810       6296       4051       1.04       0.64     6029.76    13605.20     3148   
19541488.00    3199       6388       9587       1301       4112       5413       3948       1.06       0.66     5103.35    14531.61     2706   
19614404.00    3180       6307       9487       1320       4193       5513       4135       1.06       0.66     5178.31    14456.64     2756   
19687320.00    2688       4981       7669       1812       5519       7331       4094       1.05       0.60     6958.61    12676.35     2443   
19760236.00    3011       5778       8789       1489       4722       6211       6211       1.07       0.63     5784.97    13849.98     6211   
19833152.00    2932       5517       8449       1568       4983       6551       4707       1.07       0.63     6118.28    13516.67     3275   
19906068.00    2890       5351       8241       1610       5149       6759       6759       1.07       0.62     6339.27    13295.68     6759   
19978984.00    2975       5511       8486       1525       4989       6514       4728       1.06       0.63     6142.29    13492.66     3257   
20051900.00    3019       5576       8595       1481       4924       6405       4757       1.07       0.63     5983.95    13651.01     3202   
20124816.00    3004       5509       8513       1496       4991       6487       6487       1.07       0.63     6078.14    13556.81     6487   
20197732.00    3071       5632       8703       1429       4868       6297       6297       1.07       0.63     5869.39    13765.56     6297   
20270648.00    3012       5496       8508       1488       5004       6492       6492       1.07       0.63     6059.09    13575.86     6492   
20343564.00    3095       5553       8648       1405       4947       6352       6352       1.07       0.63     5914.94    13720.02     6352   
20416480.00    3039       5442       8481       1461       5058       6519       6519       1.07       0.63     6090.26    13544.69     6519   
20489396.00    3069       5479       8548       1431       5021       6452       6452       1.07       0.63     6039.32    13595.64     6452   
20562312.00    2882       5100       7982       1618       5400       7018       7018       1.06       0.61     6635.81    12999.14     7018   
20635228.00    2949       5365       8314       1551       5135       6686       6686       1.06       0.62     6290.58    13344.38     6686   
20708144.00    2990       5515       8505       1510       4985       6495       6495       1.07       0.63     6092.26    13542.69     6495   
20781060.00    2930       5323       8253       1570       5177       6747       6747       1.06       0.62     6379.17    13255.79     6747   
20853976.00    2962       5329       8291       1538       5171       6709       6709       1.06       0.62     6353.49    13281.46     6709   
20926892.00    3027       5484       8511       1473       5016       6489       6489       1.06       0.63     6125.46    13509.50     6489   
20999808.00    2962       5460       8422       1538       5040       6578       6578       1.06       0.63     6210.43    13424.52     6578   
21072724.00    3004       5642       8646       1496       4858       6354       6354       1.07       0.63     5961.20    13673.75     6354   
21145640.00    2939       5387       8326       1561       5113       6674       6674       1.06       0.62     6278.12    13356.83     6674   
21218556.00    3007       5535       8542       1493       4965       6458       6458       1.08       0.63     5983.10    13651.86     6458   
21291472.00    2988       5428       8416       1512       5072       6584       6584       1.07       0.62     6151.25    13483.71     6584   
21364388.00    3085       5590       8675       1415       4910       6325       6325       1.07       0.63     5930.87    13704.08     6325   
21437304.00    3072       5549       8621       1428       4951       6379       6379       1.07       0.63     5986.25    13648.71     6379   
21510220.00    3065       5537       8602       1435       4963       6398       6398       1.06       0.63     6016.65    13618.30     6398   
21583136.00    3156       5698       8854       1344       4802       6146       6146       1.07       0.64     5743.49    13891.47     6146   
21656052.00    3247       6071       9318       1253       4429       5682       5682       1.07       0.65     5305.72    14329.23     5682   
21728968.00    3215       5885       9100       1285       4615       5900       3287       1.07       0.65     5535.27    14099.68     2950   
21801884.00    3148       5769       8917       1352       4731       6083       3342       1.07       0.64     5697.98    13936.98     3041   
21874800.00    3181       6041       9222       1319       4459       5778       5778       1.07       0.65     5386.01    14248.95     5778   
21947716.00    3310       6370       9680       1190       4130       5320       5320       1.09       0.66     4898.07    14736.89     5320   
22020632.00    3132       5893       9025       1368       4607       5975       5975       1.08       0.64     5527.54    14107.41     5975   
22093548.00    3095       5805       8900       1405       4695       6100       6100       1.09       0.64     5621.80    14013.16     6100   
22166464.00    3126       5830       8956       1374       4670       6044       6044       1.08       0.64     5586.71    14048.24     6044   
22239380.00    3093       5771       8864       1407       4729       6136       6136       1.08       0.64     5701.82    13933.13     6136   
22312296.00    3077       5725       8802       1423       4775       6198       6198       1.07       0.64     5817.38    13817.57     6198   
22385212.00    3023       5725       8748       1477       4775       6252       3870       1.06       0.64     5907.24    13727.71     3126   
22458128.00    2997       5529       8526       1503       4971       6474       3944       1.05       0.63     6169.83    13465.12     3237   
22531044.00    3014       5464       8478       1486       5036       6522       6522       1.05       0.63     6214.39    13420.57     6522   
22603960.00    2927       5310       8237       1573       5190       6763       6763       1.05       0.62     6443.41    13191.54     6763   
22676876.00    2854       5248       8102       1646       5252       6898       6898       1.05       0.62     6585.65    13049.30     6898   
22749792.00    3069       5820       8889       1431       4680       6111       6111       1.04       0.64     5852.68    13782.27     6111   
22822708.00    3155       6169       9324       1345       4331       5676       5676       1.05       0.66     5424.76    14210.20     5676   
22895624.00    3280       6395       9675       1220       4105       5325       5325       1.06       0.66     5043.98    14590.98     5325   
22968540.00    3158       6175       9333       1342       4325       5667       5667       1.05       0.66     5416.50    14218.45     5667   
23041456.00    3193       6295       9488       1307       4205       5512       5512       1.04       0.66     5278.45    14356.50     5512   
23114372.00    3138       6155       9293       1362       4345       5707       5707       1.04       0.66     5468.67    14166.29     5707   
23187288.00    3174       6185       9359       1326       4315       5641       5641       1.06       0.65     5344.89    14290.07     5641   
23260204.00    2961       5626       8587       1539       4874       6413       6413       1.04       0.64     6157.04    13477.91     6413   
23333120.00    3213       6109       9322       1287       4391       5678       5678       1.05       0.65     5382.47    14252.49     5678   
23406036.00    3162       6132       9294       1338       4368       5706       5706       1.04       0.66     5466.49    14168.46     5706   
23478952.00    3181       6188       9369       1319       4312       5631       5631       1.05       0.66     5352.96    14281.99     5631   
23551868.00    3032       5904       8936       1468       4596       6064       6064       1.05       0.65     5791.87    13843.09     6064   
23624784.00    3295       6408       9703       1205       4092       5297       5297       1.06       0.66     5012.47    14622.48     5297   
23697700.00    3346       6794      10140       1154       3706       4860       4860       1.07       0.67     4542.72    15092.24     4860   
23770616.00    3070       6104       9174       1430       4396       5826       5826       1.07       0.65     5435.46    14199.49     5826   
23843532.00    3097       6044       9141       1403       4456       5859       5859       1.07       0.65     5466.29    14168.66     5859   
23916448.00    3092       6090       9182       1408       4410       5818       5818       1.07       0.65     5425.62    14209.34     5818   
23989364.00    3132       6126       9258       1368       4374       5742       5742       1.07       0.65     5379.86    14255.10     5742   
24062280.00    3111       6069       9180       1389       4431       5820       5820       1.06       0.65     5465.69    14169.27     5820   
24135196.00    3147       6209       9356       1353       4291       5644       5644       1.07       0.65     5250.56    14384.39     5644   
24208112.00    2920       5454       8374       1580       5046       6626       5603       1.07       0.62     6179.61    13455.35     3313   
24281028.00    2885       5316       8201       1615       5184       6799       5769       1.07       0.62     6350.34    13284.62     3399   
24353944.00    3083       5975       9058       1417       4525       5942       5942       1.08       0.64     5514.12    14120.83     5942   
24426860.00    2838       5165       8003       1662       5335       6997       6997       1.08       0.61     6474.25    13160.71     6997   
24499776.00    2823       5065       7888       1677       5435       7112       6078       1.08       0.60     6589.37    13045.58     3556   
24572692.00    2789       4985       7774       1711       5515       7226       5952       1.08       0.60     6712.69    12922.26     3613   
24645608.00    2770       4972       7742       1730       5528       7258       3966       1.06       0.60     6823.29    12811.66     2419   
24718524.00    2794       5007       7801       1706       5493       7199       3821       1.06       0.61     6762.00    12872.95     2399   
24791440.00    2661       4782       7443       1839       5718       7557       3890       1.06       0.59     7105.28    12529.68     2519   
24864356.00    2735       4802       7537       1765       5698       7463       5630       1.07       0.59     6957.52    12677.43     3731   
24937272.00    2690       4647       7337       1810       5853       7663       5655       1.07       0.59     7145.69    12489.26     3831   
25010188.00    2665       4573       7238       1835       5927       7762       5769       1.06       0.59     7312.79    12322.16     3881   
25083104.00    2698       4736       7434       1802       5764       7566       7566       1.07       0.59     7079.16    12555.79     7566   
25156020.00    2657       4724       7381       1843       5776       7619       7619       1.07       0.59     7153.77    12481.18     7619   
25228936.00    2685       4744       7429       1815       5756       7571       7571       1.06       0.59     7118.24    12516.72     7571   
25301852.00    2627       4630       7257       1873       5870       7743       7743       1.06       0.59     7293.25    12341.70     7743   
25374768.00    2571       4479       7050       1929       6021       7950       7950       1.06       0.58     7480.58    12154.38     7950   
25447684.00    2685       4745       7430       1815       5755       7570       7570       1.07       0.59     7094.23    12540.73     7570   
25520600.00    2552       4454       7006       1948       6046       7994       7994       1.07       0.58     7461.59    12173.37     7994   
25593516.00    2676       4657       7333       1824       5843       7667       7667       1.08       0.59     7120.78    12514.18     7667   
25666432.00    2588       4453       7041       1912       6047       7959       7959       1.07       0.58     7439.48    12195.48     7959   
25739348.00    2589       4418       7007       1911       6082       7993       5201       1.07       0.58     7503.92    12131.04     3996   
25812264.00    2656       4622       7278       1844       5878       7722       5145       1.07       0.59     7214.26    12420.70     3861   
25885180.00    2604       4445       7049       1896       6055       7951       5236       1.07       0.58     7455.14    12179.81     3975   
25958096.00    2643       4505       7148       1857       5995       7852       5226       1.07       0.58     7372.40    12262.56     3926   
26031012.00    2708       4735       7443       1792       5765       7557       4941       1.07       0.59     7057.82    12577.13     3778   
26103928.00    2674       4612       7286       1826       5888       7714       5033       1.07       0.59     7211.22    12423.74     3857   
26176844.00    2708       4740       7448       1792       5760       7552       5034       1.06       0.59     7107.76    12527.19     3776   
26249760.00    2635       4627       7262       1865       5873       7738       5168       1.06       0.59     7306.45    12328.51     3869   
26322676.00    2703       4884       7587       1797       5616       7413       4893       1.07       0.60     6931.73    12703.22     3706   
26395592.00    2687       4810       7497       1813       5690       7503       5004       1.07       0.59     6988.90    12646.06     3751   
26468508.00    2767       4939       7706       1733       5561       7294       4941       1.07       0.60     6791.40    12843.56     3647   
26541424.00    2746       4881       7627       1754       5619       7373       5004       1.07       0.60     6921.67    12713.29     3686   
26614340.00    2771       4890       7661       1729       5610       7339       7339       1.07       0.60     6848.98    12785.98     7339   
26687256.00    2713       4850       7563       1787       5650       7437       7437       1.06       0.60     7000.64    12634.32     7437   
26760172.00    2671       4725       7396       1829       5775       7604       7604       1.06       0.59     7185.71    12449.25     7604   
26833088.00    2664       4714       7378       1836       5786       7622       7622       1.07       0.59     7151.05    12483.90     7622   
26906004.00    2627       4692       7319       1873       5808       7681       7681       1.06       0.59     7234.02    12400.94     7681   
26978920.00    2610       4604       7214       1890       5896       7786       7786       1.06       0.59     7347.35    12287.61     7786   
27051836.00    2680       4708       7388       1820       5792       7612       7612       1.07       0.59     7147.15    12487.80     7612   
27124752.00    2752       4763       7515       1748       5737       7485       7485       1.06       0.60     7044.89    12590.06     7485   
27197668.00    2802       4981       7783       1698       5519       7217       5840       1.07       0.61     6776.37    12858.58     3608   
27270584.00    2813       4958       7771       1687       5542       7229       5428       1.06       0.61     6816.52    12818.44     3614   
27343500.00    2823       5102       7925       1677       5398       7075       5671       1.06       0.61     6666.87    12968.09     3537   
27416416.00    2792       4995       7787       1708       5505       7213       5735       1.06       0.61     6819.25    12815.70     3606   
27489332.00    2906       5567       8473       1594       4933       6527       5317       1.07       0.63     6090.14    13544.82     3263   
27562248.00    2775       4973       7748       1725       5527       7252       7252       1.06       0.60     6824.07    12810.88     7252   
27635164.00    2792       5079       7871       1708       5421       7129       5940       1.07       0.61     6646.09    12988.87     3564   
27708080.00    2779       5031       7810       1721       5469       7190       6103       1.07       0.60     6714.62    12920.34     3595   
27780996.00    3038       5957       8995       1462       4543       6005       6005       1.09       0.64     5531.26    14103.70     6005   
27853912.00    3033       5909       8942       1467       4591       6058       6058       1.09       0.64     5553.91    14081.04     6058   
27926828.00    2989       5733       8722       1511       4767       6278       6278       1.09       0.63     5772.84    13862.11     6278   
27999744.00    2984       5825       8809       1516       4675       6191       6191       1.09       0.63     5685.87    13949.08     6191   
28072660.00    2962       5759       8721       1538       4741       6279       6279       1.10       0.63     5727.24    13907.72     6279   
28145576.00    2951       5716       8667       1549       4784       6333       6333       1.09       0.63     5832.07    13802.89     6333   
28218492.00    2949       5727       8676       1551       4773       6324       6324       1.09       0.63     5815.50    13819.45     6324   
28291408.00    2841       5258       8099       1659       5242       6901       6901       1.09       0.61     6308.29    13326.67     6901   
28364324.00    2897       5528       8425       1603       4972       6575       6575       1.10       0.62     5990.28    13644.68     6575   
28437240.00    2845       5380       8225       1655       5120       6775       6775       1.10       0.61     6183.70    13451.25     6775   
28510156.00    2802       5262       8064       1698       5238       6936       6936       1.09       0.61     6338.95    13296.00     6936   
28583072.00    2805       5218       8023       1695       5282       6977       6977       1.10       0.60     6326.62    13308.34     6977   
28655988.00    2764       5153       7917       1736       5347       7083       7083       1.10       0.60     6414.54    13220.41     7083   
28728904.00    2762       5191       7953       1738       5309       7047       7047       1.10       0.60     6377.58    13257.37     7047   
28801820.00    2695       5069       7764       1805       5431       7236       7236       1.10       0.59     6554.27    13080.69     7236   
28874736.00    2683       5001       7684       1817       5499       7316       7316       1.11       0.59     6589.82    13045.13     7316   
28947652.00    2584       4725       7309       1916       5775       7691       7691       1.11       0.58     6959.95    12675.01     7691   
29020568.00    2591       4707       7298       1909       5793       7702       7702       1.10       0.58     6978.33    12656.63     7702   
29093484.00    2604       4704       7308       1896       5796       7692       7692       1.11       0.58     6932.30    12702.66     7692   
29166400.00    2646       4842       7488       1854       5658       7512       7512       1.12       0.58     6722.55    12912.41     7512   
