 Timestep    Gas_A      Gas_B     Gas_tot    Dense_A    Dense_B   Dense_tot   Lg_clust  DP_density GP_density Clust_area  Gas_area     MCS    
   0.00       3000      12000      15000        0          0          0          6         0.00       0.76       0.00     19634.96      0     
 83333.00     3000      12000      15000        0          0          0         357        0.00       0.76       0.00     19634.96      0     
166666.00     3000      12000      15000        0          0          0         687        0.00       0.76       0.00     19634.96      0     
249999.00     2798      11049      13847       202        951        1153       1153       0.95       0.75     1218.30    18416.66     1153   
333332.00     3000      12000      15000        0          0          0         878        0.00       0.76       0.00     19634.96      0     
416665.00     2790      11121      13911       210        879        1089       1089       1.01       0.75     1080.59    18554.37     1089   
499998.00     2488       9320      11808       512        2680       3192       1940       1.02       0.72     3142.81    16492.15     1596   
583331.00     2661      10298      12959       339        1702       2041       2041       1.02       0.73     1996.89    17638.06     2041   
666664.00     2658      10416      13074       342        1584       1926       1926       1.02       0.74     1891.78    17743.18     1926   
749997.00     2128       7500       9628       872        4500       5372       1742       1.04       0.67     5185.43    14449.52     1343   
833330.00     1910       6396       8306       1090       5604       6694       1831       1.05       0.63     6367.57    13267.38     1673   
916663.00     1968       6711       8679       1032       5289       6321       1951       1.06       0.64     5970.92    13664.03     1580   
999996.00     1746       5370       7116       1254       6630       7884       4860       1.07       0.58     7365.05    12269.91     2628   
1083329.00    1563       4423       5986       1437       7577       9014       5737       1.07       0.53     8412.14    11222.81     3004   
1166662.00    1566       4301       5867       1434       7699       9133       5674       1.07       0.53     8499.05    11135.91     3044   
1249995.00    1485       4028       5513       1515       7972       9487       5715       1.07       0.51     8900.07    10734.89     3162   
1333328.00    1574       4271       5845       1426       7729       9155       2848       1.07       0.53     8517.86    11117.10     2288   
1416661.00    1606       4277       5883       1394       7723       9117       2855       1.08       0.53     8480.32    11154.63     2279   
1499994.00    1581       4293       5874       1419       7707       9126       3360       1.08       0.53     8479.35    11155.60     3042   
1583327.00    1592       4028       5620       1408       7972       9380       3459       1.07       0.52     8772.09    10862.87     3126   
1666660.00    1666       4268       5934       1334       7732       9066       3045       1.07       0.53     8470.64    11164.31     2266   
1749993.00    1666       4261       5927       1334       7739       9073       3160       1.07       0.53     8454.63    11180.33     2268   
1833326.00    1710       4220       5930       1290       7780       9070       6130       1.07       0.53     8477.28    11157.67     3023   
1916659.00    1759       4797       6556       1241       7203       8444       6406       1.07       0.56     7889.67    11745.29     4222   
1999992.00    1784       4932       6716       1216       7068       8284       6341       1.08       0.56     7695.42    11939.54     4142   
2083325.00    1798       4965       6763       1202       7035       8237       5853       1.08       0.56     7636.47    11998.49     4118   
2166658.00    1775       4845       6620       1225       7155       8380       5918       1.08       0.56     7764.17    11870.79     4190   
2249991.00    1766       4884       6650       1234       7116       8350       8350       1.09       0.56     7684.41    11950.54     8350   
2333324.00    1741       4652       6393       1259       7348       8607       8607       1.08       0.55     7943.84    11691.11     8607   
2416657.00    1726       4555       6281       1274       7445       8719       6304       1.08       0.54     8038.52    11596.43     4359   
2499990.00    1692       4336       6028       1308       7664       8972       8972       1.08       0.53     8339.49    11295.46     8972   
2583323.00    1632       4056       5688       1368       7944       9312       6770       1.08       0.52     8649.85    10985.11     4656   
2666656.00    1772       4464       6236       1228       7536       8764       6475       1.09       0.54     8070.44    11564.51     4382   
2749989.00    1717       4471       6188       1283       7529       8812       6731       1.09       0.54     8084.27    11550.69     4406   
2833322.00    1684       4216       5900       1316       7784       9100       6983       1.09       0.52     8363.40    11271.56     4550   
2916655.00    1635       4045       5680       1365       7955       9320       7100       1.08       0.52     8606.78    11028.17     4660   
2999988.00    1638       3928       5566       1362       8072       9434       7237       1.08       0.51     8715.07    10919.89     4717   
3083321.00    1628       3900       5528       1372       8100       9472       9472       1.08       0.51     8740.81    10894.15     9472   
3166654.00    1692       4252       5944       1308       7748       9056       7233       1.09       0.53     8328.07    11306.89     4528   
3249987.00    1710       4264       5974       1290       7736       9026       7302       1.09       0.53     8280.78    11354.17     4513   
3333320.00    1693       4309       6002       1307       7691       8998       7203       1.09       0.53     8264.91    11370.05     4499   
3416653.00    1699       4159       5858       1301       7841       9142       5144       1.09       0.52     8362.90    11272.05     3047   
3499986.00    1740       4264       6004       1260       7736       8996       5148       1.09       0.53     8233.40    11401.56     2998   
3583319.00    1703       4102       5805       1297       7898       9195       5296       1.08       0.52     8502.72    11132.23     3065   
3666652.00    1682       4297       5979       1318       7703       9021       5664       1.08       0.53     8361.67    11273.29     3007   
3749985.00    1650       3997       5647       1350       8003       9353       7156       1.07       0.52     8742.37    10892.58     4676   
3833318.00    1699       4307       6006       1301       7693       8994       6836       1.08       0.53     8338.32    11296.64     4497   
3916651.00    1637       4143       5780       1363       7857       9220       6915       1.08       0.52     8531.25    11103.71     4610   
3999984.00    1681       4223       5904       1319       7777       9096       7021       1.08       0.53     8390.99    11243.96     4548   
4083317.00    1742       4468       6210       1258       7532       8790       6975       1.09       0.54     8083.71    11551.25     4395   
4166650.00    1705       4352       6057       1295       7648       8943       7101       1.07       0.54     8319.39    11315.57     4471   
4249983.00    1727       4594       6321       1273       7406       8679       6974       1.08       0.55     8057.77    11577.18     4339   
4333316.00    1733       4517       6250       1267       7483       8750       6856       1.08       0.54     8073.86    11561.09     4375   
4416649.00    1744       4497       6241       1256       7503       8759       6950       1.09       0.54     8046.39    11588.56     4379   
4499982.00    1735       4483       6218       1265       7517       8782       6919       1.08       0.54     8133.37    11501.59     4391   
4583315.00    1740       4486       6226       1260       7514       8774       6869       1.09       0.54     8074.96    11560.00     4387   
4666648.00    1761       4591       6352       1239       7409       8648       6807       1.09       0.54     7963.17    11671.78     4324   
4749981.00    1773       4646       6419       1227       7354       8581       6730       1.08       0.55     7917.66    11717.30     4290   
4833314.00    1771       4676       6447       1229       7324       8553       6815       1.08       0.55     7895.07    11739.89     4276   
4916647.00    1745       4584       6329       1255       7416       8671       8671       1.08       0.55     8051.68    11583.28     8671   
4999980.00    1766       4648       6414       1234       7352       8586       8586       1.08       0.55     7928.28    11706.67     8586   
5083313.00    1751       4611       6362       1249       7389       8638       8638       1.08       0.55     7968.63    11666.33     8638   
5166646.00    1786       4696       6482       1214       7304       8518       8518       1.08       0.55     7852.18    11782.78     8518   
5249979.00    1762       4743       6505       1238       7257       8495       6663       1.09       0.55     7810.47    11824.48     4247   
5333312.00    1737       4640       6377       1263       7360       8623       8623       1.09       0.54     7929.70    11705.26     8623   
5416645.00    1733       4536       6269       1267       7464       8731       8731       1.09       0.54     8010.29    11624.67     8731   
5499978.00    1728       4471       6199       1272       7529       8801       8801       1.09       0.54     8078.13    11556.83     8801   
5583311.00    1724       4679       6403       1276       7321       8597       8597       1.09       0.55     7910.09    11724.86     8597   
5666644.00    1675       4458       6133       1325       7542       8867       8867       1.08       0.54     8183.52    11451.43     8867   
5749977.00    1705       4423       6128       1295       7577       8872       8872       1.09       0.53     8152.80    11482.15     8872   
5833310.00    1672       4264       5936       1328       7736       9064       9064       1.09       0.53     8333.61    11301.34     9064   
5916643.00    1689       4313       6002       1311       7687       8998       8998       1.09       0.53     8266.56    11368.40     8998   
5999976.00    1694       4407       6101       1306       7593       8899       8899       1.09       0.53     8198.32    11436.63     8899   
6083309.00    1697       4504       6201       1303       7496       8799       8799       1.09       0.54     8099.12    11535.84     8799   
6166642.00    1635       4255       5890       1365       7745       9110       9110       1.09       0.52     8359.20    11275.76     9110   
6249975.00    1771       4877       6648       1229       7123       8352       8352       1.10       0.55     7613.61    12021.34     8352   
6333308.00    1656       4123       5779       1344       7877       9221       9221       1.10       0.51     8405.78    11229.17     9221   
6416641.00    1633       3977       5610       1367       8023       9390       9390       1.09       0.51     8587.85    11047.11     9390   
6499974.00    1668       4019       5687       1332       7981       9313       9313       1.10       0.51     8497.94    11137.02     9313   
6583307.00    1699       4243       5942       1301       7757       9058       9058       1.10       0.52     8214.69    11420.26     9058   
6666640.00    1649       4082       5731       1351       7918       9269       9269       1.11       0.51     8348.92    11286.04     9269   
6749973.00    1593       3820       5413       1407       8180       9587       9587       1.12       0.49     8586.82    11048.14     9587   
6833306.00    1566       3646       5212       1434       8354       9788       9788       1.10       0.48     8875.33    10759.62     9788   
6916639.00    1614       3789       5403       1386       8211       9597       9597       1.11       0.49     8681.34    10953.62     9597   
6999972.00    1560       3678       5238       1440       8322       9762       9762       1.11       0.48     8817.36    10817.59     9762   
7083305.00    1584       3653       5237       1416       8347       9763       9763       1.10       0.48     8835.78    10799.17     9763   
7166638.00    1557       3533       5090       1443       8467       9910       9910       1.11       0.48     8948.67    10686.28     9910   
7249971.00    1520       3497       5017       1480       8503       9983       9983       1.11       0.47     9024.06    10610.89     9983   
7333304.00    1606       3697       5303       1394       8303       9697       9697       1.11       0.49     8758.39    10876.57     9697   
7416637.00    1565       3624       5189       1435       8376       9811       9811       1.10       0.48     8901.19    10733.76     9811   
7499970.00    1651       3980       5631       1349       8020       9369       9369       1.10       0.51     8554.68    11080.28     9369   
7583303.00    1651       3882       5533       1349       8118       9467       9467       1.09       0.50     8668.21    10966.75     9467   
7666636.00    1665       3936       5601       1335       8064       9399       9399       1.09       0.51     8590.59    11044.36     9399   
7749969.00    1622       3944       5566       1378       8056       9434       9434       1.10       0.50     8587.65    11047.30     9434   
7833302.00    1596       3778       5374       1404       8222       9626       9626       1.09       0.50     8831.45    10803.51     9626   
7916635.00    1647       3946       5593       1353       8054       9407       9407       1.09       0.51     8612.39    11022.56     9407   
7999968.00    1674       3919       5593       1326       8081       9407       9407       1.09       0.51     8640.65    10994.31     9407   
8083301.00    1670       3953       5623       1330       8047       9377       9377       1.09       0.51     8567.42    11067.53     9377   
8166634.00    1760       4246       6006       1240       7754       8994       8994       1.09       0.53     8250.32    11384.64     8994   
8249967.00    1751       4249       6000       1249       7751       9000       9000       1.08       0.53     8310.22    11324.74     9000   
8333300.00    1719       4164       5883       1281       7836       9117       9117       1.08       0.53     8445.92    11189.03     9117   
8416633.00    1727       4122       5849       1273       7878       9151       9151       1.09       0.52     8430.23    11204.73     9151   
8499966.00    1663       4030       5693       1337       7970       9307       9307       1.08       0.52     8601.78    11033.18     9307   
8583299.00    1602       3876       5478       1398       8124       9522       9522       1.07       0.51     8860.99    10773.97     9522   
8666632.00    1731       4119       5850       1269       7881       9150       7827       1.08       0.52     8491.02    11143.93     4575   
8749965.00    1771       4177       5948       1229       7823       9052       9052       1.07       0.53     8436.09    11198.87     9052   
8833298.00    1770       4281       6051       1230       7719       8949       7686       1.07       0.54     8371.06    11263.89     4474   
8916631.00    1745       4246       5991       1255       7754       9009       7741       1.07       0.53     8436.04    11198.92     4504   
8999964.00    1712       4259       5971       1288       7741       9029       7941       1.07       0.53     8408.20    11226.76     4514   
9083297.00    1712       4280       5992       1288       7720       9008       9008       1.08       0.53     8328.00    11306.95     9008   
9166630.00    1781       4727       6508       1219       7273       8492       8492       1.08       0.55     7864.37    11770.59     8492   
9249963.00    1802       4767       6569       1198       7233       8431       8431       1.09       0.55     7736.61    11898.35     8431   
9333296.00    1825       4902       6727       1175       7098       8273       8273       1.09       0.56     7589.58    12045.38     8273   
9416629.00    1861       5159       7020       1139       6841       7980       7980       1.10       0.57     7266.13    12368.82     7980   
9499962.00    1852       5003       6855       1148       6997       8145       8145       1.09       0.56     7467.14    12167.82     8145   
9583295.00    1853       4957       6810       1147       7043       8190       8190       1.09       0.56     7521.46    12113.49     8190   
9666628.00    1794       4425       6219       1206       7575       8781       8781       1.09       0.54     8075.41    11559.54     8781   
9749961.00    1771       4214       5985       1229       7786       9015       9015       1.09       0.53     8302.27    11332.69     9015   
9833294.00    1821       4378       6199       1179       7622       8801       8801       1.09       0.54     8065.51    11569.45     8801   
9916627.00    1754       4247       6001       1246       7753       8999       8999       1.09       0.53     8249.73    11385.22     8999   
9999960.00    1860       4848       6708       1140       7152       8292       8292       1.10       0.55     7518.07    12116.88     8292   
10083293.00    1812       4517       6329       1188       7483       8671       8671       1.10       0.54     7916.51    11718.45     8671   
10166626.00    1817       4428       6245       1183       7572       8755       8755       1.10       0.54     7974.94    11660.01     8755   
10249959.00    1803       4332       6135       1197       7668       8865       8865       1.09       0.53     8127.28    11507.67     8865   
10333292.00    1848       4443       6291       1152       7557       8709       8709       1.10       0.54     7902.41    11732.55     8709   
10416625.00    1824       4414       6238       1176       7586       8762       8762       1.10       0.53     7937.68    11697.27     8762   
10499958.00    1873       4564       6437       1127       7436       8563       8563       1.11       0.54     7699.23    11935.73     8563   
10583291.00    1874       4572       6446       1126       7428       8554       8554       1.12       0.54     7667.53    11967.43     8554   
10666624.00    1832       4275       6107       1168       7725       8893       8893       1.11       0.53     8033.02    11601.93     8893   
10749957.00    1859       4336       6195       1141       7664       8805       8805       1.10       0.53     8005.12    11629.83     8805   
10833290.00    1901       4482       6383       1099       7518       8617       8617       1.10       0.54     7849.39    11785.57     8617   
10916623.00    1862       4499       6361       1138       7501       8639       8639       1.10       0.54     7842.73    11792.23     8639   
10999956.00    1862       4437       6299       1138       7563       8701       8701       1.10       0.54     7916.90    11718.06     8701   
11083289.00    1796       4123       5919       1204       7877       9081       9081       1.10       0.52     8269.91    11365.05     9081   
11166622.00    1890       4502       6392       1110       7498       8608       8608       1.09       0.54     7881.52    11753.43     8608   
11249955.00    1798       4239       6037       1202       7761       8963       8963       1.10       0.53     8162.77    11472.19     8963   
11333288.00    1837       4278       6115       1163       7722       8885       8885       1.10       0.53     8048.60    11586.36     8885   
11416621.00    1780       4098       5878       1220       7902       9122       9122       1.10       0.52     8270.74    11364.22     9122   
11499954.00    1800       4101       5901       1200       7899       9099       9099       1.10       0.52     8272.66    11362.29     9099   
11583287.00    1761       3932       5693       1239       8068       9307       9307       1.10       0.51     8476.96    11158.00     9307   
11666620.00    1810       3998       5808       1190       8002       9192       9192       1.09       0.52     8446.01    11188.95     9192   
11749953.00    1830       4207       6037       1170       7793       8963       8963       1.09       0.53     8212.44    11422.52     8963   
11833286.00    1848       4231       6079       1152       7769       8921       8921       1.09       0.53     8168.95    11466.00     8921   
11916619.00    1853       4200       6053       1147       7800       8947       8947       1.09       0.53     8179.73    11455.22     8947   
11999952.00    1808       4123       5931       1192       7877       9069       9069       1.09       0.52     8289.47    11345.49     9069   
12083285.00    1856       4301       6157       1144       7699       8843       8843       1.10       0.53     8048.51    11586.45     8843   
12166618.00    1829       4354       6183       1171       7646       8817       8817       1.10       0.53     7992.00    11642.95     8817   
12249951.00    1862       4581       6443       1138       7419       8557       8557       1.10       0.54     7746.12    11888.83     8557   
12333284.00    1977       5258       7235       1023       6742       7765       7765       1.11       0.57     7003.42    12631.54     7765   
12416617.00    1945       5219       7164       1055       6781       7836       7836       1.11       0.57     7090.57    12544.39     7836   
12499950.00    1949       5270       7219       1051       6730       7781       7781       1.11       0.57     7013.93    12621.03     7781   
12583283.00    1949       5186       7135       1051       6814       7865       7865       1.11       0.57     7079.25    12555.70     7865   
12666616.00    1993       5405       7398       1007       6595       7602       7602       1.12       0.58     6809.19    12825.77     7602   
12749949.00    1939       5144       7083       1061       6856       7917       7917       1.11       0.57     7112.90    12522.05     7917   
12833282.00    1917       5088       7005       1083       6912       7995       7995       1.10       0.56     7236.11    12398.85     7995   
12916615.00    1949       5178       7127       1051       6822       7873       7873       1.11       0.57     7114.15    12520.81     7873   
12999948.00    1982       5264       7246       1018       6736       7754       7754       1.11       0.57     6982.42    12652.53     7754   
13083281.00    1935       5102       7037       1065       6898       7963       7963       1.11       0.57     7180.84    12454.12     7963   
13166614.00    1895       4956       6851       1105       7044       8149       8149       1.10       0.56     7396.51    12238.44     8149   
13249947.00    1929       4958       6887       1071       7042       8113       8113       1.10       0.56     7364.48    12270.48     8113   
13333280.00    1866       4686       6552       1134       7314       8448       8448       1.09       0.55     7769.73    11865.22     8448   
13416613.00    1957       5130       7087       1043       6870       7913       7913       1.09       0.57     7245.90    12389.06     7913   
13499946.00    1877       4706       6583       1123       7294       8417       8417       1.08       0.56     7787.32    11847.64     8417   
13583279.00    2014       5617       7631       986        6383       7369       7369       1.09       0.59     6730.03    12904.93     7369   
13666612.00    1833       4829       6662       1167       7171       8338       7317       1.09       0.56     7682.08    11952.87     4169   
13749945.00    2008       5503       7511       992        6497       7489       7489       1.09       0.59     6845.59    12789.36     7489   
13833278.00    2022       5549       7571       978        6451       7429       7429       1.10       0.59     6772.08    12862.87     7429   
13916611.00    2003       5470       7473       997        6530       7527       7527       1.10       0.58     6833.01    12801.95     7527   
13999944.00    1943       5364       7307       1057       6636       7693       7693       1.11       0.57     6923.33    12711.63     7693   
14083277.00    1929       5291       7220       1071       6709       7780       7780       1.12       0.57     6943.88    12691.08     7780   
14166610.00    1902       5050       6952       1098       6950       8048       8048       1.12       0.56     7176.22    12458.73     8048   
14249943.00    1853       4888       6741       1147       7112       8259       8259       1.12       0.55     7388.96    12245.99     8259   
14333276.00    1777       4514       6291       1223       7486       8709       8709       1.12       0.53     7805.63    11829.33     8709   
14416609.00    1702       4225       5927       1298       7775       9073       9073       1.11       0.52     8176.14    11458.82     9073   
14499942.00    1655       4076       5731       1345       7924       9269       9269       1.10       0.51     8431.54    11203.41     9269   
14583275.00    1663       4065       5728       1337       7935       9272       9272       1.10       0.51     8436.37    11198.59     9272   
14666608.00    1663       4003       5666       1337       7997       9334       9334       1.10       0.51     8521.37    11113.58     9334   
14749941.00    1698       4302       6000       1302       7698       9000       9000       1.10       0.52     8167.89    11467.06     9000   
14833274.00    1685       4313       5998       1315       7687       9002       9002       1.10       0.52     8187.21    11447.75     9002   
14916607.00    1701       4224       5925       1299       7776       9075       9075       1.10       0.52     8273.12    11361.83     9075   
14999940.00    1697       4378       6075       1303       7622       8925       8925       1.11       0.53     8075.58    11559.37     8925   
15083273.00    1674       4146       5820       1326       7854       9180       9180       1.10       0.52     8375.21    11259.74     9180   
15166606.00    1702       4362       6064       1298       7638       8936       8936       1.11       0.52     8077.78    11557.17     8936   
15249939.00    1669       4227       5896       1331       7773       9104       9104       1.10       0.52     8244.95    11390.01     9104   
15333272.00    1730       4341       6071       1270       7659       8929       8929       1.11       0.52     8067.45    11567.51     8929   
15416605.00    1700       4127       5827       1300       7873       9173       9173       1.10       0.52     8328.05    11306.91     9173   
15499938.00    1691       4134       5825       1309       7866       9175       9175       1.10       0.52     8328.38    11306.57     9175   
15583271.00    1670       4024       5694       1330       7976       9306       9306       1.10       0.51     8468.94    11166.02     9306   
15666604.00    1702       4074       5776       1298       7926       9224       9224       1.10       0.51     8362.74    11272.22     9224   
15749937.00    1665       3836       5501       1335       8164       9499       9499       1.10       0.50     8612.52    11022.43     9499   
15833270.00    1642       3718       5360       1358       8282       9640       9640       1.10       0.49     8784.71    10850.24     9640   
15916603.00    1667       3894       5561       1333       8106       9439       9439       1.10       0.50     8571.09    11063.87     9439   
15999936.00    1692       3960       5652       1308       8040       9348       9348       1.10       0.51     8497.16    11137.80     9348   
16083269.00    1714       3846       5560       1286       8154       9440       9440       1.09       0.51     8644.39    10990.57     9440   
16166602.00    1773       4060       5833       1227       7940       9167       9167       1.10       0.52     8351.68    11283.28     9167   
16249935.00    1748       4048       5796       1252       7952       9204       9204       1.09       0.52     8416.19    11218.77     9204   
16333268.00    1778       4044       5822       1222       7956       9178       9178       1.10       0.52     8343.97    11290.99     9178   
16416601.00    1754       4064       5818       1246       7936       9182       9182       1.09       0.52     8436.72    11198.24     9182   
16499934.00    1770       4121       5891       1230       7879       9109       9109       1.09       0.52     8368.22    11266.74     9109   
16583267.00    1778       4203       5981       1222       7797       9019       9019       1.09       0.53     8287.12    11347.84     9019   
16666600.00    1774       4239       6013       1226       7761       8987       8987       1.10       0.53     8189.04    11445.92     8987   
16749933.00    1785       4139       5924       1215       7861       9076       9076       1.10       0.52     8275.15    11359.81     9076   
16833266.00    1787       4195       5982       1213       7805       9018       9018       1.10       0.52     8226.31    11408.64     9018   
16916599.00    1822       4424       6246       1178       7576       8754       8754       1.10       0.53     7956.93    11678.03     8754   
16999932.00    1685       4009       5694       1315       7991       9306       9306       1.10       0.51     8465.92    11169.03     9306   
17083265.00    1729       4186       5915       1271       7814       9085       9085       1.11       0.52     8193.03    11441.93     9085   
17166598.00    1649       4000       5649       1351       8000       9351       9351       1.09       0.51     8552.94    11082.01     9351   
17249931.00    1624       4021       5645       1376       7979       9355       9355       1.10       0.51     8497.89    11137.07     9355   
17333264.00    1643       3947       5590       1357       8053       9410       9410       1.11       0.50     8474.25    11160.71     9410   
17416597.00    1628       3954       5582       1372       8046       9418       9418       1.12       0.50     8435.03    11199.93     9418   
17499930.00    1580       3746       5326       1420       8254       9674       9674       1.11       0.49     8698.26    10936.70     9674   
17583263.00    1633       3896       5529       1367       8104       9471       9471       1.12       0.49     8421.60    11213.35     9471   
17666596.00    1591       3636       5227       1409       8364       9773       9773       1.12       0.48     8742.63    10892.32     9773   
17749929.00    1605       3667       5272       1395       8333       9728       9728       1.13       0.48     8618.60    11016.35     9728   
17833262.00    1561       3500       5061       1439       8500       9939       9939       1.12       0.47     8841.64    10793.32     9939   
17916595.00    1544       3466       5010       1456       8534       9990       9990       1.12       0.47     8910.91    10724.04     9990   
17999928.00    1580       3553       5133       1420       8447       9867       9867       1.12       0.48     8843.17    10791.78     9867   
18083261.00    1574       3521       5095       1426       8479       9905       9905       1.11       0.48     8949.95    10685.00     9905   
18166594.00    1551       3396       4947       1449       8604      10053      10053       1.10       0.47     9158.19    10476.77    10053   
18249927.00    1641       3683       5324       1359       8317       9676       9676       1.10       0.49     8813.75    10821.20     9676   
18333260.00    1557       3536       5093       1443       8464       9907       9907       1.10       0.48     9011.21    10623.75     9907   
18416593.00    1577       3551       5128       1423       8449       9872       9872       1.11       0.48     8905.14    10729.82     9872   
18499926.00    1593       3635       5228       1407       8365       9772       9772       1.10       0.49     8881.42    10753.53     9772   
18583259.00    1586       3652       5238       1414       8348       9762       9762       1.10       0.49     8840.36    10794.59     9762   
18666592.00    1655       3802       5457       1345       8198       9543       9543       1.11       0.50     8628.09    11006.86     9543   
18749925.00    1633       3714       5347       1367       8286       9653       9653       1.10       0.49     8742.11    10892.84     9653   
18833258.00    1597       3671       5268       1403       8329       9732       9732       1.10       0.49     8845.42    10789.53     9732   
18916591.00    1583       3633       5216       1417       8367       9784       6235       1.11       0.48     8824.03    10810.92     4892   
18999924.00    1626       3744       5370       1374       8256       9630       6074       1.11       0.49     8696.26    10938.70     4815   
19083257.00    1620       3722       5342       1380       8278       9658       9658       1.11       0.49     8727.26    10907.69     9658   
19166590.00    1637       3866       5503       1363       8134       9497       9497       1.11       0.50     8546.51    11088.45     9497   
19249923.00    1564       3672       5236       1436       8328       9764       9764       1.10       0.49     8850.55    10784.40     9764   
19333256.00    1606       3814       5420       1394       8186       9580       9580       1.10       0.50     8712.93    10922.03     9580   
19416589.00    1620       3763       5383       1380       8237       9617       9617       1.10       0.49     8746.88    10888.08     9617   
19499922.00    1593       3687       5280       1407       8313       9720       9720       1.10       0.49     8806.05    10828.90     9720   
19583255.00    1588       3664       5252       1412       8336       9748       9748       1.10       0.49     8877.65    10757.31     9748   
19666588.00    1672       3917       5589       1328       8083       9411       9411       1.10       0.50     8561.06    11073.89     9411   
19749921.00    1586       3805       5391       1414       8195       9609       9609       1.09       0.50     8833.86    10801.10     9609   
19833254.00    1595       3898       5493       1405       8102       9507       9507       1.09       0.50     8710.48    10924.48     9507   
19916587.00    1674       3978       5652       1326       8022       9348       9348       1.09       0.51     8599.54    11035.41     9348   
19999920.00    1594       3868       5462       1406       8132       9538       9538       1.08       0.50     8802.22    10832.73     9538   
20083253.00    1613       3976       5589       1387       8024       9411       9411       1.08       0.51     8681.70    10953.25     9411   
20166586.00    1571       3939       5510       1429       8061       9490       9490       1.08       0.51     8757.40    10877.55     9490   
20249919.00    1603       3976       5579       1397       8024       9421       9421       1.08       0.51     8693.45    10941.51     9421   
20333252.00    1753       4370       6123       1247       7630       8877       8877       1.09       0.53     8151.73    11483.23     8877   
20416585.00    1707       4313       6020       1293       7687       8980       8980       1.09       0.53     8237.02    11397.94     8980   
20499918.00    1717       4242       5959       1283       7758       9041       9041       1.09       0.53     8289.12    11345.83     9041   
20583251.00    1639       3950       5589       1361       8050       9411       9411       1.09       0.51     8613.38    11021.57     9411   
20666584.00    1598       4101       5699       1402       7899       9301       9301       1.10       0.51     8489.89    11145.06     9301   
20749917.00    1588       4132       5720       1412       7868       9280       9280       1.10       0.51     8468.19    11166.77     9280   
20833250.00    1632       4192       5824       1368       7808       9176       9176       1.09       0.52     8417.81    11217.15     9176   
20916583.00    1628       4109       5737       1372       7891       9263       9263       1.09       0.51     8470.71    11164.25     9263   
20999916.00    1584       3993       5577       1416       8007       9423       9423       1.09       0.51     8666.48    10968.48     9423   
21083249.00    1525       3895       5420       1475       8105       9580       9580       1.09       0.50     8760.07    10874.89     9580   
21166582.00    1544       3811       5355       1456       8189       9645       9645       1.10       0.49     8778.43    10856.53     9645   
21249915.00    1562       3922       5484       1438       8078       9516       9516       1.09       0.50     8699.98    10934.98     9516   
21333248.00    1563       3985       5548       1437       8015       9452       9452       1.10       0.50     8570.18    11064.78     9452   
21416581.00    1553       4020       5573       1447       7980       9427       9427       1.10       0.50     8574.42    11060.54     9427   
21499914.00    1584       3860       5444       1416       8140       9556       9556       1.10       0.50     8701.91    10933.05     9556   
21583247.00    1565       3784       5349       1435       8216       9651       9651       1.10       0.49     8772.83    10862.13     9651   
21666580.00    1570       3780       5350       1430       8220       9650       9650       1.10       0.49     8742.06    10892.90     9650   
21749913.00    1610       3843       5453       1390       8157       9547       9547       1.10       0.50     8676.07    10958.89     9547   
21833246.00    1653       3866       5519       1347       8134       9481       9481       1.10       0.50     8615.31    11019.65     9481   
21916579.00    1661       3998       5659       1339       8002       9341       9341       1.10       0.51     8488.73    11146.23     9341   
21999912.00    1632       4002       5634       1368       7998       9366       9366       1.10       0.51     8510.68    11124.28     9366   
22083245.00    1632       4040       5672       1368       7960       9328       9328       1.10       0.51     8455.74    11179.22     9328   
22166578.00    1624       3982       5606       1376       8018       9394       9394       1.10       0.50     8511.70    11123.26     9394   
22249911.00    1600       3813       5413       1400       8187       9587       9587       1.10       0.50     8719.87    10915.09     9587   
22333244.00    1580       3853       5433       1420       8147       9567       9567       1.10       0.50     8681.58    10953.37     9567   
22416577.00    1554       3764       5318       1446       8236       9682       9682       1.11       0.49     8750.22    10884.73     9682   
22499910.00    1603       3752       5355       1397       8248       9645       9645       1.11       0.49     8705.31    10929.64     9645   
22583243.00    1602       3811       5413       1398       8189       9587       9587       1.11       0.49     8632.99    11001.97     9587   
22666576.00    1630       3822       5452       1370       8178       9548       9548       1.10       0.50     8648.54    10986.41     9548   
22749909.00    1594       3787       5381       1406       8213       9619       9619       1.10       0.50     8772.69    10862.27     9619   
22833242.00    1605       3737       5342       1395       8263       9658       9658       1.10       0.49     8815.81    10819.14     9658   
22916575.00    1596       4020       5616       1404       7980       9384       9384       1.10       0.51     8525.99    11108.97     9384   
22999908.00    1644       4060       5704       1356       7940       9296       9296       1.11       0.51     8397.89    11237.07     9296   
23083241.00    1546       3756       5302       1454       8244       9698       9698       1.10       0.49     8830.04    10804.92     9698   
23166574.00    1638       3937       5575       1362       8063       9425       9425       1.10       0.50     8536.71    11098.24     9425   
23249907.00    1654       3919       5573       1346       8081       9427       9427       1.10       0.50     8534.76    11100.20     9427   
23333240.00    1615       3795       5410       1385       8205       9590       9590       1.10       0.49     8694.15    10940.81     9590   
23416573.00    1541       3596       5137       1459       8404       9863       9863       1.09       0.48     9037.69    10597.27     9863   
23499906.00    1549       3540       5089       1451       8460       9911       9911       1.09       0.48     9070.39    10564.57     9911   
23583239.00    1586       3578       5164       1414       8422       9836       9836       1.10       0.48     8961.53    10673.42     9836   
23666572.00    1583       3507       5090       1417       8493       9910       9910       1.09       0.48     9094.49    10540.47     9910   
23749905.00    1580       3527       5107       1420       8473       9893       9893       1.09       0.48     9075.95    10559.00     9893   
23833238.00    1583       3640       5223       1417       8360       9777       9777       1.08       0.49     9035.56    10599.39     9777   
23916571.00    1627       3845       5472       1373       8155       9528       9528       1.09       0.50     8764.98    10869.97     9528   
23999904.00    1621       3845       5466       1379       8155       9534       9534       1.09       0.50     8760.23    10874.73     9534   
24083237.00    1664       3970       5634       1336       8030       9366       9366       1.09       0.51     8617.80    11017.16     9366   
24166570.00    1705       4027       5732       1295       7973       9268       9268       1.09       0.51     8479.75    11155.20     9268   
24249903.00    1665       3927       5592       1335       8073       9408       9408       1.09       0.51     8598.36    11036.60     9408   
24333236.00    1674       4017       5691       1326       7983       9309       9309       1.10       0.51     8486.15    11148.81     9309   
24416569.00    1685       4052       5737       1315       7948       9263       9263       1.09       0.51     8491.36    11143.59     9263   
24499902.00    1704       4174       5878       1296       7826       9122       9122       1.10       0.52     8276.56    11358.39     9122   
24583235.00    1715       4084       5799       1285       7916       9201       9201       1.10       0.51     8330.75    11304.21     9201   
24666568.00    1725       4141       5866       1275       7859       9134       9134       1.10       0.52     8295.91    11339.05     9134   
24749901.00    1705       4113       5818       1295       7887       9182       9182       1.10       0.51     8331.27    11303.68     9182   
24833234.00    1674       3984       5658       1326       8016       9342       9342       1.10       0.51     8521.49    11113.47     9342   
24916567.00    1666       4116       5782       1334       7884       9218       9218       1.09       0.52     8426.57    11208.38     9218   
24999900.00    1684       4247       5931       1316       7753       9069       9069       1.10       0.52     8245.85    11389.10     9069   
25083233.00    1698       4138       5836       1302       7862       9164       9164       1.11       0.51     8261.67    11373.28     9164   
25166566.00    1690       4066       5756       1310       7934       9244       9244       1.11       0.51     8312.66    11322.29     9244   
25249899.00    1701       4089       5790       1299       7911       9210       9210       1.12       0.51     8223.82    11411.13     9210   
25333232.00    1647       3882       5529       1353       8118       9471       9471       1.12       0.49     8435.16    11199.79     9471   
25416565.00    1630       3758       5388       1370       8242       9612       9612       1.11       0.49     8657.09    10977.86     9612   
25499898.00    1625       3779       5404       1375       8221       9596       9596       1.10       0.50     8728.43    10906.52     9596   
25583231.00    1606       3792       5398       1394       8208       9602       9602       1.09       0.50     8775.89    10859.07     9602   
25666564.00    1639       3864       5503       1361       8136       9497       9497       1.10       0.50     8618.90    11016.05     9497   
25749897.00    1684       4072       5756       1316       7928       9244       9244       1.10       0.51     8417.28    11217.68     9244   
25833230.00    1591       3911       5502       1409       8089       9498       9498       1.10       0.50     8660.24    10974.71     9498   
25916563.00    1627       3961       5588       1373       8039       9412       9412       1.10       0.51     8571.70    11063.26     9412   
25999896.00    1619       3884       5503       1381       8116       9497       9497       1.10       0.50     8641.33    10993.63     9497   
26083229.00    1607       3804       5411       1393       8196       9589       9589       1.10       0.50     8755.77    10879.18     9589   
26166562.00    1644       3863       5507       1356       8137       9493       9493       1.09       0.50     8677.82    10957.14     9493   
26249895.00    1669       3975       5644       1331       8025       9356       9356       1.10       0.51     8490.31    11144.65     9356   
26333228.00    1766       4377       6143       1234       7623       8857       8857       1.11       0.53     7943.65    11691.30     8857   
26416561.00    1745       4195       5940       1255       7805       9060       9060       1.12       0.52     8123.16    11511.79     9060   
26499894.00    1755       4209       5964       1245       7791       9036       9036       1.12       0.52     8055.89    11579.07     9036   
26583227.00    1749       4283       6032       1251       7717       8968       8968       1.12       0.52     7972.91    11662.04     8968   
26666560.00    1716       4302       6018       1284       7698       8982       8982       1.13       0.52     7975.85    11659.11     8982   
26749893.00    1712       4168       5880       1288       7832       9120       9120       1.12       0.51     8122.44    11512.52     9120   
26833226.00    1682       4064       5746       1318       7936       9254       9254       1.12       0.50     8233.77    11401.18     9254   
26916559.00    1686       3970       5656       1314       8030       9344       9344       1.13       0.50     8267.46    11367.49     9344   
26999892.00    1721       4014       5735       1279       7986       9265       9265       1.13       0.50     8164.50    11470.46     9265   
27083225.00    1683       3922       5605       1317       8078       9395       9395       1.12       0.50     8390.56    11244.39     9395   
27166558.00    1666       4028       5694       1334       7972       9306       9306       1.11       0.51     8394.01    11240.95     9306   
27249891.00    1725       4208       5933       1275       7792       9067       9067       1.11       0.52     8148.04    11486.91     9067   
27333224.00    1664       3953       5617       1336       8047       9383       9383       1.11       0.50     8438.48    11196.47     9383   
27416557.00    1688       4036       5724       1312       7964       9276       9276       1.11       0.51     8375.92    11259.03     9276   
27499890.00    1709       4259       5968       1291       7741       9032       9032       1.12       0.52     8091.00    11543.95     9032   
27583223.00    1677       4069       5746       1323       7931       9254       9254       1.12       0.51     8273.64    11361.31     9254   
27666556.00    1668       4182       5850       1332       7818       9150       9150       1.12       0.51     8189.20    11445.75     9150   
27749889.00    1695       4083       5778       1305       7917       9222       9222       1.12       0.51     8266.74    11368.21     9222   
27833222.00    1705       4102       5807       1295       7898       9193       9193       1.12       0.51     8244.20    11390.76     9193   
27916555.00    1734       4141       5875       1266       7859       9125       9125       1.12       0.51     8157.35    11477.61     9125   
27999888.00    1715       4074       5789       1285       7926       9211       9211       1.12       0.51     8228.93    11406.03     9211   
28083221.00    1672       4162       5834       1328       7838       9166       9166       1.11       0.51     8226.59    11408.36     9166   
28166554.00    1672       4012       5684       1328       7988       9316       9316       1.11       0.50     8364.29    11270.67     9316   
28249887.00    1673       3949       5622       1327       8051       9378       9378       1.12       0.50     8391.69    11243.27     9378   
28333220.00    1654       3869       5523       1346       8131       9477       9477       1.12       0.50     8487.96    11146.99     9477   
28416553.00    1647       3867       5514       1353       8133       9486       9486       1.11       0.50     8551.16    11083.80     9486   
28499886.00    1726       4037       5763       1274       7963       9237       9237       1.11       0.51     8288.28    11346.68     9237   
28583219.00    1734       4075       5809       1266       7925       9191       9191       1.12       0.51     8204.18    11430.78     9191   
28666552.00    1644       3963       5607       1356       8037       9393       9393       1.12       0.50     8396.15    11238.80     9393   
28749885.00    1627       3919       5546       1373       8081       9454       9454       1.11       0.50     8483.99    11150.97     9454   
28833218.00    1625       3994       5619       1375       8006       9381       9381       1.12       0.50     8386.52    11248.43     9381   
28916551.00    1639       4049       5688       1361       7951       9312       9312       1.13       0.50     8273.73    11361.22     9312   
28999884.00    1582       3818       5400       1418       8182       9600       9600       1.12       0.49     8559.42    11075.53     9600   
29083217.00    1633       3807       5440       1367       8193       9560       9560       1.12       0.49     8519.45    11115.50     9560   
29166550.00    1629       3718       5347       1371       8282       9653       9653       1.11       0.49     8659.47    10975.48     9653   
29249883.00    1625       3718       5343       1375       8282       9657       9657       1.12       0.49     8622.67    11012.28     9657   
29333216.00    1655       3748       5403       1345       8252       9597       9597       1.12       0.49     8532.65    11102.31     9597   
29416549.00    1623       3689       5312       1377       8311       9688       9688       1.12       0.48     8621.08    11013.88     9688   
29499882.00    1607       3634       5241       1393       8366       9759       9759       1.12       0.48     8751.86    10883.10     9759   
29583215.00    1609       3563       5172       1391       8437       9828       9828       1.11       0.48     8836.43    10798.53     9828   
29666548.00    1588       3373       4961       1412       8627      10039      10039       1.11       0.47     9040.26    10594.70    10039   
29749881.00    1633       3494       5127       1367       8506       9873       9873       1.11       0.48     8909.87    10725.08     9873   
29833214.00    1668       3614       5282       1332       8386       9718       9718       1.12       0.48     8671.81    10963.14     9718   
29916547.00    1649       3796       5445       1351       8204       9555       9555       1.12       0.49     8559.44    11075.52     9555   
29999880.00    1636       3687       5323       1364       8313       9677       9677       1.11       0.49     8692.18    10942.78     9677   
30083213.00    1696       3834       5530       1304       8166       9470       9470       1.12       0.49     8462.44    11172.51     9470   
30166546.00    1651       3805       5456       1349       8195       9544       9544       1.13       0.49     8471.03    11163.93     9544   
30249879.00    1649       3702       5351       1351       8298       9649       9649       1.13       0.48     8558.32    11076.64     9649   
30333212.00    1656       3780       5436       1344       8220       9564       9564       1.13       0.49     8432.97    11201.98     9564   
30416545.00    1655       3767       5422       1345       8233       9578       9578       1.13       0.48     8448.15    11186.81     9578   
30499878.00    1681       3797       5478       1319       8203       9522       9522       1.14       0.49     8361.54    11273.42     9522   
30583211.00    1683       3738       5421       1317       8262       9579       9579       1.13       0.48     8442.29    11192.66     9579   
30666544.00    1647       3667       5314       1353       8333       9686       9686       1.13       0.48     8566.50    11068.45     9686   
30749877.00    1665       3670       5335       1335       8330       9665       9665       1.14       0.48     8508.48    11126.47     9665   
30833210.00    1685       3659       5344       1315       8341       9656       9656       1.13       0.48     8527.88    11107.08     9656   
30916543.00    1697       3672       5369       1303       8328       9631       9631       1.13       0.48     8535.58    11099.37     9631   
30999876.00    1672       3679       5351       1328       8321       9649       9649       1.13       0.48     8571.52    11063.43     9649   
31083209.00    1692       3697       5389       1308       8303       9611       9611       1.13       0.48     8510.32    11124.64     9611   
31166542.00    1669       3682       5351       1331       8318       9649       9649       1.13       0.48     8555.01    11079.94     9649   
31249875.00    1707       3791       5498       1293       8209       9502       9502       1.13       0.49     8445.68    11189.28     9502   
31333208.00    1657       3654       5311       1343       8346       9689       9689       1.12       0.48     8653.64    10981.32     9689   
31416541.00    1701       3677       5378       1299       8323       9622       9622       1.12       0.49     8579.16    11055.79     9622   
31499874.00    1726       3751       5477       1274       8249       9523       9523       1.12       0.49     8505.87    11129.09     9523   
31583207.00    1679       3831       5510       1321       8169       9490       9490       1.11       0.50     8546.32    11088.63     9490   
31666540.00    1702       4003       5705       1298       7997       9295       9295       1.12       0.50     8300.54    11334.41     9295   
31749873.00    1710       4007       5717       1290       7993       9283       9283       1.12       0.50     8266.10    11368.86     9283   
31833206.00    1710       3894       5604       1290       8106       9396       9396       1.13       0.50     8348.00    11286.95     9396   
31916539.00    1690       3834       5524       1310       8166       9476       9476       1.14       0.49     8329.31    11305.65     9476   
31999872.00    1671       3820       5491       1329       8180       9509       9509       1.13       0.49     8398.39    11236.57     9509   
32083205.00    1661       3733       5394       1339       8267       9606       9606       1.12       0.49     8542.36    11092.60     9606   
32166538.00    1670       3751       5421       1330       8249       9579       9579       1.12       0.49     8585.14    11049.82     9579   
32249871.00    1642       3582       5224       1358       8418       9776       9776       1.12       0.48     8731.79    10903.16     9776   
32333204.00    1641       3645       5286       1359       8355       9714       9714       1.12       0.48     8688.10    10946.86     9714   
32416537.00    1625       3556       5181       1375       8444       9819       9819       1.11       0.48     8815.41    10819.54     9819   
32499870.00    1625       3475       5100       1375       8525       9900       9900       1.11       0.48     8905.43    10729.52     9900   
32583203.00    1637       3568       5205       1363       8432       9795       9795       1.12       0.48     8723.21    10911.75     9795   
32666536.00    1629       3519       5148       1371       8481       9852       9852       1.12       0.47     8795.25    10839.71     9852   
32749869.00    1636       3392       5028       1364       8608       9972       9972       1.11       0.47     8980.47    10654.48     9972   
32833202.00    1644       3436       5080       1356       8564       9920       9920       1.11       0.47     8918.31    10716.65     9920   
32916535.00    1732       4078       5810       1268       7922       9190       9190       1.12       0.51     8219.67    11415.29     9190   
32999868.00    1675       3816       5491       1325       8184       9509       9509       1.11       0.50     8591.27    11043.68     9509   
33083201.00    1749       4344       6093       1251       7656       8907       8907       1.12       0.52     7926.87    11708.09     8907   
33166534.00    1725       4278       6003       1275       7722       8997       8997       1.12       0.52     7998.55    11636.40     8997   
33249867.00    1740       4250       5990       1260       7750       9010       9010       1.12       0.52     8030.60    11604.35     9010   
33333200.00    1749       4188       5937       1251       7812       9063       9063       1.13       0.51     8030.26    11604.70     9063   
