 Timestep    Gas_A      Gas_B     Gas_tot    Dense_A    Dense_B   Dense_tot   Lg_clust  DP_density GP_density Clust_area  Gas_area     MCS    
   0.00       9000       6000      15000        0          0          0          6         0.00       0.76       0.00     19634.96      0     
 93750.00     9000       6000      15000        0          0          0         196        0.00       0.76       0.00     19634.96      0     
187500.00     9000       6000      15000        0          0          0         273        0.00       0.76       0.00     19634.96      0     
281250.00     9000       6000      15000        0          0          0         406        0.00       0.76       0.00     19634.96      0     
375000.00     9000       6000      15000        0          0          0         528        0.00       0.76       0.00     19634.96      0     
468750.00     9000       6000      15000        0          0          0         861        0.00       0.76       0.00     19634.96      0     
562500.00     9000       6000      15000        0          0          0         830        0.00       0.76       0.00     19634.96      0     
656250.00     9000       6000      15000        0          0          0         914        0.00       0.76       0.00     19634.96      0     
750000.00     7206       4507      11713       1794       1493       3287       1204       1.01       0.72     3258.21    16376.74     1095   
843750.00     7797       4989      12786       1203       1011       2214       1139       1.03       0.73     2152.86    17482.10     1107   
937500.00     7782       4925      12707       1218       1075       2293       1231       1.03       0.73     2219.78    17415.18     1146   
1031250.00    7880       4940      12820       1120       1060       2180       1162       1.02       0.73     2129.52    17505.44     1090   
1125000.00    7758       4839      12597       1242       1161       2403       1225       1.03       0.73     2328.92    17306.04     1201   
1218750.00    7975       4959      12934       1025       1041       2066       1045       1.05       0.73     1976.46    17658.50     1033   
1312500.00    8325       5382      13707       675        618        1293       1293       1.01       0.75     1281.82    18353.14     1293   
1406250.00    8386       5435      13821       614        565        1179       1179       1.00       0.75     1175.37    18459.58     1179   
1500000.00    9000       6000      15000        0          0          0         850        0.00       0.76       0.00     19634.96      0     
1593750.00    9000       6000      15000        0          0          0         999        0.00       0.76       0.00     19634.96      0     
1687500.00    8441       5489      13930       559        511        1070       1070       1.04       0.75     1025.42    18609.54     1070   
1781250.00    9000       6000      15000        0          0          0         884        0.00       0.76       0.00     19634.96      0     
1875000.00    9000       6000      15000        0          0          0         691        0.00       0.76       0.00     19634.96      0     
1968750.00    9000       6000      15000        0          0          0         615        0.00       0.76       0.00     19634.96      0     
2062500.00    9000       6000      15000        0          0          0         819        0.00       0.76       0.00     19634.96      0     
2156250.00    9000       6000      15000        0          0          0         896        0.00       0.76       0.00     19634.96      0     
2250000.00    9000       6000      15000        0          0          0         723        0.00       0.76       0.00     19634.96      0     
2343750.00    8461       5476      13937       539        524        1063       1063       1.00       0.75     1063.96    18570.99     1063   
2437500.00    9000       6000      15000        0          0          0         485        0.00       0.76       0.00     19634.96      0     
2531250.00    8341       5442      13783       659        558        1217       1217       1.01       0.75     1207.20    18427.76     1217   
2625000.00    9000       6000      15000        0          0          0         591        0.00       0.76       0.00     19634.96      0     
2718750.00    9000       6000      15000        0          0          0         604        0.00       0.76       0.00     19634.96      0     
2812500.00    9000       6000      15000        0          0          0         524        0.00       0.76       0.00     19634.96      0     
2906250.00    8418       5428      13846       582        572        1154       1154       1.00       0.75     1157.33    18477.63     1154   
3000000.00    7980       5169      13149       1020       831        1851       1851       1.01       0.74     1825.67    17809.28     1851   
3093750.00    7436       4615      12051       1564       1385       2949       2949       1.03       0.72     2868.20    16766.76     2949   
3187500.00    7350       4483      11833       1650       1517       3167       2133       1.01       0.72     3122.24    16512.71     1583   
3281250.00    7867       4948      12815       1133       1052       2185       2185       1.03       0.73     2115.11    17519.85     2185   
3375000.00    8023       5109      13132       977        891        1868       1868       1.04       0.74     1798.75    17836.21     1868   
3468750.00    8369       5392      13761       631        608        1239       1239       1.05       0.75     1183.63    18451.32     1239   
3562500.00    8431       5528      13959       569        472        1041       1041       1.02       0.75     1019.92    18615.04     1041   
3656250.00    8411       5517      13928       589        483        1072       1072       1.03       0.75     1045.44    18589.52     1072   
3750000.00    7536       4659      12195       1464       1341       2805       1772       1.02       0.72     2750.48    16884.47     1402   
3843750.00    7805       4920      12725       1195       1080       2275       1174       1.04       0.73     2192.50    17442.45     1137   
3937500.00    7133       4265      11398       1867       1735       3602       2313       1.03       0.71     3481.49    16153.46     1801   
4031250.00    7049       4210      11259       1951       1790       3741       2368       1.04       0.70     3588.19    16046.77     1870   
4125000.00    7605       4699      12304       1395       1301       2696       1376       1.05       0.72     2561.29    17073.67     1348   
4218750.00    7033       4193      11226       1967       1807       3774       2460       1.04       0.70     3635.14    15999.81     1887   
4312500.00    7063       4218      11281       1937       1782       3719       2506       1.03       0.70     3600.99    16033.97     1859   
4406250.00    7344       4511      11855       1656       1489       3145       2024       1.04       0.71     3033.31    16601.64     1572   
4500000.00    6703       3944      10647       2297       2056       4353       3222       1.03       0.69     4223.53    15411.43     2176   
4593750.00    6626       3808      10434       2374       2192       4566       1695       1.02       0.69     4471.98    15162.98     1522   
4687500.00    7199       4389      11588       1801       1611       3412       1855       1.01       0.71     3383.87    16251.08     1706   
4781250.00    7421       4643      12064       1579       1357       2936       1589       1.01       0.72     2903.88    16731.08     1468   
4875000.00    6726       3916      10642       2274       2084       4358       1814       1.02       0.69     4286.47    15348.48     1452   
4968750.00    7807       4781      12588       1193       1219       2412       1242       1.01       0.73     2394.45    17240.51     1206   
5062500.00    7027       4083      11110       1973       1917       3890       1667       1.02       0.70     3829.24    15805.71     1296   
5156250.00    7741       4778      12519       1259       1222       2481       1273       1.02       0.73     2428.80    17206.15     1240   
5250000.00    7784       4834      12618       1216       1166       2382       1236       1.02       0.73     2334.45    17300.51     1191   
5343750.00    8499       5447      13946       501        553        1054       1054       1.03       0.75     1018.44    18616.51     1054   
5437500.00    8040       5102      13142       960        898        1858       1858       1.02       0.74     1828.83    17806.13     1858   
5531250.00    7585       4635      12220       1415       1365       2780       1746       1.03       0.72     2701.86    16933.10     1390   
5625000.00    7721       4792      12513       1279       1208       2487       2487       1.02       0.73     2433.50    17201.46     2487   
5718750.00    7809       4874      12683       1191       1126       2317       2317       1.03       0.73     2260.07    17374.88     2317   
5812500.00    8172       5186      13358       828        814        1642       1642       1.04       0.74     1583.93    18051.03     1642   
5906250.00    8317       5352      13669       683        648        1331       1331       1.06       0.74     1258.78    18376.17     1331   
6000000.00    8299       5350      13649       701        650        1351       1351       1.05       0.74     1281.42    18353.54     1351   
6093750.00    8226       5257      13483       774        743        1517       1517       1.05       0.74     1450.34    18184.61     1517   
6187500.00    7074       4238      11312       1926       1762       3688       3688       1.02       0.71     3598.35    16036.60     3688   
6281250.00    8384       5401      13785       616        599        1215       1215       1.06       0.75     1150.93    18484.03     1215   
6375000.00    7512       4633      12145       1488       1367       2855       1535       1.04       0.72     2751.72    16883.24     1427   
6468750.00    7585       4614      12199       1415       1386       2801       1492       1.04       0.72     2687.66    16947.30     1400   
6562500.00    7506       4632      12138       1494       1368       2862       1761       1.05       0.72     2736.88    16898.08     1431   
6656250.00    7376       4457      11833       1624       1543       3167       1792       1.04       0.71     3032.49    16602.47     1583   
6750000.00    7361       4410      11771       1639       1590       3229       1790       1.05       0.71     3084.31    16550.65     1614   
6843750.00    6848       4077      10925       2152       1923       4075       2262       1.02       0.70     4007.69    15627.26     2037   
6937500.00    7018       4276      11294       1982       1724       3706       2359       1.03       0.70     3607.91    16027.05     1853   
7031250.00    6986       4232      11218       2014       1768       3782       2715       1.03       0.70     3655.72    15979.23     1891   
7125000.00    7161       4336      11497       1839       1664       3503       2456       1.04       0.71     3378.02    16256.93     1751   
7218750.00    7043       4203      11246       1957       1797       3754       1281       1.02       0.71     3684.74    15950.21     1251   
7312500.00    7864       5034      12898       1136       966        2102       2102       1.04       0.73     2022.75    17612.21     2102   
7406250.00    7048       4207      11255       1952       1793       3745       2732       1.02       0.71     3670.63    15964.33     1872   
7500000.00    8293       5410      13703       707        590        1297       1297       1.03       0.75     1254.82    18380.14     1297   
7593750.00    7978       5057      13035       1022       943        1965       1965       1.02       0.74     1922.00    17712.95     1965   
7687500.00    7256       4430      11686       1744       1570       3314       2089       1.03       0.71     3214.22    16420.74     1657   
7781250.00    7420       4647      12067       1580       1353       2933       1766       1.05       0.72     2800.76    16834.19     1466   
7875000.00    6717       4033      10750       2283       1967       4250       2780       1.03       0.69     4144.41    15490.54     2125   
7968750.00    6901       4099      11000       2099       1901       4000       2705       1.04       0.70     3840.47    15794.49     2000   
8062500.00    7126       4315      11441       1874       1685       3559       2518       1.06       0.70     3354.01    16280.95     1779   
8156250.00    7033       4231      11264       1967       1769       3736       2709       1.04       0.70     3578.64    16056.32     1868   
8250000.00    7190       4300      11490       1810       1700       3510       2489       1.04       0.71     3375.30    16259.66     1755   
8343750.00    7696       4861      12557       1304       1139       2443       2443       1.04       0.73     2340.12    17294.83     2443   
8437500.00    6767       4011      10778       2233       1989       4222       1925       1.04       0.69     4070.37    15564.59     1407   
8531250.00    7356       4561      11917       1644       1439       3083       2009       1.05       0.71     2934.91    16700.04     1541   
8625000.00    7311       4531      11842       1689       1469       3158       2110       1.05       0.71     3009.63    16625.32     1579   
8718750.00    7449       4595      12044       1551       1405       2956       1942       1.05       0.72     2806.49    16828.47     1478   
8812500.00    7245       4382      11627       1755       1618       3373       2278       1.05       0.71     3215.66    16419.30     1686   
8906250.00    6780       3964      10744       2220       2036       4256       1943       1.05       0.69     4041.36    15593.60     1418   
9000000.00    6708       3877      10585       2292       2123       4415       2140       1.04       0.69     4230.41    15404.54     1471   
9093750.00    7726       4866      12592       1274       1134       2408       2408       1.05       0.73     2287.94    17347.01     2408   
9187500.00    6945       4171      11116       2055       1829       3884       2426       1.06       0.70     3677.69    15957.26     1942   
9281250.00    6995       4122      11117       2005       1878       3883       2425       1.05       0.70     3689.80    15945.16     1941   
9375000.00    6966       4138      11104       2034       1862       3896       2366       1.05       0.70     3721.54    15913.42     1948   
9468750.00    7063       4186      11249       1937       1814       3751       2300       1.05       0.70     3587.13    16047.83     1875   
9562500.00    7195       4331      11526       1805       1669       3474       2326       1.05       0.71     3317.47    16317.49     1737   
9656250.00    7279       4354      11633       1721       1646       3367       2065       1.03       0.71     3253.33    16381.62     1683   
9750000.00    7285       4337      11622       1715       1663       3378       2060       1.04       0.71     3242.02    16392.93     1689   
9843750.00    7461       4515      11976       1539       1485       3024       1667       1.05       0.72     2890.93    16744.03     1512   
9937500.00    7593       4517      12110       1407       1483       2890       1657       1.03       0.72     2805.69    16829.26     1445   
10031250.00    8286       5335      13621       714        665        1379       1379       1.03       0.74     1338.51    18296.45     1379   
10125000.00    7944       5056      13000       1056       944        2000       2000       1.02       0.74     1954.92    17680.04     2000   
10218750.00    8153       5226      13379       847        774        1621       1621       1.03       0.74     1566.94    18068.01     1621   
10312500.00    8040       5160      13200       960        840        1800       1800       1.03       0.74     1746.82    17888.14     1800   
10406250.00    8059       5199      13258       941        801        1742       1742       1.03       0.74     1686.66    17948.30     1742   
10500000.00    8007       5112      13119       993        888        1881       1881       1.04       0.74     1807.66    17827.30     1881   
10593750.00    8005       5076      13081       995        924        1919       1919       1.04       0.74     1844.45    17790.50     1919   
10687500.00    7961       5158      13119       1039       842        1881       1881       1.05       0.74     1793.80    17841.16     1881   
10781250.00    7566       4751      12317       1434       1249       2683       2683       1.03       0.72     2603.70    17031.26     2683   
10875000.00    7656       4839      12495       1344       1161       2505       2505       1.05       0.72     2388.05    17246.91     2505   
10968750.00    7423       4657      12080       1577       1343       2920       2920       1.04       0.72     2795.50    16839.45     2920   
11062500.00    7397       4638      12035       1603       1362       2965       2965       1.06       0.72     2806.83    16828.12     2965   
11156250.00    7127       4426      11553       1873       1574       3447       3447       1.03       0.71     3336.24    16298.72     3447   
11250000.00    6960       4250      11210       2040       1750       3790       3790       1.03       0.70     3682.31    15952.65     3790   
11343750.00    7563       4738      12301       1437       1262       2699       2699       1.03       0.72     2617.01    17017.95     2699   
11437500.00    7253       4493      11746       1747       1507       3254       3254       1.03       0.71     3154.57    16480.38     3254   
11531250.00    7202       4474      11676       1798       1526       3324       3324       1.04       0.71     3188.19    16446.77     3324   
11625000.00    7306       4540      11846       1694       1460       3154       3154       1.05       0.71     3001.72    16633.23     3154   
11718750.00    7273       4441      11714       1727       1559       3286       3286       1.04       0.71     3168.48    16466.48     3286   
11812500.00    7368       4537      11905       1632       1463       3095       3095       1.04       0.71     2979.44    16655.51     3095   
11906250.00    7364       4523      11887       1636       1477       3113       3113       1.04       0.71     2998.75    16636.20     3113   
12000000.00    7433       4572      12005       1567       1428       2995       2995       1.04       0.72     2876.30    16758.66     2995   
12093750.00    7064       4229      11293       1936       1771       3707       3707       1.05       0.70     3527.35    16107.61     3707   
12187500.00    6740       3932      10672       2260       2068       4328       4328       1.05       0.69     4134.13    15500.82     4328   
12281250.00    6812       3924      10736       2188       2076       4264       4264       1.06       0.69     4040.38    15594.58     4264   
12375000.00    6669       3842      10511       2331       2158       4489       4489       1.04       0.69     4297.60    15337.35     4489   
12468750.00    6670       3932      10602       2330       2068       4398       4398       1.03       0.69     4256.17    15378.79     4398   
12562500.00    7216       4372      11588       1784       1628       3412       3412       1.05       0.71     3251.74    16383.22     3412   
12656250.00    6712       3940      10652       2288       2060       4348       2523       1.04       0.69     4177.15    15457.81     2174   
12750000.00    6818       4014      10832       2182       1986       4168       4168       1.03       0.69     4032.14    15602.82     4168   
12843750.00    6809       4023      10832       2191       1977       4168       4168       1.03       0.70     4061.97    15572.99     4168   
12937500.00    7856       4875      12731       1144       1125       2269       1207       1.04       0.73     2173.26    17461.70     1134   
13031250.00    7417       4483      11900       1583       1517       3100       3100       1.04       0.71     2985.55    16649.41     3100   
13125000.00    7731       4795      12526       1269       1205       2474       2474       1.05       0.72     2351.97    17282.98     2474   
13218750.00    6823       4049      10872       2177       1951       4128       3059       1.03       0.69     3991.17    15643.78     2064   
13312500.00    6753       3953      10706       2247       2047       4294       3261       1.04       0.69     4130.29    15504.67     2147   
13406250.00    7338       4432      11770       1662       1568       3230       3230       1.04       0.71     3119.25    16515.70     3230   
13500000.00    7154       4358      11512       1846       1642       3488       2475       1.04       0.71     3338.79    16296.17     1744   
13593750.00    7600       4704      12304       1400       1296       2696       2696       1.05       0.72     2557.50    17077.45     2696   
13687500.00    7069       4277      11346       1931       1723       3654       2476       1.05       0.70     3495.87    16139.08     1827   
13781250.00    6985       4174      11159       2015       1826       3841       3841       1.06       0.70     3626.95    16008.00     3841   
13875000.00    6807       4119      10926       2193       1881       4074       3052       1.06       0.69     3853.18    15781.78     2037   
13968750.00    6794       4091      10885       2206       1909       4115       4115       1.06       0.69     3897.53    15737.42     4115   
14062500.00    7703       4804      12507       1297       1196       2493       2493       1.08       0.72     2305.73    17329.23     2493   
14156250.00    6898       4197      11095       2102       1803       3905       3905       1.06       0.70     3697.81    15937.15     3905   
14250000.00    6969       4247      11216       2031       1753       3784       3784       1.06       0.70     3554.36    16080.60     3784   
14343750.00    6681       4006      10687       2319       1994       4313       4313       1.06       0.69     4052.79    15582.17     4313   
14437500.00    6647       3985      10632       2353       2015       4368       4368       1.07       0.68     4096.58    15538.37     4368   
14531250.00    6668       3968      10636       2332       2032       4364       4364       1.07       0.68     4070.97    15563.98     4364   
14625000.00    6752       3946      10698       2248       2054       4302       4302       1.06       0.69     4052.63    15582.33     4302   
14718750.00    6937       4131      11068       2063       1869       3932       3932       1.06       0.69     3695.14    15939.81     3932   
14812500.00    7000       4196      11196       2000       1804       3804       3804       1.07       0.70     3565.27    16069.69     3804   
14906250.00    6933       4110      11043       2067       1890       3957       3957       1.06       0.69     3724.51    15910.44     3957   
15000000.00    7272       4442      11714       1728       1558       3286       3286       1.08       0.71     3051.60    16583.35     3286   
15093750.00    6787       3978      10765       2213       2022       4235       4235       1.06       0.69     4009.95    15625.00     4235   
15187500.00    7259       4424      11683       1741       1576       3317       3317       1.07       0.71     3091.14    16543.81     3317   
15281250.00    7131       4269      11400       1869       1731       3600       3600       1.05       0.70     3422.67    16212.29     3600   
15375000.00    6727       3963      10690       2273       2037       4310       4310       1.04       0.69     4127.11    15507.85     4310   
15468750.00    6760       3930      10690       2240       2070       4310       3212       1.05       0.69     4085.82    15549.13     2155   
15562500.00    6860       3987      10847       2140       2013       4153       4153       1.06       0.69     3929.58    15705.37     4153   
15656250.00    6645       3803      10448       2355       2197       4552       4552       1.05       0.68     4331.21    15303.74     4552   
15750000.00    7170       4193      11363       1830       1807       3637       3637       1.07       0.70     3385.10    16249.85     3637   
15843750.00    7067       4153      11220       1933       1847       3780       3780       1.06       0.70     3555.74    16079.21     3780   
15937500.00    7040       4084      11124       1960       1916       3876       3876       1.06       0.70     3668.00    15966.96     3876   
16031250.00    7048       4114      11162       1952       1886       3838       3838       1.06       0.70     3615.10    16019.85     3838   
16125000.00    6945       4065      11010       2055       1935       3990       3990       1.05       0.70     3797.59    15837.37     3990   
16218750.00    6676       3800      10476       2324       2200       4524       3042       1.03       0.69     4391.74    15243.21     2262   
16312500.00    6658       3871      10529       2342       2129       4471       3183       1.03       0.69     4348.64    15286.31     2235   
16406250.00    6962       4143      11105       2038       1857       3895       2576       1.04       0.70     3737.41    15897.55     1947   
16500000.00    6945       4107      11052       2055       1893       3948       2475       1.05       0.70     3756.05    15878.91     1974   
16593750.00    6911       4068      10979       2089       1932       4021       2635       1.05       0.69     3835.49    15799.46     2010   
16687500.00    6915       4032      10947       2085       1968       4053       2766       1.06       0.69     3828.20    15806.75     2026   
16781250.00    6754       3920      10674       2246       2080       4326       2946       1.05       0.69     4113.53    15521.42     2163   
16875000.00    7517       4720      12237       1483       1280       2763       2763       1.05       0.72     2641.91    16993.05     2763   
16968750.00    7722       4809      12531       1278       1191       2469       2469       1.05       0.73     2352.13    17282.83     2469   
17062500.00    7681       4752      12433       1319       1248       2567       2567       1.05       0.72     2441.53    17193.43     2567   
17156250.00    7341       4334      11675       1659       1666       3325       2106       1.04       0.71     3184.44    16450.51     1662   
17250000.00    7361       4478      11839       1639       1522       3161       3161       1.05       0.71     3013.14    16621.82     3161   
17343750.00    7606       4672      12278       1394       1328       2722       2722       1.06       0.72     2556.37    17078.58     2722   
17437500.00    7345       4475      11820       1655       1525       3180       3180       1.04       0.71     3063.51    16571.45     3180   
17531250.00    7139       4215      11354       1861       1785       3646       2626       1.04       0.70     3508.99    16125.97     1823   
17625000.00    7041       4134      11175       1959       1866       3825       2680       1.03       0.70     3697.55    15937.40     1912   
17718750.00    7619       4700      12319       1381       1300       2681       2681       1.03       0.72     2591.98    17042.98     2681   
17812500.00    7341       4563      11904       1659       1437       3096       3096       1.04       0.71     2985.38    16649.58     3096   
17906250.00    7318       4461      11779       1682       1539       3221       3221       1.04       0.71     3086.79    16548.16     3221   
18000000.00    7319       4469      11788       1681       1531       3212       2156       1.05       0.71     3060.35    16574.60     1606   
18093750.00    7050       4263      11313       1950       1737       3687       2163       1.02       0.71     3597.43    16037.52     1843   
18187500.00    7020       4205      11225       1980       1795       3775       2361       1.03       0.70     3670.19    15964.76     1887   
18281250.00    6982       4177      11159       2018       1823       3841       2415       1.04       0.70     3709.43    15925.53     1920   
18375000.00    7702       4802      12504       1298       1198       2496       1267       1.05       0.72     2379.83    17255.12     1248   
18468750.00    8281       5345      13626       719        655        1374       1374       1.06       0.74     1295.83    18339.12     1374   
18562500.00    7263       4344      11607       1737       1656       3393       2384       1.05       0.71     3230.89    16404.06     1696   
18656250.00    7572       4625      12197       1428       1375       2803       2803       1.05       0.72     2679.38    16955.57     2803   
18750000.00    7016       4128      11144       1984       1872       3856       2546       1.03       0.70     3742.67    15892.28     1928   
18843750.00    6993       4142      11135       2007       1858       3865       2483       1.02       0.70     3792.27    15842.68     1932   
18937500.00    8107       5192      13299       893        808        1701       1701       1.04       0.74     1629.13    18005.82     1701   
19031250.00    7208       4368      11576       1792       1632       3424       1881       1.04       0.71     3301.02    16333.93     1712   
19125000.00    8248       5303      13551       752        697        1449       1449       1.06       0.74     1372.36    18262.60     1449   
19218750.00    7088       4205      11293       1912       1795       3707       2431       1.03       0.70     3607.85    16027.11     1853   
19312500.00    7422       4645      12067       1578       1355       2933       1631       1.01       0.72     2899.43    16735.53     1466   
19406250.00    7460       4688      12148       1540       1312       2852       1700       1.03       0.72     2770.25    16864.70     1426   
19500000.00    7246       4477      11723       1754       1523       3277       2036       1.03       0.71     3191.83    16443.12     1638   
19593750.00    7551       4766      12317       1449       1234       2683       2683       1.01       0.73     2656.74    16978.22     2683   
19687500.00    7395       4612      12007       1605       1388       2993       1937       1.02       0.72     2946.84    16688.11     1496   
19781250.00    7491       4634      12125       1509       1366       2875       1837       1.01       0.72     2837.85    16797.11     1437   
19875000.00    7718       4803      12521       1282       1197       2479       2479       1.04       0.73     2393.57    17241.39     2479   
19968750.00    7075       4216      11291       1925       1784       3709       1866       1.03       0.70     3605.49    16029.46     1854   
20062500.00    7052       4218      11270       1948       1782       3730       2593       1.03       0.70     3636.98    15997.98     1865   
20156250.00    6776       4019      10795       2224       1981       4205       4205       1.02       0.70     4123.07    15511.89     4205   
20250000.00    6729       4040      10769       2271       1960       4231       4231       1.03       0.69     4120.83    15514.13     4231   
20343750.00    6840       4105      10945       2160       1895       4055       4055       1.03       0.70     3921.58    15713.38     4055   
20437500.00    7087       4321      11408       1913       1679       3592       1978       1.04       0.71     3456.18    16178.78     1796   
20531250.00    6895       4170      11065       2105       1830       3935       3935       1.04       0.70     3786.91    15848.04     3935   
20625000.00    6935       4198      11133       2065       1802       3867       3867       1.05       0.70     3695.59    15939.36     3867   
20718750.00    6825       4195      11020       2175       1805       3980       2190       1.05       0.70     3784.93    15850.02     1990   
20812500.00    6848       4147      10995       2152       1853       4005       4005       1.05       0.69     3807.96    15827.00     4005   
20906250.00    6830       4140      10970       2170       1860       4030       4030       1.06       0.69     3812.31    15822.64     4030   
21000000.00    6846       4108      10954       2154       1892       4046       4046       1.06       0.69     3807.00    15827.95     4046   
21093750.00    6788       4053      10841       2212       1947       4159       4159       1.05       0.69     3960.54    15674.41     4159   
21187500.00    6657       3918      10575       2343       2082       4425       4425       1.05       0.69     4210.31    15424.65     4425   
21281250.00    6635       3935      10570       2365       2065       4430       4430       1.05       0.69     4213.85    15421.11     4430   
21375000.00    6612       3995      10607       2388       2005       4393       4393       1.04       0.69     4216.14    15418.82     4393   
21468750.00    6439       3781      10220       2561       2219       4780       4780       1.05       0.68     4563.73    15071.23     4780   
21562500.00    6573       3880      10453       2427       2120       4547       4547       1.05       0.68     4321.31    15313.65     4547   
21656250.00    6703       3989      10692       2297       2011       4308       4308       1.06       0.69     4071.07    15563.89     4308   
21750000.00    6885       4080      10965       2115       1920       4035       4035       1.07       0.69     3753.89    15881.06     4035   
21843750.00    6744       4009      10753       2256       1991       4247       4247       1.08       0.69     3950.18    15684.77     4247   
21937500.00    6553       3861      10414       2447       2139       4586       4586       1.07       0.68     4276.86    15358.09     4586   
22031250.00    6570       3808      10378       2430       2192       4622       4622       1.09       0.67     4248.01    15386.95     4622   
22125000.00    6461       3733      10194       2539       2267       4806       4806       1.09       0.67     4427.51    15207.44     4806   
22218750.00    6449       3688      10137       2551       2312       4863       4863       1.08       0.67     4496.00    15138.96     4863   
22312500.00    6526       3713      10239       2474       2287       4761       4761       1.08       0.67     4414.21    15220.75     4761   
22406250.00    6619       3831      10450       2381       2169       4550       4550       1.08       0.68     4194.08    15440.87     4550   
22500000.00    6579       3793      10372       2421       2207       4628       4628       1.07       0.68     4339.61    15295.35     4628   
22593750.00    6691       3886      10577       2309       2114       4423       4423       1.07       0.68     4140.16    15494.79     4423   
22687500.00    6579       3810      10389       2421       2190       4611       4611       1.07       0.68     4316.25    15318.71     4611   
22781250.00    6694       3898      10592       2306       2102       4408       4408       1.06       0.69     4173.39    15461.57     4408   
22875000.00    6629       3840      10469       2371       2160       4531       4531       1.06       0.68     4273.23    15361.73     4531   
22968750.00    6592       3855      10447       2408       2145       4553       4553       1.05       0.68     4331.99    15302.96     4553   
23062500.00    6647       3861      10508       2353       2139       4492       4492       1.06       0.68     4235.71    15399.25     4492   
23156250.00    6581       3856      10437       2419       2144       4563       4563       1.06       0.68     4317.84    15317.12     4563   
23250000.00    6545       3810      10355       2455       2190       4645       4645       1.06       0.68     4395.63    15239.33     4645   
23343750.00    6992       4148      11140       2008       1852       3860       3860       1.07       0.69     3602.03    16032.92     3860   
23437500.00    6846       4049      10895       2154       1951       4105       4105       1.08       0.69     3793.74    15841.22     4105   
23531250.00    6887       4057      10944       2113       1943       4056       4056       1.08       0.69     3752.44    15882.52     4056   
23625000.00    6866       4054      10920       2134       1946       4080       4080       1.08       0.69     3790.89    15844.07     4080   
23718750.00    6903       4064      10967       2097       1936       4033       4033       1.07       0.69     3756.58    15878.38     4033   
23812500.00    6354       3665      10019       2646       2335       4981       3942       1.06       0.67     4718.34    14916.61     2490   
23906250.00    6244       3582       9826       2756       2418       5174       4114       1.06       0.67     4883.23    14751.72     2587   
24000000.00    6754       3930      10684       2246       2070       4316       3150       1.07       0.68     4033.05    15601.90     2158   
24093750.00    6684       3816      10500       2316       2184       4500       3253       1.07       0.68     4198.39    15436.57     2250   
24187500.00    6622       3791      10413       2378       2209       4587       3179       1.06       0.68     4326.45    15308.50     2293   
24281250.00    6872       3974      10846       2128       2026       4154       3044       1.07       0.69     3894.77    15740.18     2077   
24375000.00    6663       3884      10547       2337       2116       4453       4453       1.06       0.68     4189.39    15445.57     4453   
24468750.00    6715       3904      10619       2285       2096       4381       4381       1.07       0.68     4110.80    15524.16     4381   
24562500.00    6697       3891      10588       2303       2109       4412       4412       1.07       0.68     4123.12    15511.84     4412   
24656250.00    6684       3867      10551       2316       2133       4449       4449       1.06       0.68     4183.70    15451.25     4449   
24750000.00    6632       3825      10457       2368       2175       4543       4543       1.06       0.68     4300.87    15334.08     4543   
24843750.00    7045       4198      11243       1955       1802       3757       3757       1.06       0.70     3553.03    16081.93     3757   
24937500.00    6782       3900      10682       2218       2100       4318       4318       1.06       0.69     4065.66    15569.29     4318   
25031250.00    6865       3972      10837       2135       2028       4163       4163       1.06       0.69     3909.83    15725.12     4163   
25125000.00    6958       4075      11033       2042       1925       3967       3967       1.07       0.69     3716.59    15918.36     3967   
25218750.00    7205       4221      11426       1795       1779       3574       3574       1.06       0.70     3368.04    16266.92     3574   
25312500.00    6926       3933      10859       2074       2067       4141       4141       1.06       0.69     3923.46    15711.49     4141   
25406250.00    7216       4316      11532       1784       1684       3468       3468       1.06       0.70     3265.23    16369.72     3468   
25500000.00    7257       4349      11606       1743       1651       3394       3394       1.06       0.71     3205.06    16429.90     3394   
25593750.00    7341       4468      11809       1659       1532       3191       3191       1.08       0.71     2965.33    16669.62     3191   
25687500.00    7149       4273      11422       1851       1727       3578       3578       1.06       0.70     3382.93    16252.03     3578   
25781250.00    7245       4315      11560       1755       1685       3440       3440       1.06       0.71     3239.63    16395.32     3440   
25875000.00    7243       4353      11596       1757       1647       3404       3404       1.07       0.70     3184.18    16450.78     3404   
25968750.00    7094       4234      11328       1906       1766       3672       3672       1.07       0.70     3425.95    16209.00     3672   
26062500.00    7124       4230      11354       1876       1770       3646       3646       1.08       0.70     3381.18    16253.77     3646   
26156250.00    7039       4178      11217       1961       1822       3783       3783       1.08       0.69     3494.09    16140.87     3783   
26250000.00    7055       4191      11246       1945       1809       3754       3754       1.08       0.70     3461.45    16173.51     3754   
26343750.00    6982       4087      11069       2018       1913       3931       3931       1.07       0.69     3670.38    15964.57     3931   
26437500.00    7071       4200      11271       1929       1800       3729       3729       1.08       0.70     3464.44    16170.51     3729   
26531250.00    6967       4106      11073       2033       1894       3927       3927       1.08       0.69     3646.88    15988.08     3927   
26625000.00    6872       4011      10883       2128       1989       4117       4117       1.07       0.69     3844.65    15790.30     4117   
26718750.00    6795       3883      10678       2205       2117       4322       4322       1.06       0.69     4058.93    15576.02     4322   
26812500.00    6602       3756      10358       2398       2244       4642       4642       1.06       0.68     4372.88    15262.07     4642   
26906250.00    6784       3873      10657       2216       2127       4343       4343       1.06       0.69     4111.15    15523.80     4343   
27000000.00    7024       4059      11083       1976       1941       3917       3917       1.06       0.70     3705.65    15929.30     3917   
27093750.00    6843       3941      10784       2157       2059       4216       4216       1.05       0.69     4024.29    15610.66     4216   
27187500.00    6608       3795      10403       2392       2205       4597       4597       1.05       0.68     4396.58    15238.38     4597   
27281250.00    6784       4046      10830       2216       1954       4170       4170       1.05       0.69     3968.44    15666.52     4170   
27375000.00    6694       3900      10594       2306       2100       4406       4406       1.06       0.69     4175.92    15459.04     4406   
27468750.00    6533       3756      10289       2467       2244       4711       4711       1.06       0.68     4445.89    15189.07     4711   
27562500.00    6461       3702      10163       2539       2298       4837       4837       1.06       0.67     4568.75    15066.21     4837   
27656250.00    6438       3709      10147       2562       2291       4853       4853       1.06       0.67     4566.85    15068.11     4853   
27750000.00    6318       3602       9920       2682       2398       5080       5080       1.06       0.67     4782.29    14852.66     5080   
27843750.00    6264       3597       9861       2736       2403       5139       5139       1.07       0.67     4819.08    14815.88     5139   
27937500.00    6406       3601      10007       2594       2399       4993       3474       1.07       0.67     4675.80    14959.16     2496   
28031250.00    6287       3493       9780       2713       2507       5220       5220       1.07       0.66     4886.17    14748.79     5220   
28125000.00    6106       3374       9480       2894       2626       5520       5520       1.05       0.66     5238.96    14396.00     5520   
28218750.00    6212       3439       9651       2788       2561       5349       3671       1.06       0.66     5059.74    14575.22     2674   
28312500.00    6366       3527       9893       2634       2473       5107       5107       1.07       0.67     4790.02    14844.94     5107   
28406250.00    6316       3534       9850       2684       2466       5150       5150       1.06       0.67     4837.86    14797.10     5150   
28500000.00    6368       3528       9896       2632       2472       5104       5104       1.07       0.67     4757.69    14877.27     5104   
28593750.00    6256       3444       9700       2744       2556       5300       5300       1.07       0.66     4931.39    14703.56     5300   
28687500.00    6135       3342       9477       2865       2658       5523       5523       1.07       0.65     5150.88    14484.07     5523   
28781250.00    6133       3329       9462       2867       2671       5538       5538       1.08       0.65     5148.13    14486.83     5538   
28875000.00    6152       3301       9453       2848       2699       5547       5547       1.08       0.65     5138.68    14496.27     5547   
28968750.00    6036       3221       9257       2964       2779       5743       5743       1.08       0.65     5310.09    14324.86     5743   
29062500.00    6633       3750      10383       2367       2250       4617       4617       1.09       0.67     4234.00    15400.95     4617   
29156250.00    6101       3262       9363       2899       2738       5637       5637       1.08       0.65     5241.66    14393.30     5637   
29250000.00    6213       3335       9548       2787       2665       5452       5452       1.07       0.66     5073.72    14561.23     5452   
29343750.00    6328       3438       9766       2672       2562       5234       5234       1.07       0.66     4896.57    14738.38     5234   
29437500.00    6379       3546       9925       2621       2454       5075       5075       1.06       0.67     4777.88    14857.08     5075   
29531250.00    6960       4071      11031       2040       1929       3969       3969       1.09       0.69     3652.50    15982.45     3969   
29625000.00    6945       4022      10967       2055       1978       4033       4033       1.09       0.69     3688.20    15946.76     4033   
29718750.00    6810       3794      10604       2190       2206       4396       4396       1.08       0.68     4078.69    15556.27     4396   
29812500.00    6866       3905      10771       2134       2095       4229       4229       1.08       0.68     3903.13    15731.83     4229   
29906250.00    6985       4094      11079       2015       1906       3921       3921       1.08       0.69     3624.12    16010.84     3921   
30000000.00    7072       4139      11211       1928       1861       3789       3789       1.09       0.69     3490.15    16144.81     3789   
30093750.00    7079       4123      11202       1921       1877       3798       3798       1.08       0.70     3525.40    16109.56     3798   
30187500.00    7138       4223      11361       1862       1777       3639       3639       1.08       0.70     3376.14    16258.81     3639   
30281250.00    7108       4187      11295       1892       1813       3705       3705       1.07       0.70     3451.15    16183.80     3705   
30375000.00    7025       4118      11143       1975       1882       3857       3857       1.08       0.69     3582.44    16052.51     3857   
30468750.00    7126       4248      11374       1874       1752       3626       3626       1.08       0.70     3372.22    16262.74     3626   
30562500.00    7160       4212      11372       1840       1788       3628       3628       1.07       0.70     3376.67    16258.29     3628   
30656250.00    7164       4206      11370       1836       1794       3630       3630       1.08       0.70     3345.75    16289.21     3630   
30750000.00    7172       4122      11294       1828       1878       3706       3706       1.09       0.70     3413.88    16221.08     3706   
30843750.00    7053       4057      11110       1947       1943       3890       3890       1.08       0.69     3612.03    16022.92     3890   
30937500.00    7050       4022      11072       1950       1978       3928       3928       1.08       0.69     3651.12    15983.84     3928   
31031250.00    7066       4038      11104       1934       1962       3896       3896       1.08       0.69     3599.67    16035.28     3896   
31125000.00    7103       4074      11177       1897       1926       3823       3823       1.07       0.70     3561.24    16073.72     3823   
31218750.00    6639       3763      10402       2361       2237       4598       4598       1.06       0.68     4330.49    15304.47     4598   
31312500.00    6665       3752      10417       2335       2248       4583       4583       1.07       0.68     4288.71    15346.24     4583   
31406250.00    6602       3784      10386       2398       2216       4614       4614       1.06       0.68     4336.66    15298.30     4614   
31500000.00    7026       4044      11070       1974       1956       3930       3930       1.06       0.70     3722.85    15912.11     3930   
31593750.00    6410       3524       9934       2590       2476       5066       5066       1.03       0.67     4900.40    14734.56     5066   
31687500.00    6967       4054      11021       2033       1946       3979       3979       1.04       0.70     3832.56    15802.40     3979   
31781250.00    7668       4736      12404       1332       1264       2596       2596       1.06       0.72     2452.55    17182.40     2596   
31875000.00    6627       3833      10460       2373       2167       4540       3289       1.03       0.69     4390.79    15244.16     2270   
31968750.00    6586       3830      10416       2414       2170       4584       3101       1.04       0.68     4402.00    15232.95     2292   
32062500.00    6990       4129      11119       2010       1871       3881       2792       1.06       0.70     3676.06    15958.89     1940   
32156250.00    6686       3858      10544       2314       2142       4456       3191       1.06       0.68     4202.53    15432.43     2228   
32250000.00    6819       3913      10732       2181       2087       4268       3129       1.05       0.69     4065.71    15569.25     2134   
32343750.00    7481       4552      12033       1519       1448       2967       2967       1.07       0.71     2783.64    16851.32     2967   
32437500.00    7540       4574      12114       1460       1426       2886       2886       1.05       0.72     2755.17    16879.78     2886   
32531250.00    7316       4424      11740       1684       1576       3260       3260       1.03       0.71     3167.20    16467.76     3260   
32625000.00    7457       4569      12026       1543       1431       2974       2974       1.04       0.72     2852.20    16782.75     2974   
32718750.00    7493       4610      12103       1507       1390       2897       2897       1.04       0.72     2788.35    16846.60     2897   
32812500.00    7529       4644      12173       1471       1356       2827       2827       1.04       0.72     2707.55    16927.41     2827   
32906250.00    7184       4453      11637       1816       1547       3363       3363       1.03       0.71     3258.44    16376.52     3363   
33000000.00    7247       4486      11733       1753       1514       3267       3267       1.04       0.71     3142.72    16492.24     3267   
33093750.00    7386       4656      12042       1614       1344       2958       2958       1.05       0.72     2825.28    16809.68     2958   
33187500.00    7389       4630      12019       1611       1370       2981       2981       1.05       0.72     2826.95    16808.00     2981   
33281250.00    7484       4741      12225       1516       1259       2775       2775       1.05       0.72     2640.53    16994.43     2775   
33375000.00    7288       4621      11909       1712       1379       3091       3091       1.04       0.71     2973.37    16661.58     3091   
33468750.00    7481       4699      12180       1519       1301       2820       2820       1.06       0.72     2672.39    16962.56     2820   
33562500.00    7167       4418      11585       1833       1582       3415       3415       1.06       0.71     3234.44    16400.52     3415   
33656250.00    6817       4037      10854       2183       1963       4146       4146       1.05       0.69     3933.01    15701.94     4146   
33750000.00    7076       4300      11376       1924       1700       3624       3624       1.07       0.70     3384.65    16250.31     3624   
33843750.00    6615       3809      10424       2385       2191       4576       4576       1.05       0.68     4342.69    15292.26     4576   
33937500.00    6724       3892      10616       2276       2108       4384       4384       1.06       0.69     4146.49    15488.47     4384   
34031250.00    6610       3778      10388       2390       2222       4612       4612       1.06       0.68     4352.83    15282.12     4612   
34125000.00    6704       3845      10549       2296       2155       4451       4451       1.06       0.68     4217.06    15417.90     4451   
34218750.00    6475       3711      10186       2525       2289       4814       4814       1.06       0.68     4548.28    15086.67     4814   
34312500.00    6333       3594       9927       2667       2406       5073       5073       1.06       0.67     4798.57    14836.38     5073   
34406250.00    6403       3625      10028       2597       2375       4972       4972       1.06       0.67     4680.69    14954.26     4972   
34500000.00    6399       3644      10043       2601       2356       4957       4957       1.06       0.67     4673.05    14961.90     4957   
34593750.00    6562       3667      10229       2438       2333       4771       4771       1.07       0.67     4454.11    15180.85     4771   
34687500.00    6757       3790      10547       2243       2210       4453       4453       1.06       0.68     4214.14    15420.82     4453   
34781250.00    6849       3999      10848       2151       2001       4152       4152       1.05       0.69     3939.21    15695.74     4152   
34875000.00    6250       3557       9807       2750       2443       5193       5193       1.05       0.67     4951.14    14683.82     5193   
34968750.00    6581       3788      10369       2419       2212       4631       4631       1.06       0.68     4384.14    15250.82     4631   
35062500.00    5999       3280       9279       3001       2720       5721       5721       1.04       0.66     5515.24    14119.72     5721   
35156250.00    6613       3791      10404       2387       2209       4596       3544       1.06       0.68     4329.13    15305.82     2298   
35250000.00    6201       3424       9625       2799       2576       5375       5375       1.06       0.66     5092.12    14542.84     5375   
35343750.00    6260       3414       9674       2740       2586       5326       5326       1.05       0.66     5069.14    14565.82     5326   
35437500.00    6414       3600      10014       2586       2400       4986       4986       1.05       0.67     4758.88    14876.08     4986   
35531250.00    6457       3529       9986       2543       2471       5014       5014       1.04       0.67     4810.89    14824.06     5014   
35625000.00    6265       3376       9641       2735       2624       5359       5359       1.04       0.66     5132.29    14502.66     5359   
35718750.00    7251       4286      11537       1749       1714       3463       3463       1.08       0.70     3221.16    16413.80     3463   
35812500.00    6406       3559       9965       2594       2441       5035       5035       1.04       0.67     4827.52    14807.44     5035   
35906250.00    6904       3991      10895       2096       2009       4105       4105       1.05       0.69     3902.43    15732.52     4105   
36000000.00    6722       3950      10672       2278       2050       4328       4328       1.06       0.69     4098.49    15536.46     4328   
36093750.00    6859       4024      10883       2141       1976       4117       4117       1.07       0.69     3847.62    15787.34     4117   
36187500.00    6862       3995      10857       2138       2005       4143       4143       1.07       0.69     3866.49    15768.46     4143   
36281250.00    6231       3430       9661       2769       2570       5339       5339       1.06       0.66     5049.41    14585.55     5339   
36375000.00    6613       3798      10411       2387       2202       4589       4589       1.07       0.68     4279.89    15355.07     4589   
36468750.00    6689       3897      10586       2311       2103       4414       4414       1.07       0.68     4109.66    15525.30     4414   
36562500.00    6784       3959      10743       2216       2041       4257       4257       1.08       0.69     3955.05    15679.90     4257   
36656250.00    7031       4287      11318       1969       1713       3682       3682       1.07       0.70     3427.74    16207.21     3682   
36750000.00    7107       4378      11485       1893       1622       3515       3515       1.07       0.70     3274.23    16360.73     3515   
36843750.00    6937       4204      11141       2063       1796       3859       3859       1.07       0.69     3590.14    16044.82     3859   
36937500.00    6825       4088      10913       2175       1912       4087       4087       1.06       0.69     3855.89    15779.06     4087   
37031250.00    6872       4214      11086       2128       1786       3914       3914       1.06       0.70     3683.93    15951.03     3914   
37125000.00    7057       4396      11453       1943       1604       3547       3547       1.08       0.70     3286.01    16348.95     3547   
37218750.00    7223       4497      11720       1777       1503       3280       3280       1.08       0.71     3023.76    16611.20     3280   
37312500.00    6646       4056      10702       2354       1944       4298       3217       1.08       0.68     3993.01    15641.94     2149   
37406250.00    6474       3733      10207       2526       2267       4793       3694       1.06       0.68     4524.89    15110.07     2396   
