 Timestep    Gas_A      Gas_B     Gas_tot    Dense_A    Dense_B   Dense_tot   Lg_clust  DP_density GP_density Clust_area  Gas_area     MCS    
   0.00       4500      10500      15000        0          0          0          5         0.00       0.76       0.00     19634.96      0     
145833.00     4500      10500      15000        0          0          0         627        0.00       0.76       0.00     19634.96      0     
291666.00     3325       7615      10940       1175       2885       4060       1954       0.99       0.70     4081.63    15553.32     1353   
437499.00     2083       4451       6534       2417       6049       8466       4791       1.03       0.57     8239.51    11395.45     2822   
583332.00     1933       3761       5694       2567       6739       9306       6990       1.06       0.52     8751.78    10883.18     4653   
729165.00     1560       2929       4489       2940       7571      10511       8053       1.08       0.45     9767.96    9866.99      5255   
874998.00     1542       2780       4322       2958       7720      10678       5478       1.09       0.44     9766.78    9868.18      3559   
1020831.00    1369       2478       3847       3131       8022      11153       5703       1.10       0.40     10128.84   9506.12      3717   
1166664.00    1239       2238       3477       3261       8262      11523       8755       1.11       0.37     10357.73   9277.22      5761   
1312497.00    1146       2112       3258       3354       8388      11742       8856       1.12       0.36     10462.58   9172.38      5871   
1458330.00    984        1742       2726       3516       8758      12274       9329       1.12       0.31     10943.42   8691.53      6137   
1604163.00    843        1379       2222       3657       9121      12778       9744       1.12       0.27     11395.30   8239.66      6389   
1749996.00    813        1345       2158       3687       9155      12842       9858       1.13       0.26     11326.31   8308.65      6421   
1895829.00    776        1321       2097       3724       9179      12903       9959       1.13       0.26     11458.06   8176.90      6451   
2041662.00    789        1389       2178       3711       9111      12822      10012       1.13       0.26     11336.00   8298.96      6411   
2187495.00    780        1325       2105       3720       9175      12895      10210       1.13       0.26     11435.57   8199.38      6447   
2333328.00    801        1388       2189       3699       9112      12811      10215       1.13       0.27     11376.89   8258.06      6405   
2479161.00    804        1340       2144       3696       9160      12856      10291       1.13       0.26     11364.32   8270.64      6428   
2624994.00    732        1228       1960       3768       9272      13040      13040       1.14       0.24     11481.54   8153.42     13040   
2770827.00    702        1163       1865       3798       9337      13135      10736       1.13       0.23     11621.07   8013.89      6567   
2916660.00    772        1252       2024       3728       9248      12976      10846       1.13       0.25     11469.20   8165.75      6488   
3062493.00    852        1290       2142       3648       9210      12858      10856       1.13       0.26     11390.38   8244.58      6429   
3208326.00    827        1344       2171       3673       9156      12829      10921       1.12       0.26     11430.73   8204.23      6414   
3354159.00    853        1462       2315       3647       9038      12685      11007       1.12       0.28     11337.86   8297.09      6342   
3499992.00    933        1598       2531       3567       8902      12469      10932       1.13       0.29     11031.20   8603.75      6234   
3645825.00    849        1360       2209       3651       9140      12791      11237       1.14       0.26     11265.49   8369.46      6395   
3791658.00    825        1245       2070       3675       9255      12930      11424       1.14       0.25     11391.81   8243.14      6465   
3937491.00    775        1272       2047       3725       9228      12953      11558       1.13       0.25     11426.83   8208.12      6476   
4083324.00    764        1236       2000       3736       9264      13000      11674       1.14       0.24     11451.29   8183.66      6500   
4229157.00    860        1452       2312       3640       9048      12688      11453       1.14       0.27     11143.11   8491.85      6344   
4374990.00    843        1418       2261       3657       9082      12739      11521       1.14       0.27     11180.98   8453.97      6369   
4520823.00    819        1355       2174       3681       9145      12826      11716       1.14       0.26     11258.33   8376.62      6413   
4666656.00    1056       1960       3016       3444       8540      11984      11984       1.15       0.33     10412.32   9222.64     11984   
4812489.00    760        1216       1976       3740       9284      13024      13024       1.15       0.24     11330.85   8304.11     13024   
4958322.00    731        1100       1831       3769       9400      13169      13169       1.15       0.23     11497.36   8137.59     13169   
5104155.00    765        1263       2028       3735       9237      12972      12972       1.14       0.24     11335.16   8299.79     12972   
5249988.00    915        1540       2455       3585       8960      12545      12545       1.15       0.28     10912.02   8722.94     12545   
5395821.00    898        1543       2441       3602       8957      12559      12559       1.15       0.28     10962.32   8672.64     12559   
5541654.00    916        1536       2452       3584       8964      12548      12548       1.15       0.28     10889.18   8745.78     12548   
5687487.00    880        1510       2390       3620       8990      12610      12610       1.15       0.28     10962.75   8672.20     12610   
5833320.00    840        1441       2281       3660       9059      12719      12719       1.15       0.27     11053.93   8581.02     12719   
5979153.00    844        1505       2349       3656       8995      12651      12651       1.15       0.27     10995.25   8639.70     12651   
6124986.00    816        1396       2212       3684       9104      12788      12788       1.15       0.26     11112.17   8522.78     12788   
6270819.00    793        1196       1989       3707       9304      13011      13011       1.15       0.24     11271.58   8363.37     13011   
6416652.00    761        1119       1880       3739       9381      13120      13120       1.16       0.23     11349.15   8285.80     13120   
6562485.00    747        1162       1909       3753       9338      13091      13091       1.16       0.23     11281.60   8353.35     13091   
6708318.00    840        1341       2181       3660       9159      12819      12819       1.16       0.25     11041.65   8593.30     12819   
6854151.00    820        1266       2086       3680       9234      12914      12914       1.17       0.24     11054.10   8580.86     12914   
6999984.00    728        1127       1855       3772       9373      13145      13145       1.17       0.22     11254.90   8380.06     13145   
7145817.00    693        1057       1750       3807       9443      13250      13250       1.16       0.21     11387.53   8247.42     13250   
7291650.00    672        997        1669       3828       9503      13331      13331       1.16       0.21     11536.14   8098.82     13331   
7437483.00    674        1082       1756       3826       9418      13244      13244       1.15       0.22     11528.03   8106.93     13244   
7583316.00    676        1136       1812       3824       9364      13188      13188       1.15       0.22     11420.03   8214.93     13188   
7729149.00    707        1172       1879       3793       9328      13121      13121       1.15       0.23     11408.56   8226.40     13121   
7874982.00    715        1218       1933       3785       9282      13067      13067       1.15       0.23     11391.09   8243.87     13067   
8020815.00    772        1300       2072       3728       9200      12928      12928       1.15       0.25     11236.00   8398.96     12928   
8166648.00    748        1283       2031       3752       9217      12969      12969       1.16       0.24     11169.21   8465.74     12969   
8312481.00    728        1206       1934       3772       9294      13066      13066       1.15       0.23     11340.08   8294.88     13066   
8458314.00    695        1202       1897       3805       9298      13103      13103       1.16       0.23     11311.38   8323.58     13103   
8604147.00    719        1131       1850       3781       9369      13150      13150       1.16       0.22     11351.39   8283.57     13150   
8749980.00    714        1195       1909       3786       9305      13091      13091       1.16       0.23     11318.71   8316.25     13091   
8895813.00    707        1185       1892       3793       9315      13108      13108       1.16       0.23     11335.07   8299.89     13108   
9041646.00    717        1190       1907       3783       9310      13093      13093       1.15       0.23     11351.25   8283.70     13093   
9187479.00    744        1220       1964       3756       9280      13036      13036       1.15       0.24     11340.58   8294.37     13036   
9333312.00    743        1236       1979       3757       9264      13021      13021       1.14       0.24     11384.46   8250.50     13021   
9479145.00    812        1389       2201       3688       9111      12799      12799       1.15       0.26     11163.31   8471.65     12799   
9624978.00    742        1278       2020       3758       9222      12980      12980       1.16       0.24     11220.06   8414.90     12980   
9770811.00    766        1291       2057       3734       9209      12943      12943       1.15       0.25     11242.64   8392.31     12943   
9916644.00    787        1347       2134       3713       9153      12866      12866       1.15       0.25     11193.11   8441.85     12866   
10062477.00    795        1345       2140       3705       9155      12860      12860       1.15       0.25     11178.35   8456.61     12860   
10208310.00    785        1222       2007       3715       9278      12993      12993       1.15       0.24     11264.60   8370.36     12993   
10354143.00    712        1152       1864       3788       9348      13136      13136       1.15       0.23     11389.19   8245.76     13136   
10499976.00    735        1157       1892       3765       9343      13108      13108       1.14       0.23     11475.21   8159.75     13108   
10645809.00    725        1181       1906       3775       9319      13094      13094       1.14       0.23     11470.14   8164.82     13094   
10791642.00    773        1219       1992       3727       9281      13008      13008       1.14       0.24     11390.92   8244.03     13008   
10937475.00    831        1458       2289       3669       9042      12711      12711       1.16       0.26     10986.43   8648.52     12711   
11083308.00    785        1278       2063       3715       9222      12937      12937       1.16       0.24     11184.69   8450.26     12937   
11229141.00    758        1279       2037       3742       9221      12963      12963       1.16       0.24     11152.42   8482.53     12963   
11374974.00    890        1462       2352       3610       9038      12648      12648       1.17       0.27     10839.38   8795.58     12648   
11520807.00    754        1239       1993       3746       9261      13007      13007       1.16       0.24     11241.63   8393.32     13007   
11666640.00    731        1209       1940       3769       9291      13060      13060       1.15       0.23     11329.34   8305.62     13060   
11812473.00    771        1244       2015       3729       9256      12985      12985       1.15       0.24     11256.08   8378.88     12985   
11958306.00    842        1371       2213       3658       9129      12787      12787       1.16       0.26     11059.54   8575.41     12787   
12104139.00    852        1413       2265       3648       9087      12735      12735       1.17       0.26     10926.52   8708.43     12735   
12249972.00    782        1279       2061       3718       9221      12939      12939       1.17       0.24     11076.09   8558.87     12939   
12395805.00    747        1225       1972       3753       9275      13028      13028       1.17       0.23     11121.65   8513.31     13028   
12541638.00    722        1103       1825       3778       9397      13175      13175       1.17       0.22     11240.03   8394.93     13175   
12687471.00    650        991        1641       3850       9509      13359      13359       1.16       0.20     11523.58   8111.38     13359   
12833304.00    664        998        1662       3836       9502      13338      13338       1.15       0.21     11559.24   8075.72     13338   
12979137.00    673        1129       1802       3827       9371      13198      13198       1.16       0.22     11407.90   8227.06     13198   
13124970.00    663        1092       1755       3837       9408      13245      13245       1.15       0.22     11509.98   8124.98     13245   
13270803.00    727        1232       1959       3773       9268      13041      13041       1.16       0.23     11267.72   8367.24     13041   
13416636.00    690        1154       1844       3810       9346      13156      13156       1.15       0.23     11442.36   8192.60     13156   
13562469.00    748        1230       1978       3752       9270      13022      13022       1.15       0.24     11310.59   8324.36     13022   
13708302.00    808        1427       2235       3692       9073      12765      12765       1.16       0.26     10997.18   8637.77     12765   
13854135.00    762        1326       2088       3738       9174      12912      12912       1.17       0.24     11081.35   8553.61     12912   
13999968.00    697        1187       1884       3803       9313      13116      13116       1.16       0.23     11274.11   8360.84     13116   
14145801.00    692        1074       1766       3808       9426      13234      13234       1.16       0.22     11444.52   8190.43     13234   
14291634.00    685        1159       1844       3815       9341      13156      13156       1.15       0.22     11422.39   8212.56     13156   
14437467.00    701        1182       1883       3799       9318      13117      13117       1.16       0.23     11320.44   8314.52     13117   
14583300.00    734        1208       1942       3766       9292      13058      13058       1.16       0.23     11210.60   8424.36     13058   
14729133.00    636        1051       1687       3864       9449      13313      13313       1.16       0.21     11470.84   8164.11     13313   
14874966.00    677        1109       1786       3823       9391      13214      13214       1.16       0.22     11406.53   8228.42     13214   
15020799.00    686        1185       1871       3814       9315      13129      13129       1.16       0.22     11317.84   8317.12     13129   
15166632.00    732        1255       1987       3768       9245      13013      13013       1.16       0.24     11180.48   8454.48     13013   
15312465.00    737        1219       1956       3763       9281      13044      13044       1.17       0.23     11146.41   8488.55     13044   
15458298.00    712        1201       1913       3788       9299      13087      13087       1.17       0.23     11189.76   8445.20     13087   
15604131.00    701        1105       1806       3799       9395      13194      13194       1.17       0.22     11317.94   8317.02     13194   
15749964.00    670        1062       1732       3830       9438      13268      13268       1.16       0.21     11405.86   8229.10     13268   
15895797.00    666        1112       1778       3834       9388      13222      13222       1.16       0.22     11391.68   8243.27     13222   
16041630.00    681        1114       1795       3819       9386      13205      13205       1.16       0.22     11427.37   8207.59     13205   
16187463.00    673        1161       1834       3827       9339      13166      13166       1.16       0.22     11387.43   8247.53     13166   
16333296.00    728        1206       1934       3772       9294      13066      13066       1.16       0.23     11286.58   8348.38     13066   
16479129.00    703        1139       1842       3797       9361      13158      13158       1.16       0.22     11384.10   8250.86     13158   
16624962.00    716        1203       1919       3784       9297      13081      13081       1.16       0.23     11253.97   8380.99     13081   
16770795.00    673        1080       1753       3827       9420      13247      13247       1.16       0.21     11396.27   8238.68     13247   
16916628.00    715        1220       1935       3785       9280      13065      13065       1.17       0.23     11175.13   8459.83     13065   
17062461.00    678        1124       1802       3822       9376      13198      13198       1.17       0.22     11268.01   8366.95     13198   
17208294.00    618        1009       1627       3882       9491      13373      13373       1.17       0.20     11451.56   8183.40     13373   
17354127.00    626        1065       1691       3874       9435      13309      13309       1.17       0.21     11394.63   8240.33     13309   
17499960.00    648        1069       1717       3852       9431      13283      13283       1.16       0.21     11420.33   8214.63     13283   
17645793.00    621        1025       1646       3879       9475      13354      13354       1.16       0.20     11515.88   8119.08     13354   
17791626.00    636        1067       1703       3864       9433      13297      13297       1.16       0.21     11465.58   8169.38     13297   
17937459.00    638        1075       1713       3862       9425      13287      13287       1.16       0.21     11459.01   8175.95     13287   
18083292.00    660        1126       1786       3840       9374      13214      13214       1.16       0.22     11394.06   8240.90     13214   
18229125.00    703        1121       1824       3797       9379      13176      13176       1.15       0.22     11408.78   8226.17     13176   
18374958.00    704        1105       1809       3796       9395      13191      13191       1.16       0.22     11394.16   8240.80     13191   
18520791.00    718        1124       1842       3782       9376      13158      13158       1.16       0.22     11355.10   8279.86     13158   
18666624.00    737        1293       2030       3763       9207      12970      12970       1.16       0.24     11183.44   8451.51     12970   
18812457.00    736        1228       1964       3764       9272      13036      13036       1.16       0.23     11232.26   8402.70     13036   
18958290.00    668        1144       1812       3832       9356      13188      13188       1.16       0.22     11369.05   8265.90     13188   
19104123.00    687        1105       1792       3813       9395      13208      13208       1.16       0.22     11402.52   8232.43     13208   
19249956.00    698        1108       1806       3802       9392      13194      13194       1.15       0.22     11430.45   8204.51     13194   
19395789.00    737        1222       1959       3763       9278      13041      13041       1.15       0.23     11296.79   8338.17     13041   
19541622.00    770        1300       2070       3730       9200      12930      12930       1.15       0.25     11229.05   8405.90     12930   
19687455.00    754        1290       2044       3746       9210      12956      12956       1.15       0.24     11244.71   8390.24     12956   
19833288.00    791        1324       2115       3709       9176      12885      12885       1.16       0.25     11113.89   8521.07     12885   
19979121.00    726        1192       1918       3774       9308      13082      13082       1.16       0.23     11236.18   8398.77     13082   
20124954.00    696        1104       1800       3804       9396      13200      13200       1.16       0.22     11393.27   8241.69     13200   
20270787.00    703        1117       1820       3797       9383      13180      13180       1.15       0.22     11423.04   8211.92     13180   
20416620.00    727        1206       1933       3773       9294      13067      13067       1.16       0.23     11292.43   8342.53     13067   
20562453.00    729        1202       1931       3771       9298      13069      13069       1.15       0.23     11326.78   8308.18     13069   
20708286.00    753        1211       1964       3747       9289      13036      13036       1.16       0.24     11286.51   8348.45     13036   
20854119.00    736        1259       1995       3764       9241      13005      13005       1.16       0.24     11192.36   8442.59     13005   
20999952.00    749        1267       2016       3751       9233      12984      12984       1.17       0.24     11105.95   8529.01     12984   
21145785.00    710        1122       1832       3790       9378      13168      13168       1.17       0.22     11267.37   8367.59     13168   
21291618.00    624        1000       1624       3876       9500      13376      13376       1.16       0.20     11485.26   8149.70     13376   
21437451.00    720        1076       1796       3780       9424      13204      13204       1.16       0.22     11351.63   8283.32     13204   
21583284.00    743        1180       1923       3757       9320      13077      13077       1.16       0.23     11276.46   8358.50     13077   
21729117.00    788        1247       2035       3712       9253      12965      12965       1.16       0.24     11156.10   8478.85     12965   
21874950.00    773        1159       1932       3727       9341      13068      13068       1.16       0.23     11264.89   8370.06     13068   
22020783.00    759        1110       1869       3741       9390      13131      13131       1.17       0.22     11270.81   8364.14     13131   
22166616.00    762        1141       1903       3738       9359      13097      13097       1.16       0.23     11258.59   8376.36     13097   
22312449.00    778        1149       1927       3722       9351      13073      13073       1.16       0.23     11237.87   8397.08     13073   
22458282.00    767        1204       1971       3733       9296      13029      13029       1.16       0.24     11255.07   8379.88     13029   
22604115.00    765        1219       1984       3735       9281      13016      13016       1.16       0.24     11243.72   8391.24     13016   
22749948.00    725        1166       1891       3775       9334      13109      13109       1.16       0.23     11334.82   8300.13     13109   
22895781.00    716        1128       1844       3784       9372      13156      13156       1.16       0.22     11321.56   8313.40     13156   
23041614.00    710        1061       1771       3790       9439      13229      13229       1.17       0.21     11339.55   8295.41     13229   
23187447.00    757        1219       1976       3743       9281      13024      13024       1.17       0.23     11157.25   8477.70     13024   
23333280.00    768        1263       2031       3732       9237      12969      12969       1.17       0.24     11131.16   8503.79     12969   
23479113.00    753        1153       1906       3747       9347      13094      13094       1.17       0.23     11228.50   8406.46     13094   
23624946.00    677        975        1652       3823       9525      13348      13348       1.16       0.20     11483.79   8151.17     13348   
23770779.00    699        983        1682       3801       9517      13318      13318       1.16       0.21     11448.19   8186.76     13318   
23916612.00    695        1022       1717       3805       9478      13283      13283       1.16       0.21     11460.83   8174.13     13283   
24062445.00    716        1103       1819       3784       9397      13181      13181       1.16       0.22     11412.07   8222.88     13181   
24208278.00    738        1138       1876       3762       9362      13124      13124       1.16       0.23     11330.88   8304.07     13124   
24354111.00    781        1197       1978       3719       9303      13022      13022       1.16       0.24     11248.17   8386.78     13022   
24499944.00    771        1121       1892       3729       9379      13108      13108       1.15       0.23     11393.57   8241.38     13108   
24645777.00    753        1143       1896       3747       9357      13104      13104       1.15       0.23     11387.11   8247.85     13104   
24791610.00    766        1175       1941       3734       9325      13059      13059       1.15       0.23     11344.12   8290.84     13059   
24937443.00    769        1191       1960       3731       9309      13040      13040       1.15       0.23     11292.32   8342.63     13040   
25083276.00    716        1084       1800       3784       9416      13200      13200       1.15       0.22     11471.70   8163.25     13200   
25229109.00    735        1126       1861       3765       9374      13139      13139       1.15       0.23     11409.70   8225.26     13139   
25374942.00    725        1095       1820       3775       9405      13180      13180       1.16       0.22     11400.13   8234.83     13180   
25520775.00    755        1126       1881       3745       9374      13119      13119       1.15       0.23     11399.85   8235.10     13119   
25666608.00    730        1169       1899       3770       9331      13101      13101       1.16       0.23     11317.71   8317.25     13101   
25812441.00    707        1200       1907       3793       9300      13093      13093       1.16       0.23     11298.50   8336.46     13093   
25958274.00    701        1163       1864       3799       9337      13136      13136       1.16       0.22     11326.67   8308.29     13136   
26104107.00    752        1201       1953       3748       9299      13047      13047       1.16       0.23     11219.48   8415.47     13047   
26249940.00    736        1169       1905       3764       9331      13095      13095       1.17       0.23     11220.04   8414.91     13095   
26395773.00    734        1155       1889       3766       9345      13111      13111       1.16       0.23     11308.77   8326.18     13111   
26541606.00    753        1129       1882       3747       9371      13118      13118       1.15       0.23     11437.05   8197.90     13118   
26687439.00    815        1241       2056       3685       9259      12944      12944       1.15       0.25     11300.35   8334.60     12944   
26833272.00    818        1345       2163       3682       9155      12837      12837       1.15       0.25     11143.55   8491.41     12837   
26979105.00    812        1336       2148       3688       9164      12852      12852       1.16       0.25     11089.49   8545.47     12852   
27124938.00    778        1242       2020       3722       9258      12980      12980       1.16       0.24     11193.34   8441.61     12980   
27270771.00    771        1225       1996       3729       9275      13004      13004       1.16       0.24     11242.09   8392.86     13004   
27416604.00    772        1270       2042       3728       9230      12958      12958       1.16       0.24     11167.99   8466.97     12958   
27562437.00    744        1241       1985       3756       9259      13015      13015       1.16       0.24     11192.49   8442.47     13015   
27708270.00    733        1254       1987       3767       9246      13013      13013       1.16       0.23     11170.24   8464.71     13013   
27854103.00    699        1185       1884       3801       9315      13116      13116       1.17       0.22     11254.41   8380.55     13116   
27999936.00    676        1182       1858       3824       9318      13142      13142       1.17       0.22     11268.61   8366.35     13142   
28145769.00    695        1175       1870       3805       9325      13130      13130       1.17       0.22     11265.27   8369.69     13130   
28291602.00    715        1196       1911       3785       9304      13089      13089       1.16       0.23     11326.59   8308.37     13089   
28437435.00    672        1151       1823       3828       9349      13177      13177       1.16       0.22     11380.57   8254.39     13177   
28583268.00    704        1132       1836       3796       9368      13164      13164       1.16       0.22     11364.35   8270.60     13164   
28729101.00    698        1122       1820       3802       9378      13180      13180       1.16       0.22     11411.12   8223.83     13180   
28874934.00    726        1173       1899       3774       9327      13101      13101       1.16       0.23     11321.38   8313.57     13101   
29020767.00    780        1251       2031       3720       9249      12969      12969       1.16       0.24     11174.56   8460.40     12969   
29166600.00    759        1316       2075       3741       9184      12925      12925       1.16       0.24     11126.66   8508.30     12925   
29312433.00    756        1243       1999       3744       9257      13001      13001       1.17       0.23     11124.61   8510.34     13001   
29458266.00    721        1151       1872       3779       9349      13128      13128       1.16       0.23     11339.37   8295.58     13128   
29604099.00    710        1147       1857       3790       9353      13143      13143       1.16       0.22     11330.74   8304.22     13143   
29749932.00    704        1109       1813       3796       9391      13187      13187       1.16       0.22     11416.89   8218.07     13187   
29895765.00    716        1095       1811       3784       9405      13189      13189       1.15       0.22     11425.27   8209.69     13189   
30041598.00    734        1113       1847       3766       9387      13153      13153       1.15       0.22     11398.11   8236.85     13153   
30187431.00    715        1118       1833       3785       9382      13167      13167       1.16       0.22     11326.95   8308.00     13167   
30333264.00    724        1180       1904       3776       9320      13096      13096       1.16       0.23     11310.86   8324.09     13096   
30479097.00    727        1218       1945       3773       9282      13055      13055       1.16       0.23     11235.35   8399.61     13055   
30624930.00    736        1197       1933       3764       9303      13067      13067       1.16       0.23     11231.87   8403.08     13067   
30770763.00    748        1250       1998       3752       9250      13002      13002       1.16       0.24     11239.17   8395.78     13002   
30916596.00    757        1287       2044       3743       9213      12956      12956       1.16       0.24     11189.51   8445.44     12956   
31062429.00    716        1217       1933       3784       9283      13067      13067       1.16       0.23     11300.14   8334.81     13067   
31208262.00    705        1102       1807       3795       9398      13193      13193       1.15       0.22     11429.32   8205.64     13193   
31354095.00    746        1163       1909       3754       9337      13091      13091       1.16       0.23     11312.64   8322.31     13091   
31499928.00    686        1115       1801       3814       9385      13199      13199       1.16       0.22     11395.72   8239.24     13199   
31645761.00    690        1141       1831       3810       9359      13169      13169       1.15       0.22     11409.50   8225.46     13169   
31791594.00    664        1101       1765       3836       9399      13235      13235       1.16       0.22     11447.63   8187.32     13235   
31937427.00    650        1034       1684       3850       9466      13316      13316       1.15       0.21     11542.23   8092.73     13316   
32083260.00    660        1095       1755       3840       9405      13245      13245       1.16       0.21     11447.79   8187.17     13245   
32229093.00    636        1053       1689       3864       9447      13311      13311       1.15       0.21     11566.81   8068.14     13311   
32374926.00    715        1188       1903       3785       9312      13097      13097       1.14       0.23     11499.02   8135.93     13097   
32520759.00    712        1194       1906       3788       9306      13094      13094       1.14       0.24     11527.85   8107.10     13094   
32666592.00    781        1308       2089       3719       9192      12911      12911       1.13       0.25     11380.07   8254.88     12911   
32812425.00    751        1263       2014       3749       9237      12986      12986       1.14       0.24     11356.98   8277.97     12986   
32958258.00    748        1252       2000       3752       9248      13000      13000       1.15       0.24     11311.70   8323.25     13000   
33104091.00    739        1178       1917       3761       9322      13083      13083       1.15       0.23     11351.45   8283.50     13083   
33249924.00    687        1078       1765       3813       9422      13235      13235       1.15       0.22     11513.61   8121.35     13235   
33395757.00    736        1142       1878       3764       9358      13122      13122       1.15       0.23     11392.93   8242.02     13122   
33541590.00    710        1032       1742       3790       9468      13258      13258       1.15       0.21     11512.61   8122.34     13258   
33687423.00    750        1121       1871       3750       9379      13129      13129       1.15       0.23     11394.90   8240.06     13129   
33833256.00    763        1118       1881       3737       9382      13119      13119       1.16       0.23     11340.72   8294.23     13119   
33979089.00    772        1116       1888       3728       9384      13112      13112       1.17       0.22     11236.69   8398.26     13112   
34124922.00    747        1110       1857       3753       9390      13143      13143       1.16       0.22     11290.36   8344.59     13143   
34270755.00    738        1161       1899       3762       9339      13101      13101       1.16       0.23     11277.02   8357.94     13101   
34416588.00    688        1073       1761       3812       9427      13239      13239       1.15       0.22     11472.03   8162.92     13239   
34562421.00    702        1063       1765       3798       9437      13235      13235       1.14       0.22     11582.09   8052.86     13235   
34708254.00    833        1266       2099       3667       9234      12901      12901       1.15       0.25     11239.71   8395.25     12901   
34854087.00    886        1349       2235       3614       9151      12765      12765       1.15       0.26     11115.77   8519.18     12765   
34999920.00    868        1413       2281       3632       9087      12719      12719       1.16       0.26     10972.15   8662.80     12719   
35145753.00    792        1307       2099       3708       9193      12901      12901       1.16       0.25     11103.57   8531.39     12901   
35291586.00    773        1245       2018       3727       9255      12982      12982       1.16       0.24     11165.81   8469.14     12982   
35437419.00    757        1193       1950       3743       9307      13050      13050       1.16       0.23     11206.83   8428.13     13050   
35583252.00    707        1126       1833       3793       9374      13167      13167       1.16       0.22     11326.21   8308.74     13167   
35729085.00    694        1018       1712       3806       9482      13288      13288       1.15       0.21     11517.31   8117.65     13288   
35874918.00    704        1068       1772       3796       9432      13228      13228       1.15       0.22     11505.21   8129.74     13228   
36020751.00    717        1100       1817       3783       9400      13183      13183       1.15       0.22     11433.98   8200.97     13183   
36166584.00    698        1131       1829       3802       9369      13171      13171       1.15       0.22     11466.19   8168.76     13171   
36312417.00    722        1126       1848       3778       9374      13152      13152       1.15       0.23     11469.74   8165.22     13152   
36458250.00    735        1108       1843       3765       9392      13157      13157       1.15       0.23     11470.25   8164.71     13157   
36604083.00    698        1063       1761       3802       9437      13239      13239       1.14       0.22     11645.43   7989.53     13239   
36749916.00    724        1078       1802       3776       9422      13198      13198       1.13       0.23     11628.33   8006.63     13198   
36895749.00    721        1092       1813       3779       9408      13187      13187       1.13       0.23     11625.06   8009.89     13187   
37041582.00    753        1138       1891       3747       9362      13109      13109       1.14       0.23     11533.56   8101.40     13109   
37187415.00    793        1253       2046       3707       9247      12954      12954       1.13       0.25     11456.91   8178.05     12954   
37333248.00    830        1345       2175       3670       9155      12825      12825       1.13       0.26     11343.71   8291.24     12825   
37479081.00    889        1441       2330       3611       9059      12670      12670       1.13       0.28     11219.61   8415.34     12670   
37624914.00    856        1332       2188       3644       9168      12812      12812       1.13       0.26     11323.54   8311.42     12812   
37770747.00    883        1373       2256       3617       9127      12744      12744       1.13       0.27     11251.53   8383.42     12744   
37916580.00    910        1397       2307       3590       9103      12693      12693       1.15       0.27     11058.32   8576.63     12693   
38062413.00    867        1343       2210       3633       9157      12790      12790       1.15       0.26     11152.17   8482.78     12790   
38208246.00    899        1388       2287       3601       9112      12713      12713       1.15       0.27     11082.15   8552.80     12713   
38354079.00    855        1320       2175       3645       9180      12825      12825       1.15       0.26     11181.22   8453.74     12825   
38499912.00    829        1259       2088       3671       9241      12912      12912       1.16       0.25     11175.23   8459.72     12912   
38645745.00    788        1093       1881       3712       9407      13119      13119       1.15       0.23     11364.72   8270.24     13119   
38791578.00    801        1113       1914       3699       9387      13086      13086       1.15       0.23     11342.94   8292.02     13086   
38937411.00    822        1177       1999       3678       9323      13001      13001       1.15       0.24     11316.35   8318.60     13001   
39083244.00    901        1379       2280       3599       9121      12720      12720       1.15       0.27     11073.98   8560.97     12720   
39229077.00    822        1265       2087       3678       9235      12913      12913       1.15       0.25     11196.03   8438.93     12913   
39374910.00    794        1171       1965       3706       9329      13035      13035       1.15       0.24     11341.81   8293.14     13035   
39520743.00    764        1129       1893       3736       9371      13107      13107       1.15       0.23     11370.30   8264.65     13107   
39666576.00    796        1216       2012       3704       9284      12988      12988       1.15       0.24     11257.43   8377.52     12988   
39812409.00    779        1181       1960       3721       9319      13040      13040       1.16       0.23     11218.27   8416.69     13040   
39958242.00    774        1192       1966       3726       9308      13034      13034       1.16       0.23     11241.77   8393.19     13034   
40104075.00    710        1158       1868       3790       9342      13132      13132       1.17       0.22     11249.26   8385.69     13132   
40249908.00    638        962        1600       3862       9538      13400      13400       1.16       0.20     11540.50   8094.46     13400   
40395741.00    676        979        1655       3824       9521      13345      13345       1.15       0.21     11591.68   8043.27     13345   
40541574.00    716        994        1710       3784       9506      13290      13290       1.15       0.21     11519.51   8115.44     13290   
40687407.00    716        1105       1821       3784       9395      13179      13179       1.16       0.22     11402.77   8232.19     13179   
40833240.00    691        1004       1695       3809       9496      13305      13305       1.16       0.21     11513.39   8121.56     13305   
40979073.00    721        1079       1800       3779       9421      13200      13200       1.15       0.22     11499.87   8135.09     13200   
41124906.00    759        1140       1899       3741       9360      13101      13101       1.15       0.23     11418.78   8216.17     13101   
41270739.00    809        1235       2044       3691       9265      12956      12956       1.15       0.25     11310.45   8324.51     12956   
41416572.00    826        1225       2051       3674       9275      12949      12949       1.16       0.24     11204.07   8430.88     12949   
41562405.00    769        1166       1935       3731       9334      13065      13065       1.16       0.23     11301.08   8333.88     13065   
41708238.00    733        1071       1804       3767       9429      13196      13196       1.16       0.22     11392.89   8242.06     13196   
41854071.00    779        1177       1956       3721       9323      13044      13044       1.16       0.23     11272.66   8362.29     13044   
41999904.00    812        1231       2043       3688       9269      12957      12957       1.16       0.24     11160.26   8474.69     12957   
42145737.00    794        1199       1993       3706       9301      13007      13007       1.16       0.24     11209.63   8425.32     13007   
42291570.00    763        1146       1909       3737       9354      13091      13091       1.15       0.23     11342.47   8292.49     13091   
42437403.00    763        1141       1904       3737       9359      13096      13096       1.15       0.23     11346.42   8288.54     13096   
42583236.00    748        1188       1936       3752       9312      13064      13064       1.15       0.23     11356.70   8278.25     13064   
42729069.00    770        1224       1994       3730       9276      13006      13006       1.15       0.24     11317.12   8317.84     13006   
42874902.00    748        1180       1928       3752       9320      13072      13072       1.15       0.23     11349.41   8285.54     13072   
43020735.00    759        1101       1860       3741       9399      13140      13140       1.16       0.22     11349.60   8285.36     13140   
43166568.00    774        1179       1953       3726       9321      13047      13047       1.16       0.23     11273.96   8360.99     13047   
43312401.00    733        1136       1869       3767       9364      13131      13131       1.15       0.23     11407.93   8227.02     13131   
43458234.00    780        1174       1954       3720       9326      13046      13046       1.16       0.23     11289.16   8345.79     13046   
43604067.00    798        1248       2046       3702       9252      12954      12954       1.16       0.24     11191.01   8443.94     12954   
43749900.00    769        1272       2041       3731       9228      12959      12959       1.16       0.24     11206.02   8428.93     12959   
43895733.00    782        1234       2016       3718       9266      12984      12984       1.16       0.24     11239.73   8395.23     12984   
44041566.00    778        1212       1990       3722       9288      13010      13010       1.16       0.24     11218.91   8416.05     13010   
44187399.00    796        1236       2032       3704       9264      12968      12968       1.16       0.24     11158.90   8476.06     12968   
44333232.00    783        1274       2057       3717       9226      12943      12943       1.16       0.24     11112.05   8522.91     12943   
44479065.00    805        1237       2042       3695       9263      12958      12958       1.17       0.24     11070.03   8564.93     12958   
44624898.00    805        1204       2009       3695       9296      12991      12991       1.17       0.24     11120.85   8514.10     12991   
44770731.00    756        1103       1859       3744       9397      13141      13141       1.17       0.22     11217.04   8417.92     13141   
44916564.00    757        1155       1912       3743       9345      13088      13088       1.17       0.23     11167.65   8467.30     13088   
45062397.00    730        1098       1828       3770       9402      13172      13172       1.17       0.22     11212.31   8422.64     13172   
45208230.00    761        1091       1852       3739       9409      13148      13148       1.18       0.22     11140.25   8494.71     13148   
45354063.00    749        1099       1848       3751       9401      13152      13152       1.17       0.22     11218.16   8416.79     13152   
45499896.00    739        1037       1776       3761       9463      13224      13224       1.17       0.21     11306.80   8328.15     13224   
45645729.00    724        1041       1765       3776       9459      13235      13235       1.17       0.21     11349.51   8285.44     13235   
45791562.00    727        1124       1851       3773       9376      13149      13149       1.17       0.22     11277.97   8356.99     13149   
45937395.00    724        1123       1847       3776       9377      13153      13153       1.17       0.22     11285.45   8349.51     13153   
46083228.00    719        1143       1862       3781       9357      13138      13138       1.16       0.22     11302.34   8332.62     13138   
46229061.00    685        1079       1764       3815       9421      13236      13236       1.16       0.21     11388.69   8246.27     13236   
46374894.00    640        1013       1653       3860       9487      13347      13347       1.16       0.20     11502.47   8132.49     13347   
46520727.00    653        1043       1696       3847       9457      13304      13304       1.16       0.21     11487.84   8147.11     13304   
46666560.00    625        1004       1629       3875       9496      13371      13371       1.16       0.20     11572.48   8062.48     13371   
46812393.00    644        987        1631       3856       9513      13369      13369       1.15       0.20     11615.51   8019.45     13369   
46958226.00    733        1208       1941       3767       9292      13059      13059       1.16       0.23     11287.86   8347.09     13059   
47104059.00    728        1176       1904       3772       9324      13096      13096       1.16       0.23     11246.63   8388.33     13096   
47249892.00    718        1221       1939       3782       9279      13061      13061       1.16       0.23     11249.03   8385.93     13061   
47395725.00    709        1158       1867       3791       9342      13133      13133       1.16       0.22     11329.11   8305.85     13133   
47541558.00    658        1057       1715       3842       9443      13285      13285       1.16       0.21     11487.92   8147.03     13285   
47687391.00    644        957        1601       3856       9543      13399      13399       1.15       0.20     11602.94   8032.02     13399   
47833224.00    625        935        1560       3875       9565      13440      13440       1.15       0.20     11658.68   7976.27     13440   
47979057.00    706        1060       1766       3794       9440      13234      13234       1.15       0.22     11497.36   8137.60     13234   
48124890.00    768        1140       1908       3732       9360      13092      13092       1.15       0.23     11363.88   8271.08     13092   
48270723.00    815        1220       2035       3685       9280      12965      12965       1.14       0.25     11340.26   8294.70     12965   
48416556.00    773        1209       1982       3727       9291      13018      13018       1.15       0.24     11317.05   8317.90     13018   
48562389.00    725        1117       1842       3775       9383      13158      13158       1.15       0.22     11447.75   8187.21     13158   
48708222.00    789        1273       2062       3711       9227      12938      12938       1.15       0.25     11242.14   8392.82     12938   
48854055.00    854        1421       2275       3646       9079      12725      12725       1.16       0.26     10945.24   8689.72     12725   
48999888.00    796        1239       2035       3704       9261      12965      12965       1.17       0.24     11067.22   8567.73     12965   
49145721.00    714        1115       1829       3786       9385      13171      13171       1.17       0.22     11285.56   8349.40     13171   
49291554.00    716        1064       1780       3784       9436      13220      13220       1.16       0.21     11355.76   8279.19     13220   
49437387.00    744        1117       1861       3756       9383      13139      13139       1.16       0.22     11312.18   8322.78     13139   
49583220.00    759        1201       1960       3741       9299      13040      13040       1.16       0.23     11231.85   8403.11     13040   
49729053.00    708        1120       1828       3792       9380      13172      13172       1.17       0.22     11300.62   8334.34     13172   
49874886.00    709        1132       1841       3791       9368      13159      13159       1.17       0.22     11271.22   8363.74     13159   
50020719.00    728        1155       1883       3772       9345      13117      13117       1.16       0.23     11288.59   8346.37     13117   
50166552.00    723        1187       1910       3777       9313      13090      13090       1.16       0.23     11247.71   8387.24     13090   
50312385.00    708        1127       1835       3792       9373      13165      13165       1.16       0.22     11337.08   8297.87     13165   
50458218.00    723        1161       1884       3777       9339      13116      13116       1.16       0.23     11269.92   8365.04     13116   
50604051.00    714        1198       1912       3786       9302      13088      13088       1.16       0.23     11274.47   8360.48     13088   
50749884.00    714        1168       1882       3786       9332      13118      13118       1.16       0.22     11267.63   8367.33     13118   
50895717.00    720        1135       1855       3780       9365      13145      13145       1.16       0.22     11303.73   8331.23     13145   
51041550.00    710        1129       1839       3790       9371      13161      13161       1.17       0.22     11283.05   8351.91     13161   
51187383.00    698        1112       1810       3802       9388      13190      13190       1.16       0.22     11360.95   8274.01     13190   
51333216.00    700        1106       1806       3800       9394      13194      13194       1.17       0.22     11303.59   8331.36     13194   
51479049.00    700        1118       1818       3800       9382      13182      13182       1.17       0.22     11290.72   8344.23     13182   
51624882.00    747        1134       1881       3753       9366      13119      13119       1.17       0.22     11221.82   8413.13     13119   
51770715.00    731        1174       1905       3769       9326      13095      13095       1.17       0.23     11223.57   8411.39     13095   
51916548.00    751        1228       1979       3749       9272      13021      13021       1.17       0.23     11150.18   8484.78     13021   
52062381.00    719        1202       1921       3781       9298      13079      13079       1.16       0.23     11256.45   8378.50     13079   
52208214.00    702        1170       1872       3798       9330      13128      13128       1.16       0.22     11290.52   8344.43     13128   
52354047.00    684        1202       1886       3816       9298      13114      13114       1.16       0.23     11274.55   8360.41     13114   
52499880.00    693        1193       1886       3807       9307      13114      13114       1.16       0.23     11273.99   8360.97     13114   
52645713.00    724        1165       1889       3776       9335      13111      13111       1.17       0.23     11250.33   8384.62     13111   
52791546.00    727        1215       1942       3773       9285      13058      13058       1.17       0.23     11163.97   8470.98     13058   
52937379.00    698        1126       1824       3802       9374      13176      13176       1.17       0.22     11230.01   8404.94     13176   
53083212.00    721        1147       1868       3779       9353      13132      13132       1.17       0.22     11218.91   8416.05     13132   
53229045.00    729        1167       1896       3771       9333      13104      13104       1.17       0.23     11228.59   8406.36     13104   
53374878.00    686        1114       1800       3814       9386      13200      13200       1.17       0.22     11308.24   8326.72     13200   
53520711.00    673        1092       1765       3827       9408      13235      13235       1.17       0.21     11330.63   8304.32     13235   
53666544.00    632        1006       1638       3868       9494      13362      13362       1.17       0.20     11457.70   8177.26     13362   
53812377.00    635        1029       1664       3865       9471      13336      13336       1.17       0.20     11445.00   8189.95     13336   
53958210.00    648        1025       1673       3852       9475      13327      13327       1.16       0.21     11514.06   8120.90     13327   
54104043.00    727        1144       1871       3773       9356      13129      13129       1.16       0.23     11356.43   8278.52     13129   
54249876.00    731        1178       1909       3769       9322      13091      13091       1.16       0.23     11285.82   8349.13     13091   
54395709.00    710        1107       1817       3790       9393      13183      13183       1.16       0.22     11348.12   8286.83     13183   
54541542.00    723        1110       1833       3777       9390      13167      13167       1.16       0.22     11322.81   8312.14     13167   
54687375.00    706        1061       1767       3794       9439      13233      13233       1.16       0.21     11397.27   8237.68     13233   
54833208.00    711        1003       1714       3789       9497      13286      13286       1.16       0.21     11490.91   8144.05     13286   
54979041.00    732        1153       1885       3768       9347      13115      13115       1.15       0.23     11405.72   8229.24     13115   
55124874.00    752        1166       1918       3748       9334      13082      13082       1.15       0.23     11408.03   8226.92     13082   
55270707.00    784        1207       1991       3716       9293      13009      13009       1.15       0.24     11347.94   8287.02     13009   
55416540.00    800        1234       2034       3700       9266      12966      12966       1.14       0.25     11335.34   8299.61     12966   
55562373.00    751        1236       1987       3749       9264      13013      13013       1.15       0.24     11331.15   8303.80     13013   
55708206.00    744        1141       1885       3756       9359      13115      13115       1.15       0.23     11444.48   8190.47     13115   
55854039.00    746        1100       1846       3754       9400      13154      13154       1.14       0.23     11509.43   8125.52     13154   
55999872.00    718        1136       1854       3782       9364      13146      13146       1.15       0.23     11468.03   8166.92     13146   
56145705.00    786        1237       2023       3714       9263      12977      12977       1.15       0.24     11273.73   8361.22     12977   
56291538.00    793        1360       2153       3707       9140      12847      12847       1.16       0.25     11116.32   8518.63     12847   
56437371.00    735        1238       1973       3765       9262      13027      13027       1.16       0.23     11194.70   8440.25     13027   
56583204.00    689        1130       1819       3811       9370      13181      13181       1.17       0.22     11302.88   8332.08     13181   
56729037.00    667        1034       1701       3833       9466      13299      13299       1.16       0.21     11468.94   8166.02     13299   
56874870.00    692        1037       1729       3808       9463      13271      13271       1.15       0.21     11500.97   8133.98     13271   
57020703.00    754        1116       1870       3746       9384      13130      13130       1.16       0.23     11365.92   8269.04     13130   
57166536.00    694        1078       1772       3806       9422      13228      13228       1.16       0.22     11435.37   8199.58     13228   
57312369.00    745        1140       1885       3755       9360      13115      13115       1.15       0.23     11413.59   8221.37     13115   
57458202.00    753        1202       1955       3747       9298      13045      13045       1.14       0.24     11404.68   8230.27     13045   
57604035.00    871        1378       2249       3629       9122      12751      12751       1.15       0.26     11086.20   8548.75     12751   
57749868.00    866        1329       2195       3634       9171      12805      12805       1.16       0.26     11081.74   8553.22     12805   
57895701.00    804        1171       1975       3696       9329      13025      13025       1.16       0.23     11188.11   8446.85     13025   
58041534.00    735        1150       1885       3765       9350      13115      13115       1.17       0.22     11229.59   8405.36     13115   
58187367.00    691        1035       1726       3809       9465      13274      13274       1.17       0.21     11372.44   8262.52     13274   
58333200.00    738        1100       1838       3762       9400      13162      13162       1.17       0.22     11270.55   8364.41     13162   
