 Timestep    Gas_A      Gas_B     Gas_tot    Dense_A    Dense_B   Dense_tot   Lg_clust  DP_density GP_density Clust_area  Gas_area     MCS    
   0.00       3000      12000      15000        0          0          0          6         0.00       0.76       0.00     19634.96      0     
114583.00     2826      11147      13973       174        853        1027       1027       0.94       0.75     1091.08    18543.87     1027   
229166.00     2455       9610      12065       545        2390       2935       1679       0.96       0.73     3056.21    16578.75     1467   
343749.00     1874       7062       8936       1126       4938       6064       2326       1.01       0.66     5995.39    13639.57     1516   
458332.00     1233       4378       5611       1767       7622       9389       4231       1.03       0.53     9086.10    10548.86     2347   
572915.00     1001       3260       4261       1999       8740      10739       4109       1.06       0.45     10162.83   9472.13      2684   
687498.00     944        2872       3816       2056       9128      11184       3138       1.07       0.41     10439.67   9195.29      2236   
802081.00     820        2593       3413       2180       9407      11587       4183       1.08       0.38     10699.77   8935.19      2896   
916664.00     777        2275       3052       2223       9725      11948       6283       1.09       0.35     10924.69   8710.26      3982   
1031247.00    711        2078       2789       2289       9922      12211      12211       1.10       0.33     11114.26   8520.69     12211   
1145830.00    719        2232       2951       2281       9768      12049      12049       1.10       0.34     10986.58   8648.38     12049   
1260413.00    725        2158       2883       2275       9842      12117      12117       1.10       0.34     11033.52   8601.44     12117   
1374996.00    726        2149       2875       2274       9851      12125      12125       1.11       0.33     10964.31   8670.64     12125   
1489579.00    659        1949       2608       2341      10051      12392      12392       1.11       0.31     11151.41   8483.54     12392   
1604162.00    669        1979       2648       2331      10021      12352      12352       1.11       0.31     11153.05   8481.91     12352   
1718745.00    645        1964       2609       2355      10036      12391      12391       1.11       0.31     11199.68   8435.27     12391   
1833328.00    679        2060       2739       2321       9940      12261      12261       1.10       0.32     11111.32   8523.64     12261   
1947911.00    681        2049       2730       2319       9951      12270      12270       1.11       0.32     11041.59   8593.37     12270   
2062494.00    660        1837       2497       2340      10163      12503      12503       1.11       0.30     11231.99   8402.97     12503   
2177077.00    608        1919       2527       2392      10081      12473      12473       1.12       0.30     11172.73   8462.23     12473   
2291660.00    676        2021       2697       2324       9979      12303      12303       1.12       0.31     10968.01   8666.94     12303   
2406243.00    657        2012       2669       2343       9988      12331      12331       1.12       0.31     11034.69   8600.27     12331   
2520826.00    616        1897       2513       2384      10103      12487      12487       1.12       0.30     11168.82   8466.14     12487   
2635409.00    607        1937       2544       2393      10063      12456      12456       1.12       0.30     11151.39   8483.57     12456   
2749992.00    615        1878       2493       2385      10122      12507      12507       1.12       0.30     11212.36   8422.59     12507   
2864575.00    614        1870       2484       2386      10130      12516      12516       1.12       0.30     11217.54   8417.41     12516   
2979158.00    623        1850       2473       2377      10150      12527      12527       1.12       0.29     11228.81   8406.15     12527   
3093741.00    601        1757       2358       2399      10243      12642      12642       1.12       0.28     11277.85   8357.11     12642   
3208324.00    606        1798       2404       2394      10202      12596      12596       1.12       0.29     11240.34   8394.61     12596   
3322907.00    630        1735       2365       2370      10265      12635      12635       1.11       0.29     11367.10   8267.85     12635   
3437490.00    660        1957       2617       2340      10043      12383      12383       1.11       0.31     11196.85   8438.10     12383   
3552073.00    718        2158       2876       2282       9842      12124      12124       1.11       0.33     10943.37   8691.58     12124   
3666656.00    650        1805       2455       2350      10195      12545      12545       1.10       0.30     11353.65   8281.31     12545   
3781239.00    621        1919       2540       2379      10081      12460      12460       1.10       0.31     11333.49   8301.46     12460   
3895822.00    673        2011       2684       2327       9989      12316      12316       1.10       0.32     11195.74   8439.22     12316   
4010405.00    772        2523       3295       2228       9477      11705      11705       1.10       0.36     10603.73   9031.22     11705   
4124988.00    825        2645       3470       2175       9355      11530      11530       1.11       0.37     10355.14   9279.82     11530   
4239571.00    764        2406       3170       2236       9594      11830      11830       1.12       0.35     10564.61   9070.35     11830   
4354154.00    759        2466       3225       2241       9534      11775      11775       1.13       0.35     10466.32   9168.64     11775   
4468737.00    752        2339       3091       2248       9661      11909      11909       1.13       0.34     10550.24   9084.72     11909   
4583320.00    714        2327       3041       2286       9673      11959      11959       1.13       0.33     10550.08   9084.88     11959   
4697903.00    687        2100       2787       2313       9900      12213      12213       1.14       0.31     10710.34   8924.61     12213   
4812486.00    647        1891       2538       2353      10109      12462      12462       1.14       0.29     10974.10   8660.86     12462   
4927069.00    610        1777       2387       2390      10223      12613      12613       1.14       0.28     11095.78   8539.17     12613   
5041652.00    577        1733       2310       2423      10267      12690      12690       1.13       0.27     11221.90   8413.05     12690   
5156235.00    586        1747       2333       2414      10253      12667      12667       1.13       0.28     11204.97   8429.99     12667   
5270818.00    731        2479       3210       2269       9521      11790      11790       1.14       0.35     10347.62   9287.34     11790   
5385401.00    726        2536       3262       2274       9464      11738      11738       1.13       0.35     10407.71   9227.24     11738   
5499984.00    767        2504       3271       2233       9496      11729      11729       1.13       0.35     10407.26   9227.69     11729   
5614567.00    737        2480       3217       2263       9520      11783      11783       1.12       0.35     10492.14   9142.82     11783   
5729150.00    810        2674       3484       2190       9326      11516      11516       1.13       0.37     10212.62   9422.33     11516   
5843733.00    752        2531       3283       2248       9469      11717      11717       1.13       0.36     10404.11   9230.84     11717   
5958316.00    756        2539       3295       2244       9461      11705      11705       1.13       0.35     10336.56   9298.39     11705   
6072899.00    768        2508       3276       2232       9492      11724      11724       1.13       0.35     10339.85   9295.11     11724   
6187482.00    717        2325       3042       2283       9675      11958      11958       1.13       0.34     10597.81   9037.14     11958   
6302065.00    747        2309       3056       2253       9691      11944      11944       1.13       0.34     10539.36   9095.59     11944   
6416648.00    690        2158       2848       2310       9842      12152      12152       1.13       0.32     10735.44   8899.52     12152   
6531231.00    665        2116       2781       2335       9884      12219      12219       1.13       0.32     10816.53   8818.43     12219   
6645814.00    628        1999       2627       2372      10001      12373      12373       1.13       0.30     10908.84   8726.12     12373   
6760397.00    549        1745       2294       2451      10255      12706      12706       1.14       0.27     11169.67   8465.28     12706   
6874980.00    546        1716       2262       2454      10284      12738      12738       1.14       0.27     11205.07   8429.88     12738   
6989563.00    558        1756       2314       2442      10244      12686      12686       1.14       0.27     11122.01   8512.95     12686   
7104146.00    508        1630       2138       2492      10370      12862      12862       1.14       0.26     11278.55   8356.41     12862   
7218729.00    537        1559       2096       2463      10441      12904      12904       1.14       0.25     11362.74   8272.22     12904   
7333312.00    565        1687       2252       2435      10313      12748      12748       1.13       0.27     11253.76   8381.19     12748   
7447895.00    588        1882       2470       2412      10118      12530      12530       1.12       0.29     11151.49   8483.47     12530   
7562478.00    577        1911       2488       2423      10089      12512      12512       1.13       0.29     11041.98   8592.97     12512   
7677061.00    552        1778       2330       2448      10222      12670      12670       1.13       0.28     11203.23   8431.72     12670   
7791644.00    562        1698       2260       2438      10302      12740      12740       1.13       0.27     11231.30   8403.65     12740   
7906227.00    603        1733       2336       2397      10267      12664      12664       1.13       0.28     11168.21   8466.74     12664   
8020810.00    607        1793       2400       2393      10207      12600      12600       1.14       0.28     11100.64   8534.32     12600   
8135393.00    608        1812       2420       2392      10188      12580      12580       1.14       0.28     11071.22   8563.74     12580   
8249976.00    604        1816       2420       2396      10184      12580      12580       1.13       0.28     11123.82   8511.13     12580   
8364559.00    584        1786       2370       2416      10214      12630      12630       1.13       0.28     11143.59   8491.37     12630   
8479142.00    633        1956       2589       2367      10044      12411      12411       1.15       0.29     10813.49   8821.47     12411   
8593725.00    575        1752       2327       2425      10248      12673      12673       1.15       0.27     11047.71   8587.25     12673   
8708308.00    576        1773       2349       2424      10227      12651      12651       1.15       0.27     11031.45   8603.51     12651   
8822891.00    577        1773       2350       2423      10227      12650      12650       1.15       0.27     11022.90   8612.06     12650   
8937474.00    567        1695       2262       2433      10305      12738      12738       1.15       0.27     11123.68   8511.28     12738   
9052057.00    541        1647       2188       2459      10353      12812      12812       1.14       0.26     11263.92   8371.03     12812   
9166640.00    536        1626       2162       2464      10374      12838      12838       1.13       0.26     11401.32   8233.64     12838   
9281223.00    572        1749       2321       2428      10251      12679      12679       1.13       0.28     11227.34   8407.62     12679   
9395806.00    663        2012       2675       2337       9988      12325      12325       1.14       0.30     10839.69   8795.27     12325   
9510389.00    647        2062       2709       2353       9938      12291      12291       1.14       0.31     10785.32   8849.64     12291   
9624972.00    680        2236       2916       2320       9764      12084      12084       1.14       0.32     10560.32   9074.63     12084   
9739555.00    629        2114       2743       2371       9886      12257      12257       1.15       0.31     10676.10   8958.86     12257   
9854138.00    617        1947       2564       2383      10053      12436      12436       1.15       0.29     10860.85   8774.11     12436   
9968721.00    576        1749       2325       2424      10251      12675      12675       1.14       0.27     11087.22   8547.73     12675   
10083304.00    586        1778       2364       2414      10222      12636      12636       1.14       0.28     11073.82   8561.14     12636   
10197887.00    611        1847       2458       2389      10153      12542      12542       1.14       0.29     11024.55   8610.41     12542   
10312470.00    599        1901       2500       2401      10099      12500      12500       1.14       0.29     10964.45   8670.50     12500   
10427053.00    555        1833       2388       2445      10167      12612      12612       1.13       0.28     11153.55   8481.41     12612   
10541636.00    587        1883       2470       2413      10117      12530      12530       1.13       0.29     11088.51   8546.44     12530   
10656219.00    563        1738       2301       2437      10262      12699      12699       1.14       0.27     11177.45   8457.51     12699   
10770802.00    529        1613       2142       2471      10387      12858      12858       1.14       0.26     11317.24   8317.71     12858   
10885385.00    527        1594       2121       2473      10406      12879      12879       1.13       0.26     11407.62   8227.33     12879   
10999968.00    564        1719       2283       2436      10281      12717      12717       1.12       0.27     11329.39   8305.56     12717   
11114551.00    556        1812       2368       2444      10188      12632      12632       1.12       0.28     11324.20   8310.76     12632   
11229134.00    571        1763       2334       2429      10237      12666      12666       1.12       0.28     11325.57   8309.39     12666   
11343717.00    594        1894       2488       2406      10106      12512      12512       1.11       0.30     11230.22   8404.74     12512   
11458300.00    613        2020       2633       2387       9980      12367      12367       1.12       0.31     11074.49   8560.47     12367   
11572883.00    637        1978       2615       2363      10022      12385      12385       1.12       0.31     11095.98   8538.97     12385   
11687466.00    645        2090       2735       2355       9910      12265      12265       1.11       0.32     11011.37   8623.59     12265   
11802049.00    641        2020       2661       2359       9980      12339      12339       1.12       0.31     11012.47   8622.49     12339   
11916632.00    624        1945       2569       2376      10055      12431      12431       1.12       0.30     11074.00   8560.95     12431   
12031215.00    632        1915       2547       2368      10085      12453      12453       1.12       0.30     11079.03   8555.92     12453   
12145798.00    627        1983       2610       2373      10017      12390      12390       1.13       0.30     10958.29   8676.66     12390   
12260381.00    602        1945       2547       2398      10055      12453      12453       1.13       0.30     11050.64   8584.31     12453   
12374964.00    651        2104       2755       2349       9896      12245      12245       1.13       0.31     10846.01   8788.94     12245   
12489547.00    653        2088       2741       2347       9912      12259      12259       1.13       0.31     10862.03   8772.93     12259   
12604130.00    605        1918       2523       2395      10082      12477      12477       1.13       0.29     10994.94   8640.02     12477   
12718713.00    618        1923       2541       2382      10077      12459      12459       1.13       0.29     11002.46   8632.49     12459   
12833296.00    624        1976       2600       2376      10024      12400      12400       1.13       0.30     10983.23   8651.72     12400   
12947879.00    610        1922       2532       2390      10078      12468      12468       1.14       0.29     10973.19   8661.77     12468   
13062462.00    588        1829       2417       2412      10171      12583      12583       1.14       0.28     11072.56   8562.39     12583   
13177045.00    587        1781       2368       2413      10219      12632      12632       1.13       0.28     11225.32   8409.64     12632   
13291628.00    584        1865       2449       2416      10135      12551      12551       1.12       0.29     11190.96   8443.99     12551   
13406211.00    639        1965       2604       2361      10035      12396      12396       1.13       0.30     11015.08   8619.87     12396   
13520794.00    635        1998       2633       2365      10002      12367      12367       1.13       0.30     10959.89   8675.06     12367   
13635377.00    631        1978       2609       2369      10022      12391      12391       1.13       0.30     10960.19   8674.77     12391   
13749960.00    638        1946       2584       2362      10054      12416      12416       1.13       0.30     10974.75   8660.20     12416   
13864543.00    627        1900       2527       2373      10100      12473      12473       1.14       0.29     10976.10   8658.85     12473   
13979126.00    623        1943       2566       2377      10057      12434      12434       1.14       0.29     10875.90   8759.06     12434   
14093709.00    632        1966       2598       2368      10034      12402      12402       1.15       0.29     10788.33   8846.63     12402   
14208292.00    596        1798       2394       2404      10202      12606      12606       1.14       0.28     11021.30   8613.66     12606   
14322875.00    590        1807       2397       2410      10193      12603      12603       1.14       0.28     11016.05   8618.90     12603   
14437458.00    524        1734       2258       2476      10266      12742      12742       1.14       0.27     11164.40   8470.55     12742   
14552041.00    539        1717       2256       2461      10283      12744      12744       1.14       0.27     11141.06   8493.89     12744   
14666624.00    522        1625       2147       2478      10375      12853      12853       1.13       0.26     11330.03   8304.92     12853   
14781207.00    585        1736       2321       2415      10264      12679      12679       1.14       0.27     11166.54   8468.42     12679   
14895790.00    582        1781       2363       2418      10219      12637      12637       1.13       0.28     11170.55   8464.40     12637   
15010373.00    583        1795       2378       2417      10205      12622      12622       1.13       0.28     11173.62   8461.33     12622   
15124956.00    595        1828       2423       2405      10172      12577      12577       1.14       0.28     11065.78   8569.17     12577   
15239539.00    637        1927       2564       2363      10073      12436      12436       1.13       0.30     10998.89   8636.06     12436   
15354122.00    644        2007       2651       2356       9993      12349      12349       1.13       0.30     10925.54   8709.42     12349   
15468705.00    697        2139       2836       2303       9861      12164      12164       1.14       0.32     10714.34   8920.61     12164   
15583288.00    650        2018       2668       2350       9982      12332      12332       1.14       0.30     10862.95   8772.01     12332   
15697871.00    609        1799       2408       2391      10201      12592      12592       1.13       0.28     11095.02   8539.94     12592   
15812454.00    615        1815       2430       2385      10185      12570      12570       1.14       0.28     11047.16   8587.79     12570   
15927037.00    607        1849       2456       2393      10151      12544      12544       1.14       0.28     10975.20   8659.75     12544   
16041620.00    590        1775       2365       2410      10225      12635      12635       1.14       0.28     11105.03   8529.93     12635   
16156203.00    619        1848       2467       2381      10152      12533      12533       1.14       0.29     11042.13   8592.82     12533   
16270786.00    647        1970       2617       2353      10030      12383      12383       1.14       0.30     10854.70   8780.26     12383   
16385369.00    588        1753       2341       2412      10247      12659      12659       1.15       0.27     11051.96   8583.00     12659   
16499952.00    605        1728       2333       2395      10272      12667      12667       1.14       0.27     11114.22   8520.73     12667   
16614535.00    581        1622       2203       2419      10378      12797      12797       1.14       0.26     11242.25   8392.70     12797   
16729118.00    587        1616       2203       2413      10384      12797      12797       1.13       0.26     11297.10   8337.86     12797   
16843701.00    588        1729       2317       2412      10271      12683      12683       1.13       0.27     11187.42   8447.54     12683   
16958284.00    622        1802       2424       2378      10198      12576      12576       1.13       0.29     11161.94   8473.01     12576   
17072867.00    601        1841       2442       2399      10159      12558      12558       1.12       0.29     11165.73   8469.23     12558   
17187450.00    714        2228       2942       2286       9772      12058      12058       1.13       0.33     10709.07   8925.88     12058   
17302033.00    735        2268       3003       2265       9732      11997      11997       1.12       0.33     10668.83   8966.13     11997   
17416616.00    626        1998       2624       2374      10002      12376      12376       1.13       0.30     10916.18   8718.77     12376   
17531199.00    681        2258       2939       2319       9742      12061      12061       1.14       0.32     10543.13   9091.83     12061   
17645782.00    616        2027       2643       2384       9973      12357      12357       1.14       0.30     10838.32   8796.64     12357   
17760365.00    611        2021       2632       2389       9979      12368      12368       1.14       0.30     10861.79   8773.17     12368   
17874948.00    585        1866       2451       2415      10134      12549      12549       1.13       0.29     11064.37   8570.59     12549   
17989531.00    570        1831       2401       2430      10169      12599      12599       1.13       0.28     11152.62   8482.33     12599   
18104114.00    550        1783       2333       2450      10217      12667      12667       1.13       0.28     11227.77   8407.19     12667   
18218697.00    567        1698       2265       2433      10302      12735      12735       1.14       0.27     11216.65   8418.30     12735   
18333280.00    599        1845       2444       2401      10155      12556      12556       1.14       0.28     11000.69   8634.26     12556   
18447863.00    566        1790       2356       2434      10210      12644      12644       1.14       0.28     11114.24   8520.72     12644   
18562446.00    588        1865       2453       2412      10135      12547      12547       1.14       0.29     11050.97   8583.99     12547   
18677029.00    580        1898       2478       2420      10102      12522      12522       1.14       0.29     10998.51   8636.44     12522   
18791612.00    573        1862       2435       2427      10138      12565      12565       1.14       0.28     11067.47   8567.49     12565   
18906195.00    555        1685       2240       2445      10315      12760      12760       1.14       0.27     11235.06   8399.89     12760   
19020778.00    551        1692       2243       2449      10308      12757      12757       1.13       0.27     11263.70   8371.26     12757   
19135361.00    543        1759       2302       2457      10241      12698      12698       1.13       0.28     11286.90   8348.06     12698   
19249944.00    562        1786       2348       2438      10214      12652      12652       1.13       0.28     11181.88   8453.07     12652   
19364527.00    539        1719       2258       2461      10281      12742      12742       1.13       0.27     11239.74   8395.21     12742   
19479110.00    548        1787       2335       2452      10213      12665      12665       1.13       0.28     11219.39   8415.57     12665   
19593693.00    601        1911       2512       2399      10089      12488      12488       1.13       0.29     11068.71   8566.25     12488   
19708276.00    600        1838       2438       2400      10162      12562      12562       1.13       0.28     11068.05   8566.90     12562   
19822859.00    674        1960       2634       2326      10040      12366      12366       1.13       0.30     10912.58   8722.38     12366   
19937442.00    621        1864       2485       2379      10136      12515      12515       1.13       0.29     11072.74   8562.22     12515   
20052025.00    584        1925       2509       2416      10075      12491      12491       1.14       0.29     10983.81   8651.14     12491   
20166608.00    579        1795       2374       2421      10205      12626      12626       1.14       0.28     11086.75   8548.21     12626   
20281191.00    588        1815       2403       2412      10185      12597      12597       1.15       0.28     10989.38   8645.58     12597   
20395774.00    597        1771       2368       2403      10229      12632      12632       1.15       0.28     11024.66   8610.29     12632   
20510357.00    557        1712       2269       2443      10288      12731      12731       1.15       0.27     11102.96   8531.99     12731   
20624940.00    560        1704       2264       2440      10296      12736      12736       1.15       0.26     11089.32   8545.64     12736   
20739523.00    552        1677       2229       2448      10323      12771      12771       1.14       0.26     11186.66   8448.29     12771   
20854106.00    531        1665       2196       2469      10335      12804      12804       1.15       0.26     11156.31   8478.65     12804   
20968689.00    538        1737       2275       2462      10263      12725      12725       1.14       0.27     11150.95   8484.00     12725   
21083272.00    545        1751       2296       2455      10249      12704      12704       1.15       0.27     11073.67   8561.29     12704   
21197855.00    538        1658       2196       2462      10342      12804      12804       1.14       0.26     11251.28   8383.67     12804   
21312438.00    576        1822       2398       2424      10178      12602      12602       1.14       0.28     11068.41   8566.55     12602   
21427021.00    550        1738       2288       2450      10262      12712      12712       1.13       0.27     11258.87   8376.09     12712   
21541604.00    561        1729       2290       2439      10271      12710      12710       1.12       0.27     11301.31   8333.64     12710   
21656187.00    600        1863       2463       2400      10137      12537      12537       1.12       0.29     11150.80   8484.15     12537   
21770770.00    599        1913       2512       2401      10087      12488      12488       1.14       0.29     10969.74   8665.22     12488   
21885353.00    570        1812       2382       2430      10188      12618      12618       1.14       0.28     11082.50   8552.45     12618   
21999936.00    586        1732       2318       2414      10268      12682      12682       1.14       0.27     11114.48   8520.48     12682   
22114519.00    569        1696       2265       2431      10304      12735      12735       1.14       0.27     11143.86   8491.09     12735   
22229102.00    568        1847       2415       2432      10153      12585      12585       1.14       0.28     11011.00   8623.96     12585   
22343685.00    564        1807       2371       2436      10193      12629      12629       1.13       0.28     11130.10   8504.86     12629   
22458268.00    555        1730       2285       2445      10270      12715      12715       1.14       0.27     11199.54   8435.41     12715   
22572851.00    564        1714       2278       2436      10286      12722      12722       1.13       0.27     11256.89   8378.07     12722   
22687434.00    540        1717       2257       2460      10283      12743      12743       1.13       0.27     11277.48   8357.47     12743   
22802017.00    571        1814       2385       2429      10186      12615      12615       1.14       0.28     11108.13   8526.82     12615   
22916600.00    584        1894       2478       2416      10106      12522      12522       1.14       0.29     10972.16   8662.80     12522   
23031183.00    557        1865       2422       2443      10135      12578      12578       1.14       0.28     11047.05   8587.91     12578   
23145766.00    567        1931       2498       2433      10069      12502      12502       1.14       0.29     10934.75   8700.21     12502   
23260349.00    583        1915       2498       2417      10085      12502      12502       1.14       0.29     10949.24   8685.71     12502   
23374932.00    572        1853       2425       2428      10147      12575      12575       1.15       0.28     10974.19   8660.76     12575   
23489515.00    537        1726       2263       2463      10274      12737      12737       1.14       0.27     11141.45   8493.50     12737   
23604098.00    578        1821       2399       2422      10179      12601      12601       1.14       0.28     11024.48   8610.47     12601   
23718681.00    624        1973       2597       2376      10027      12403      12403       1.14       0.30     10854.51   8780.45     12403   
23833264.00    561        1868       2429       2439      10132      12571      12571       1.14       0.28     11003.56   8631.40     12571   
23947847.00    535        1754       2289       2465      10246      12711      12711       1.15       0.27     11096.56   8538.39     12711   
24062430.00    547        1725       2272       2453      10275      12728      12728       1.14       0.27     11148.04   8486.91     12728   
24177013.00    563        1762       2325       2437      10238      12675      12675       1.15       0.27     10989.12   8645.84     12675   
24291596.00    508        1725       2233       2492      10275      12767      12767       1.15       0.26     11090.36   8544.60     12767   
24406179.00    511        1609       2120       2489      10391      12880      12880       1.15       0.25     11223.98   8410.98     12880   
24520762.00    514        1653       2167       2486      10347      12833      12833       1.14       0.26     11285.14   8349.81     12833   
24635345.00    567        1832       2399       2433      10168      12601      12601       1.14       0.28     11081.02   8553.94     12601   
24749928.00    637        1987       2624       2363      10013      12376      12376       1.14       0.30     10853.43   8781.52     12376   
24864511.00    651        2066       2717       2349       9934      12283      12283       1.14       0.31     10770.98   8863.98     12283   
24979094.00    616        1960       2576       2384      10040      12424      12424       1.14       0.29     10869.39   8765.56     12424   
25093677.00    588        1876       2464       2412      10124      12536      12536       1.14       0.28     10953.08   8681.87     12536   
25208260.00    598        1785       2383       2402      10215      12617      12617       1.15       0.28     11000.04   8634.91     12617   
25322843.00    536        1704       2240       2464      10296      12760      12760       1.15       0.26     11119.66   8515.30     12760   
25437426.00    533        1678       2211       2467      10322      12789      12789       1.15       0.26     11095.54   8539.41     12789   
25552009.00    516        1668       2184       2484      10332      12816      12816       1.15       0.26     11106.34   8528.62     12816   
25666592.00    534        1704       2238       2466      10296      12762      12762       1.15       0.26     11142.32   8492.63     12762   
25781175.00    506        1717       2223       2494      10283      12777      12777       1.14       0.26     11169.94   8465.02     12777   
25895758.00    544        1683       2227       2456      10317      12773      12773       1.14       0.26     11184.28   8450.68     12773   
26010341.00    581        1855       2436       2419      10145      12564      12564       1.14       0.28     11003.44   8631.51     12564   
26124924.00    555        1798       2353       2445      10202      12647      12647       1.14       0.27     11047.99   8586.97     12647   
26239507.00    609        1850       2459       2391      10150      12541      12541       1.15       0.28     10858.35   8776.61     12541   
26354090.00    565        1763       2328       2435      10237      12672      12672       1.15       0.27     10981.36   8653.59     12672   
26468673.00    568        1729       2297       2432      10271      12703      12703       1.15       0.27     11046.82   8588.13     12703   
26583256.00    547        1764       2311       2453      10236      12689      12689       1.15       0.27     11013.53   8621.43     12689   
26697839.00    535        1653       2188       2465      10347      12812      12812       1.15       0.26     11126.13   8508.83     12812   
26812422.00    565        1740       2305       2435      10260      12695      12695       1.15       0.27     11035.60   8599.35     12695   
26927005.00    555        1731       2286       2445      10269      12714      12714       1.15       0.27     11052.76   8582.19     12714   
27041588.00    551        1778       2329       2449      10222      12671      12671       1.15       0.27     11022.66   8612.30     12671   
27156171.00    564        1797       2361       2436      10203      12639      12639       1.15       0.27     11035.36   8599.60     12639   
27270754.00    538        1725       2263       2462      10275      12737      12737       1.15       0.27     11109.62   8525.33     12737   
27385337.00    536        1650       2186       2464      10350      12814      12814       1.14       0.26     11236.81   8398.14     12814   
27499920.00    586        1726       2312       2414      10274      12688      12688       1.15       0.27     11068.70   8566.26     12688   
27614503.00    598        1834       2432       2402      10166      12568      12568       1.14       0.28     10994.33   8640.63     12568   
27729086.00    581        1699       2280       2419      10301      12720      12720       1.14       0.27     11127.75   8507.20     12720   
27843669.00    555        1702       2257       2445      10298      12743      12743       1.14       0.27     11163.12   8471.84     12743   
27958252.00    511        1606       2117       2489      10394      12883      12883       1.14       0.25     11295.23   8339.72     12883   
28072835.00    533        1838       2371       2467      10162      12629      12629       1.14       0.28     11107.12   8527.83     12629   
28187418.00    569        1892       2461       2431      10108      12539      12539       1.14       0.28     10991.60   8643.35     12539   
28302001.00    585        1946       2531       2415      10054      12469      12469       1.15       0.29     10875.85   8759.10     12469   
28416584.00    543        1755       2298       2457      10245      12702      12702       1.14       0.27     11143.15   8491.80     12702   
28531167.00    511        1692       2203       2489      10308      12797      12797       1.14       0.26     11198.62   8436.34     12797   
28645750.00    539        1649       2188       2461      10351      12812      12812       1.14       0.26     11286.82   8348.14     12812   
28760333.00    582        1674       2256       2418      10326      12744      12744       1.14       0.27     11194.27   8440.69     12744   
28874916.00    581        1649       2230       2419      10351      12770      12770       1.14       0.27     11250.50   8384.45     12770   
28989499.00    563        1659       2222       2437      10341      12778      12778       1.14       0.26     11241.52   8393.43     12778   
29104082.00    581        1736       2317       2419      10264      12683      12683       1.13       0.28     11238.91   8396.04     12683   
29218665.00    578        1887       2465       2422      10113      12535      12535       1.14       0.29     11017.74   8617.21     12535   
29333248.00    572        1754       2326       2428      10246      12674      12674       1.14       0.27     11090.40   8544.55     12674   
29447831.00    542        1628       2170       2458      10372      12830      12830       1.14       0.26     11303.07   8331.88     12830   
29562414.00    516        1641       2157       2484      10359      12843      12843       1.13       0.26     11412.85   8222.10     12843   
29676997.00    597        1936       2533       2403      10064      12467      12467       1.12       0.30     11100.75   8534.20     12467   
29791580.00    614        1999       2613       2386      10001      12387      12387       1.13       0.30     11009.38   8625.57     12387   
29906163.00    665        2133       2798       2335       9867      12202      12202       1.12       0.32     10848.73   8786.23     12202   
30020746.00    699        2131       2830       2301       9869      12170      12170       1.13       0.32     10761.26   8873.70     12170   
30135329.00    613        1996       2609       2387      10004      12391      12391       1.13       0.30     10947.46   8687.49     12391   
30249912.00    566        1904       2470       2434      10096      12530      12530       1.13       0.29     11046.04   8588.92     12530   
30364495.00    554        1746       2300       2446      10254      12700      12700       1.14       0.27     11162.56   8472.40     12700   
30479078.00    527        1694       2221       2473      10306      12779      12779       1.14       0.26     11177.99   8456.96     12779   
30593661.00    582        1771       2353       2418      10229      12647      12647       1.15       0.27     11016.49   8618.47     12647   
30708244.00    603        1968       2571       2397      10032      12429      12429       1.15       0.29     10813.08   8821.87     12429   
30822827.00    624        2029       2653       2376       9971      12347      12347       1.15       0.30     10720.95   8914.01     12347   
30937410.00    605        1922       2527       2395      10078      12473      12473       1.15       0.29     10850.68   8784.28     12473   
31051993.00    541        1733       2274       2459      10267      12726      12726       1.15       0.26     11026.44   8608.51     12726   
31166576.00    586        1721       2307       2414      10279      12693      12693       1.15       0.27     11066.50   8568.46     12693   
31281159.00    600        1817       2417       2400      10183      12583      12583       1.14       0.28     11005.36   8629.60     12583   
31395742.00    547        1613       2160       2453      10387      12840      12840       1.14       0.26     11226.96   8408.00     12840   
31510325.00    560        1628       2188       2440      10372      12812      12812       1.14       0.26     11202.82   8432.13     12812   
31624908.00    555        1697       2252       2445      10303      12748      12748       1.15       0.26     11127.94   8507.02     12748   
31739491.00    521        1639       2160       2479      10361      12840      12840       1.14       0.26     11234.94   8400.01     12840   
31854074.00    494        1588       2082       2506      10412      12918      12918       1.14       0.25     11305.17   8329.78     12918   
31968657.00    534        1648       2182       2466      10352      12818      12818       1.15       0.26     11192.42   8442.54     12818   
32083240.00    538        1694       2232       2462      10306      12768      12768       1.14       0.26     11186.57   8448.39     12768   
32197823.00    572        1822       2394       2428      10178      12606      12606       1.14       0.28     11063.68   8571.27     12606   
32312406.00    607        1963       2570       2393      10037      12430      12430       1.14       0.29     10878.76   8756.20     12430   
32426989.00    596        1944       2540       2404      10056      12460      12460       1.15       0.29     10805.49   8829.46     12460   
32541572.00    558        1804       2362       2442      10196      12638      12638       1.15       0.27     10959.72   8675.24     12638   
32656155.00    607        1874       2481       2393      10126      12519      12519       1.15       0.28     10896.81   8738.14     12519   
32770738.00    630        1997       2627       2370      10003      12373      12373       1.14       0.30     10813.60   8821.36     12373   
32885321.00    576        1906       2482       2424      10094      12518      12518       1.15       0.28     10890.68   8744.28     12518   
32999904.00    585        1761       2346       2415      10239      12654      12654       1.15       0.27     11020.40   8614.56     12654   
33114487.00    526        1631       2157       2474      10369      12843      12843       1.15       0.25     11175.37   8459.59     12843   
33229070.00    502        1647       2149       2498      10353      12851      12851       1.16       0.25     11111.12   8523.83     12851   
33343653.00    509        1588       2097       2491      10412      12903      12903       1.15       0.25     11210.73   8424.23     12903   
33458236.00    509        1620       2129       2491      10380      12871      12871       1.15       0.25     11235.78   8399.17     12871   
33572819.00    544        1725       2269       2456      10275      12731      12731       1.15       0.26     11067.96   8566.99     12731   
33687402.00    578        1766       2344       2422      10234      12656      12656       1.15       0.27     11029.56   8605.40     12656   
33801985.00    581        1805       2386       2419      10195      12614      12614       1.15       0.28     10972.07   8662.89     12614   
33916568.00    581        1767       2348       2419      10233      12652      12652       1.15       0.27     11045.56   8589.40     12652   
34031151.00    547        1758       2305       2453      10242      12695      12695       1.15       0.27     11027.99   8606.97     12695   
34145734.00    540        1731       2271       2460      10269      12729      12729       1.15       0.27     11083.53   8551.43     12729   
34260317.00    573        1835       2408       2427      10165      12592      12592       1.15       0.28     10912.46   8722.50     12592   
34374900.00    538        1748       2286       2462      10252      12714      12714       1.15       0.27     11017.84   8617.12     12714   
34489483.00    562        1724       2286       2438      10276      12714      12714       1.15       0.27     11034.42   8600.54     12714   
34604066.00    575        1841       2416       2425      10159      12584      12584       1.15       0.28     10945.06   8689.90     12584   
34718649.00    606        1953       2559       2394      10047      12441      12441       1.16       0.29     10732.67   8902.28     12441   
34833232.00    583        1865       2448       2417      10135      12552      12552       1.16       0.28     10783.16   8851.80     12552   
34947815.00    570        1829       2399       2430      10171      12601      12601       1.16       0.27     10866.71   8768.25     12601   
35062398.00    530        1765       2295       2470      10235      12705      12705       1.16       0.27     10991.97   8642.99     12705   
35176981.00    530        1655       2185       2470      10345      12815      12815       1.15       0.26     11124.52   8510.43     12815   
35291564.00    510        1593       2103       2490      10407      12897      12897       1.15       0.25     11194.73   8440.23     12897   
35406147.00    501        1555       2056       2499      10445      12944      12944       1.15       0.24     11217.73   8417.22     12944   
35520730.00    520        1621       2141       2480      10379      12859      12859       1.16       0.25     11102.08   8532.88     12859   
35635313.00    568        1724       2292       2432      10276      12708      12708       1.16       0.27     10996.74   8638.22     12708   
35749896.00    575        1754       2329       2425      10246      12671      12671       1.16       0.27     10909.14   8725.81     12671   
35864479.00    576        1703       2279       2424      10297      12721      12721       1.16       0.26     10956.13   8678.82     12721   
35979062.00    547        1673       2220       2453      10327      12780      12780       1.16       0.26     11049.08   8585.87     12780   
36093645.00    506        1618       2124       2494      10382      12876      12876       1.16       0.25     11076.03   8558.92     12876   
36208228.00    515        1585       2100       2485      10415      12900      12900       1.17       0.24     11030.67   8604.29     12900   
36322811.00    486        1531       2017       2514      10469      12983      12983       1.16       0.24     11147.15   8487.80     12983   
36437394.00    525        1580       2105       2475      10420      12895      12895       1.16       0.25     11070.23   8564.73     12895   
36551977.00    498        1549       2047       2502      10451      12953      12953       1.16       0.24     11161.65   8473.30     12953   
36666560.00    490        1477       1967       2510      10523      13033      13033       1.15       0.24     11305.58   8329.38     13033   
36781143.00    516        1605       2121       2484      10395      12879      12879       1.16       0.25     11138.82   8496.13     12879   
36895726.00    555        1713       2268       2445      10287      12732      12732       1.15       0.26     11030.02   8604.93     12732   
37010309.00    529        1765       2294       2471      10235      12706      12706       1.15       0.27     11008.51   8626.45     12706   
37124892.00    524        1634       2158       2476      10366      12842      12842       1.16       0.25     11044.30   8590.66     12842   
37239475.00    453        1442       1895       2547      10558      13105      13105       1.16       0.23     11267.23   8367.72     13105   
37354058.00    485        1441       1926       2515      10559      13074      13074       1.16       0.23     11232.71   8402.25     13074   
37468641.00    502        1492       1994       2498      10508      13006      13006       1.16       0.24     11246.51   8388.45     13006   
37583224.00    513        1546       2059       2487      10454      12941      12941       1.16       0.24     11193.68   8441.28     12941   
37697807.00    493        1586       2079       2507      10414      12921      12921       1.16       0.24     11140.43   8494.53     12921   
37812390.00    504        1581       2085       2496      10419      12915      12915       1.16       0.25     11169.65   8465.31     12915   
37926973.00    514        1583       2097       2486      10417      12903      12903       1.15       0.25     11172.42   8462.53     12903   
38041556.00    544        1692       2236       2456      10308      12764      12764       1.16       0.26     10973.95   8661.01     12764   
38156139.00    520        1569       2089       2480      10431      12911      12911       1.17       0.24     11071.33   8563.63     12911   
38270722.00    487        1432       1919       2513      10568      13081      13081       1.16       0.23     11240.43   8394.53     13081   
38385305.00    468        1413       1881       2532      10587      13119      13119       1.15       0.23     11406.74   8228.21     13119   
38499888.00    479        1390       1869       2521      10610      13131      13131       1.14       0.23     11517.76   8117.20     13131   
38614471.00    508        1570       2078       2492      10430      12922      12922       1.14       0.25     11310.00   8324.96     12922   
38729054.00    568        1792       2360       2432      10208      12640      12640       1.15       0.27     11014.61   8620.34     12640   
38843637.00    580        1836       2416       2420      10164      12584      12584       1.16       0.28     10879.46   8755.50     12584   
38958220.00    550        1786       2336       2450      10214      12664      12664       1.16       0.27     10947.89   8687.07     12664   
39072803.00    547        1715       2262       2453      10285      12738      12738       1.16       0.26     10997.83   8637.13     12738   
39187386.00    510        1634       2144       2490      10366      12856      12856       1.15       0.25     11152.28   8482.68     12856   
39301969.00    544        1695       2239       2456      10305      12761      12761       1.16       0.26     11033.12   8601.83     12761   
39416552.00    544        1684       2228       2456      10316      12772      12772       1.16       0.26     10976.00   8658.96     12772   
39531135.00    532        1578       2110       2468      10422      12890      12890       1.16       0.25     11074.59   8560.36     12890   
39645718.00    514        1609       2123       2486      10391      12877      12877       1.16       0.25     11125.92   8509.04     12877   
39760301.00    540        1662       2202       2460      10338      12798      12798       1.17       0.25     10962.20   8672.76     12798   
39874884.00    498        1548       2046       2502      10452      12954      12954       1.16       0.24     11196.72   8438.24     12954   
39989467.00    519        1573       2092       2481      10427      12908      12908       1.15       0.25     11177.51   8457.44     12908   
40104050.00    513        1544       2057       2487      10456      12943      12943       1.15       0.24     11215.52   8419.44     12943   
40218633.00    515        1533       2048       2485      10467      12952      12952       1.16       0.24     11160.17   8474.79     12952   
40333216.00    518        1432       1950       2482      10568      13050      13050       1.16       0.23     11280.94   8354.01     13050   
40447799.00    517        1415       1932       2483      10585      13068      13068       1.15       0.23     11359.94   8275.01     13068   
40562382.00    528        1418       1946       2472      10582      13054      13054       1.15       0.24     11389.56   8245.40     13054   
40676965.00    568        1659       2227       2432      10341      12773      12773       1.15       0.26     11120.42   8514.53     12773   
40791548.00    580        1727       2307       2420      10273      12693      12693       1.14       0.27     11098.88   8536.07     12693   
40906131.00    575        1778       2353       2425      10222      12647      12647       1.15       0.27     11027.30   8607.65     12647   
41020714.00    596        1771       2367       2404      10229      12633      12633       1.14       0.28     11049.37   8585.58     12633   
41135297.00    607        1722       2329       2393      10278      12671      12671       1.14       0.27     11108.74   8526.21     12671   
41249880.00    566        1712       2278       2434      10288      12722      12722       1.14       0.27     11129.35   8505.60     12722   
41364463.00    534        1506       2040       2466      10494      12960      12960       1.14       0.25     11364.39   8270.56     12960   
41479046.00    507        1464       1971       2493      10536      13029      13029       1.14       0.24     11476.22   8158.74     13029   
41593629.00    542        1594       2136       2458      10406      12864      12864       1.13       0.26     11342.06   8292.89     12864   
41708212.00    547        1599       2146       2453      10401      12854      12854       1.14       0.26     11318.38   8316.57     12854   
41822795.00    568        1697       2265       2432      10303      12735      12735       1.13       0.27     11263.20   8371.75     12735   
41937378.00    608        1893       2501       2392      10107      12499      12499       1.15       0.29     10914.96   8719.99     12499   
42051961.00    620        1953       2573       2380      10047      12427      12427       1.15       0.29     10805.70   8829.25     12427   
42166544.00    626        1888       2514       2374      10112      12486      12486       1.15       0.29     10886.49   8748.47     12486   
42281127.00    602        1821       2423       2398      10179      12577      12577       1.15       0.28     10933.88   8701.07     12577   
42395710.00    580        1784       2364       2420      10216      12636      12636       1.15       0.27     11001.57   8633.38     12636   
42510293.00    593        1789       2382       2407      10211      12618      12618       1.15       0.27     10955.31   8679.65     12618   
42624876.00    595        1791       2386       2405      10209      12614      12614       1.15       0.28     10966.44   8668.51     12614   
42739459.00    588        1717       2305       2412      10283      12695      12695       1.16       0.27     10984.75   8650.20     12695   
42854042.00    601        1847       2448       2399      10153      12552      12552       1.16       0.28     10793.74   8841.22     12552   
42968625.00    605        1856       2461       2395      10144      12539      12539       1.17       0.28     10732.04   8902.92     12539   
43083208.00    573        1719       2292       2427      10281      12708      12708       1.17       0.26     10877.52   8757.44     12708   
43197791.00    560        1690       2250       2440      10310      12750      12750       1.16       0.26     10960.93   8674.02     12750   
43312374.00    525        1653       2178       2475      10347      12822      12822       1.15       0.26     11119.09   8515.87     12822   
43426957.00    541        1621       2162       2459      10379      12838      12838       1.16       0.25     11076.52   8558.43     12838   
43541540.00    478        1477       1955       2522      10523      13045      13045       1.16       0.23     11241.11   8393.84     13045   
43656123.00    463        1385       1848       2537      10615      13152      13152       1.16       0.22     11348.49   8286.46     13152   
43770706.00    473        1358       1831       2527      10642      13169      13169       1.15       0.22     11403.98   8230.98     13169   
43885289.00    486        1422       1908       2514      10578      13092      13092       1.16       0.23     11326.06   8308.89     13092   
43999872.00    505        1464       1969       2495      10536      13031      13031       1.16       0.24     11261.99   8372.96     13031   
44114455.00    534        1469       2003       2466      10531      12997      12997       1.15       0.24     11298.13   8336.82     12997   
44229038.00    566        1680       2246       2434      10320      12754      12754       1.15       0.26     11115.16   8519.80     12754   
44343621.00    542        1625       2167       2458      10375      12833      12833       1.15       0.26     11170.33   8464.63     12833   
44458204.00    531        1674       2205       2469      10326      12795      12795       1.15       0.26     11129.88   8505.08     12795   
44572787.00    535        1702       2237       2465      10298      12763      12763       1.15       0.26     11140.07   8494.88     12763   
44687370.00    537        1752       2289       2463      10248      12711      12711       1.15       0.27     11058.38   8576.58     12711   
44801953.00    566        1707       2273       2434      10293      12727      12727       1.15       0.26     11024.00   8610.95     12727   
44916536.00    512        1650       2162       2488      10350      12838      12838       1.16       0.25     11079.50   8555.45     12838   
45031119.00    541        1565       2106       2459      10435      12894      12894       1.15       0.25     11177.03   8457.92     12894   
45145702.00    538        1609       2147       2462      10391      12853      12853       1.15       0.25     11152.40   8482.56     12853   
45260285.00    524        1638       2162       2476      10362      12838      12838       1.15       0.26     11181.85   8453.10     12838   
45374868.00    560        1635       2195       2440      10365      12805      12805       1.15       0.26     11181.06   8453.89     12805   
45489451.00    570        1655       2225       2430      10345      12775      12775       1.15       0.26     11127.52   8507.44     12775   
45604034.00    595        1718       2313       2405      10282      12687      12687       1.15       0.27     10997.84   8637.12     12687   
45718617.00    572        1671       2243       2428      10329      12757      12757       1.15       0.26     11107.42   8527.53     12757   
45833200.00    596        1743       2339       2404      10257      12661      12661       1.15       0.27     11022.12   8612.83     12661   
