 Timestep    Gas_A      Gas_B     Gas_tot    Dense_A    Dense_B   Dense_tot   Lg_clust  DP_density GP_density Clust_area  Gas_area     MCS    
   0.00       7500       7500      15000        0          0          0          6         0.00       0.76       0.00     19634.96      0     
 83333.00     7500       7500      15000        0          0          0         229        0.00       0.76       0.00     19634.96      0     
166666.00     7500       7500      15000        0          0          0         280        0.00       0.76       0.00     19634.96      0     
249999.00     7500       7500      15000        0          0          0         317        0.00       0.76       0.00     19634.96      0     
333332.00     7500       7500      15000        0          0          0         413        0.00       0.76       0.00     19634.96      0     
416665.00     7500       7500      15000        0          0          0         638        0.00       0.76       0.00     19634.96      0     
499998.00     6941       6834      13775       559        666        1225       1225       1.01       0.75     1215.40    18419.56     1225   
583331.00     6957       6834      13791       543        666        1209       1209       1.04       0.75     1166.02    18468.93     1209   
666664.00     6915       6795      13710       585        705        1290       1290       1.04       0.75     1237.40    18397.56     1290   
749997.00     6864       6713      13577       636        787        1423       1423       1.06       0.74     1348.26    18286.69     1423   
833330.00     6893       6714      13607       607        786        1393       1393       1.05       0.74     1323.45    18311.50     1393   
916663.00     6829       6638      13467       671        862        1533       1533       1.03       0.74     1489.06    18145.90     1533   
999996.00     6845       6667      13512       655        833        1488       1488       1.03       0.74     1446.21    18188.75     1488   
1083329.00    6901       6709      13610       599        791        1390       1390       1.04       0.74     1337.39    18297.57     1390   
1166662.00    6392       5996      12388       1108       1504       2612       1412       1.03       0.72     2541.02    17093.93     1306   
1249995.00    6933       6736      13669       567        764        1331       1331       1.06       0.74     1254.90    18380.06     1331   
1333328.00    6847       6613      13460       653        887        1540       1540       1.06       0.74     1450.48    18184.47     1540   
1416661.00    6505       6086      12591       995        1414       2409       1373       1.06       0.73     2275.65    17359.30     1204   
1499994.00    6413       5958      12371       1087       1542       2629       1579       1.05       0.72     2495.00    17139.96     1314   
1583327.00    6439       6088      12527       1061       1412       2473       1469       1.03       0.73     2391.46    17243.49     1236   
1666660.00    5928       5268      11196       1572       2232       3804       1730       1.02       0.70     3733.45    15901.50     1268   
1749993.00    6431       6058      12489       1069       1442       2511       1285       1.03       0.73     2429.31    17205.65     1255   
1833326.00    6976       6715      13691       524        785        1309       1309       1.07       0.74     1227.95    18407.01     1309   
1916659.00    6830       6551      13381       670        949        1619       1619       1.03       0.74     1569.60    18065.36     1619   
1999992.00    6339       5818      12157       1161       1682       2843       1673       1.01       0.72     2814.02    16820.94     1421   
2083325.00    6743       6488      13231       757        1012       1769       1769       1.03       0.74     1725.42    17909.53     1769   
2166658.00    6775       6474      13249       725        1026       1751       1751       1.03       0.74     1697.79    17937.17     1751   
2249991.00    6221       5654      11875       1279       1846       3125       1635       1.02       0.72     3070.91    16564.04     1562   
2333324.00    6467       5965      12432       1033       1535       2568       2568       1.01       0.73     2534.91    17100.04     2568   
2416657.00    7042       6755      13797       458        745        1203       1203       1.02       0.75     1174.53    18460.42     1203   
2499990.00    6885       6691      13576       615        809        1424       1424       1.03       0.74     1378.39    18256.57     1424   
2583323.00    6784       6615      13399       716        885        1601       1601       1.02       0.74     1564.30    18070.65     1601   
2666656.00    5809       5340      11149       1691       2160       3851       1567       1.02       0.70     3763.59    15871.36     1283   
2749989.00    6186       5872      12058       1314       1628       2942       1560       1.03       0.72     2843.38    16791.57     1471   
2833322.00    6562       6172      12734       938        1328       2266       1244       1.03       0.73     2207.02    17427.94     1133   
2916655.00    6292       5946      12238       1208       1554       2762       2762       1.02       0.72     2699.64    16935.31     2762   
2999988.00    6475       6091      12566       1025       1409       2434       1261       1.02       0.73     2383.55    17251.41     1217   
3083321.00    6285       5818      12103       1215       1682       2897       1829       1.02       0.72     2842.91    16792.05     1448   
3166654.00    6718       6439      13157       782        1061       1843       1843       1.02       0.74     1801.02    17833.94     1843   
3249987.00    6688       6399      13087       812        1101       1913       1913       1.04       0.74     1834.33    17800.62     1913   
3333320.00    6660       6353      13013       840        1147       1987       1987       1.04       0.73     1909.84    17725.12     1987   
3416653.00    6070       5603      11673       1430       1897       3327       2228       1.03       0.71     3223.60    16411.36     1663   
3499986.00    6109       5609      11718       1391       1891       3282       2000       1.02       0.71     3204.36    16430.59     1641   
3583319.00    5794       5217      11011       1706       2283       3989       1704       1.04       0.70     3850.46    15784.49     1329   
3666652.00    5741       5092      10833       1759       2408       4167       1716       1.04       0.69     4002.15    15632.80     1389   
3749985.00    5517       4707      10224       1983       2793       4776       1755       1.03       0.68     4627.94    15007.02     1592   
3833318.00    5744       5137      10881       1756       2363       4119       1651       1.03       0.70     3994.67    15640.29     1373   
3916651.00    5760       5147      10907       1740       2353       4093       1661       1.03       0.70     3967.72    15667.24     1364   
3999984.00    5744       4971      10715       1756       2529       4285       1863       1.02       0.69     4211.06    15423.90     1428   
4083317.00    6395       5994      12389       1105       1506       2611       1595       1.03       0.72     2542.26    17092.70     1305   
4166650.00    6324       5829      12153       1176       1671       2847       1836       1.04       0.72     2740.54    16894.42     1423   
4249983.00    6233       5731      11964       1267       1769       3036       1843       1.04       0.72     2915.83    16719.12     1518   
4333316.00    6804       6417      13221       696        1083       1779       1779       1.04       0.74     1706.04    17928.91     1779   
4416649.00    6600       6226      12826       900        1274       2174       2174       1.01       0.73     2143.75    17491.21     2174   
4499982.00    6757       6410      13167       743        1090       1833       1833       1.02       0.74     1788.89    17846.07     1833   
4583315.00    6726       6408      13134       774        1092       1866       1866       1.03       0.74     1818.86    17816.09     1866   
4666648.00    6829       6532      13361       671        968        1639       1639       1.03       0.74     1585.19    18049.77     1639   
4749981.00    6676       6372      13048       824        1128       1952       1952       1.01       0.74     1937.11    17697.84     1952   
4833314.00    7500       7500      15000        0          0          0         933        0.00       0.76       0.00     19634.96      0     
4916647.00    6689       6448      13137       811        1052       1863       1863       1.02       0.74     1828.41    17806.54     1863   
4999980.00    6578       6299      12877       922        1201       2123       2123       1.01       0.73     2109.80    17525.15     2123   
5083313.00    6612       6402      13014       888        1098       1986       1986       1.00       0.74     1983.12    17651.83     1986   
5166646.00    6331       5943      12274       1169       1557       2726       1524       1.02       0.72     2685.14    16949.81     1363   
5249979.00    6633       6529      13162       867        971        1838       1838       1.04       0.74     1770.27    17864.68     1838   
5333312.00    6662       6461      13123       838        1039       1877       1877       1.05       0.74     1792.47    17842.49     1877   
5416645.00    6128       5911      12039       1372       1589       2961       1903       1.04       0.72     2851.82    16783.14     1480   
5499978.00    5996       5669      11665       1504       1831       3335       1944       1.02       0.71     3265.02    16369.94     1667   
5583311.00    5924       5533      11457       1576       1967       3543       3543       1.04       0.71     3419.57    16215.38     3543   
5666644.00    5874       5532      11406       1626       1968       3594       2117       1.03       0.71     3489.08    16145.88     1797   
5749977.00    5797       5370      11167       1703       2130       3833       2014       1.03       0.70     3713.97    15920.98     1916   
5833310.00    5871       5409      11280       1629       2091       3720       3720       1.05       0.70     3532.73    16102.23     3720   
5916643.00    5723       5241      10964       1777       2259       4036       4036       1.04       0.70     3876.59    15758.36     4036   
5999976.00    5864       5339      11203       1636       2161       3797       3797       1.04       0.70     3641.30    15993.66     3797   
6083309.00    5757       5192      10949       1743       2308       4051       4051       1.02       0.70     3955.05    15679.91     4051   
6166642.00    5954       5586      11540       1546       1914       3460       3460       1.03       0.71     3364.70    16270.26     3460   
6249975.00    5782       5407      11189       1718       2093       3811       3811       1.03       0.70     3708.85    15926.10     3811   
6333308.00    5859       5454      11313       1641       2046       3687       2545       1.03       0.71     3594.01    16040.95     1843   
6416641.00    5954       5513      11467       1546       1987       3533       3533       1.02       0.71     3461.17    16173.78     3533   
6499974.00    6034       5577      11611       1466       1923       3389       2015       1.02       0.71     3328.54    16306.42     1694   
6583307.00    6089       5590      11679       1411       1910       3321       1709       1.02       0.71     3262.72    16372.23     1660   
6666640.00    6216       5711      11927       1284       1789       3073       1756       1.02       0.72     3020.24    16614.71     1536   
6749973.00    5793       5189      10982       1707       2311       4018       2015       1.02       0.70     3939.29    15695.66     2009   
6833306.00    6347       5793      12140       1153       1707       2860       1667       1.02       0.72     2816.74    16818.21     1430   
6916639.00    5632       4898      10530       1868       2602       4470       2855       1.01       0.69     4445.89    15189.06     2235   
6999972.00    6978       6779      13757       522        721        1243       1243       0.99       0.75     1257.12    18377.84     1243   
7083305.00    7025       6729      13754       475        771        1246       1246       0.99       0.75     1258.57    18376.39     1246   
7166638.00    6429       5987      12416       1071       1513       2584       1553       1.01       0.73     2552.94    17082.02     1292   
7249971.00    6981       6922      13903       519        578        1097       1097       1.02       0.75     1074.36    18560.60     1097   
7333304.00    6354       6019      12373       1146       1481       2627       1580       1.01       0.73     2597.10    17037.85     1313   
7416637.00    6425       6025      12450       1075       1475       2550       1517       1.02       0.73     2502.89    17132.07     1275   
7499970.00    6263       5829      12092       1237       1671       2908       1808       1.02       0.72     2854.91    16780.05     1454   
7583303.00    6266       5771      12037       1234       1729       2963       2963       1.03       0.72     2883.51    16751.44     2963   
7666636.00    6207       5886      12093       1293       1614       2907       2907       1.03       0.72     2816.51    16818.45     2907   
7749969.00    6046       5636      11682       1454       1864       3318       3318       1.02       0.71     3247.61    16387.35     3318   
7833302.00    6086       5708      11794       1414       1792       3206       3206       1.03       0.71     3120.31    16514.64     3206   
7916635.00    5727       5093      10820       1773       2407       4180       4180       1.02       0.70     4085.81    15549.14     4180   
7999968.00    5927       5376      11303       1573       2124       3697       1892       1.01       0.71     3664.17    15970.78     1848   
8083301.00    6110       5688      11798       1390       1812       3202       1663       1.02       0.71     3130.55    16504.40     1601   
8166634.00    6280       5894      12174       1220       1606       2826       1620       1.03       0.72     2752.56    16882.40     1413   
8249967.00    6332       5944      12276       1168       1556       2724       1598       1.03       0.72     2643.98    16990.97     1362   
8333300.00    6210       5702      11912       1290       1798       3088       1732       1.03       0.72     2994.10    16640.85     1544   
8416633.00    6447       6030      12477       1053       1470       2523       1444       1.04       0.73     2428.81    17206.14     1261   
8499966.00    6239       5752      11991       1261       1748       3009       1913       1.02       0.72     2940.17    16694.78     1504   
8583299.00    6259       5713      11972       1241       1787       3028       1926       1.01       0.72     2994.69    16640.26     1514   
8666632.00    6879       6589      13468       621        911        1532       1532       1.04       0.74     1472.74    18162.21     1532   
8749965.00    6840       6586      13426       660        914        1574       1574       1.04       0.74     1514.20    18120.75     1574   
8833298.00    7065       6864      13929       435        636        1071       1071       1.05       0.75     1019.08    18615.87     1071   
8916631.00    6926       6713      13639       574        787        1361       1361       1.04       0.74     1304.38    18330.58     1361   
8999964.00    6860       6655      13515       640        845        1485       1485       1.05       0.74     1419.36    18215.60     1485   
9083297.00    6838       6607      13445       662        893        1555       1555       1.06       0.74     1462.00    18172.96     1555   
9166630.00    6341       6026      12367       1159       1474       2633       2633       1.05       0.72     2509.33    17125.62     2633   
9249963.00    6456       6103      12559       1044       1397       2441       2441       1.06       0.72     2306.77    17328.18     2441   
9333296.00    5923       5509      11432       1577       1991       3568       2531       1.04       0.71     3444.25    16190.71     1784   
9416629.00    6431       6150      12581       1069       1350       2419       2419       1.04       0.73     2320.28    17314.67     2419   
9499962.00    6406       6109      12515       1094       1391       2485       2485       1.05       0.73     2377.50    17257.45     2485   
9583295.00    6307       5964      12271       1193       1536       2729       2729       1.04       0.72     2616.74    17018.22     2729   
9666628.00    6335       5973      12308       1165       1527       2692       2692       1.05       0.72     2573.24    17061.71     2692   
9749961.00    6312       5963      12275       1188       1537       2725       2725       1.05       0.72     2596.45    17038.51     2725   
9833294.00    6338       5982      12320       1162       1518       2680       2680       1.05       0.72     2545.79    17089.16     2680   
9916627.00    6445       6061      12506       1055       1439       2494       2494       1.06       0.72     2357.43    17277.52     2494   
9999960.00    6278       5846      12124       1222       1654       2876       2876       1.05       0.72     2743.63    16891.33     2876   
10083293.00    6255       5772      12027       1245       1728       2973       2973       1.04       0.72     2870.43    16764.53     2973   
10166626.00    6277       5859      12136       1223       1641       2864       2864       1.04       0.72     2752.74    16882.22     2864   
10249959.00    5894       5302      11196       1606       2198       3804       3804       1.05       0.70     3623.76    16011.19     3804   
10333292.00    5559       4881      10440       1941       2619       4560       3281       1.05       0.68     4342.89    15292.06     2280   
10416625.00    5478       4839      10317       2022       2661       4683       3292       1.05       0.68     4471.08    15163.87     2341   
10499958.00    5453       4879      10332       2047       2621       4668       3357       1.05       0.68     4443.90    15191.05     2334   
10583291.00    5738       5221      10959       1762       2279       4041       2635       1.07       0.69     3783.35    15851.61     2020   
10666624.00    5722       5173      10895       1778       2327       4105       4105       1.06       0.69     3855.22    15779.73     4105   
10749957.00    5710       5188      10898       1790       2312       4102       2623       1.06       0.69     3854.00    15780.96     2051   
10833290.00    5731       5219      10950       1769       2281       4050       2697       1.07       0.69     3788.00    15846.95     2025   
10916623.00    5565       5097      10662       1935       2403       4338       2920       1.05       0.69     4133.95    15501.00     2169   
10999956.00    5579       5041      10620       1921       2459       4380       4380       1.05       0.69     4152.18    15482.78     4380   
11083289.00    5926       5470      11396       1574       2030       3604       2303       1.07       0.70     3376.17    16258.78     1802   
11166622.00    5785       5227      11012       1715       2273       3988       3988       1.06       0.69     3774.30    15860.66     3988   
11249955.00    5787       5346      11133       1713       2154       3867       3867       1.07       0.69     3610.22    16024.73     3867   
11333288.00    5795       5324      11119       1705       2176       3881       2688       1.07       0.70     3642.46    15992.49     1940   
11416621.00    5833       5335      11168       1667       2165       3832       3832       1.05       0.70     3647.20    15987.75     3832   
11499954.00    5900       5426      11326       1600       2074       3674       2545       1.05       0.70     3508.31    16126.65     1837   
11583287.00    6042       5664      11706       1458       1836       3294       3294       1.05       0.71     3123.07    16511.88     3294   
11666620.00    5833       5438      11271       1667       2062       3729       3729       1.03       0.70     3608.88    16026.08     3729   
11749953.00    5898       5475      11373       1602       2025       3627       3627       1.05       0.70     3470.61    16164.35     3627   
11833286.00    5908       5458      11366       1592       2042       3634       3634       1.03       0.70     3512.63    16122.32     3634   
11916619.00    5912       5472      11384       1588       2028       3616       3616       1.03       0.71     3499.55    16135.40     3616   
11999952.00    6036       5584      11620       1464       1916       3380       3380       1.04       0.71     3246.01    16388.94     3380   
12083285.00    5748       5254      11002       1752       2246       3998       2011       1.03       0.70     3884.40    15750.55     1999   
12166618.00    5897       5503      11400       1603       1997       3600       3600       1.05       0.70     3425.27    16209.68     3600   
12249951.00    5919       5524      11443       1581       1976       3557       1788       1.06       0.70     3370.12    16264.83     1778   
12333284.00    5960       5561      11521       1540       1939       3479       1833       1.06       0.71     3297.47    16337.48     1739   
12416617.00    6021       5583      11604       1479       1917       3396       1756       1.05       0.71     3224.99    16409.97     1698   
12499950.00    5916       5521      11437       1584       1979       3563       1905       1.05       0.70     3380.60    16254.35     1781   
12583283.00    5847       5395      11242       1653       2105       3758       3758       1.05       0.70     3573.74    16061.21     3758   
12666616.00    5430       4769      10199       2070       2731       4801       2453       1.05       0.68     4587.93    15047.02     2400   
12749949.00    5869       5313      11182       1631       2187       3818       2515       1.05       0.70     3636.97    15997.98     1909   
12833282.00    5494       4831      10325       2006       2669       4675       2483       1.04       0.68     4515.14    15119.82     2337   
12916615.00    5725       5062      10787       1775       2438       4213       2115       1.04       0.69     4044.32    15590.64     2106   
12999948.00    5483       4762      10245       2017       2738       4755       2637       1.04       0.68     4567.09    15067.86     2377   
13083281.00    5775       5190      10965       1725       2310       4035       2194       1.04       0.70     3869.92    15765.03     2017   
13166614.00    5552       4843      10395       1948       2657       4605       2469       1.03       0.69     4463.67    15171.28     2302   
13249947.00    5904       5382      11286       1596       2118       3714       1905       1.04       0.70     3569.08    16065.87     1857   
13333280.00    5481       4724      10205       2019       2776       4795       3713       1.03       0.68     4639.16    14995.80     2397   
13416613.00    5943       5293      11236       1557       2207       3764       2022       1.05       0.70     3589.88    16045.07     1882   
13499946.00    5642       4993      10635       1858       2507       4365       2271       1.05       0.69     4172.70    15462.25     2182   
13583279.00    5645       4961      10606       1855       2539       4394       4394       1.06       0.68     4141.34    15493.62     4394   
13666612.00    5502       4859      10361       1998       2641       4639       4639       1.05       0.68     4415.62    15219.33     4639   
13749945.00    5308       4589       9897       2192       2911       5103       5103       1.05       0.67     4860.75    14774.20     5103   
13833278.00    5117       4377       9494       2383       3123       5506       5506       1.04       0.66     5285.81    14349.14     5506   
13916611.00    5246       4527       9773       2254       2973       5227       5227       1.05       0.67     4968.09    14666.86     5227   
13999944.00    5340       4568       9908       2160       2932       5092       5092       1.05       0.67     4867.88    14767.08     5092   
14083277.00    5281       4609       9890       2219       2891       5110       5110       1.04       0.67     4892.36    14742.59     5110   
14166610.00    5567       4906      10473       1933       2594       4527       3163       1.05       0.68     4306.93    15328.03     2263   
14249943.00    5303       4557       9860       2197       2943       5140       5140       1.05       0.67     4894.62    14740.33     5140   
14333276.00    5366       4585       9951       2134       2915       5049       5049       1.05       0.67     4827.56    14807.40     5049   
14416609.00    5599       4991      10590       1901       2509       4410       4410       1.05       0.69     4187.54    15447.42     4410   
14499942.00    5643       5040      10683       1857       2460       4317       4317       1.06       0.69     4075.08    15559.87     4317   
14583275.00    5939       5467      11406       1561       2033       3594       3594       1.06       0.70     3390.85    16244.10     3594   
14666608.00    5353       4664      10017       2147       2836       4983       3949       1.05       0.67     4736.62    14898.34     2491   
14749941.00    5244       4564       9808       2256       2936       5192       4019       1.05       0.67     4959.06    14675.89     2596   
14833274.00    5224       4447       9671       2276       3053       5329       5329       1.05       0.66     5086.52    14548.44     5329   
14916607.00    5322       4471       9793       2178       3029       5207       2322       1.05       0.67     4969.00    14665.96     1735   
14999940.00    5516       4650      10166       1984       2850       4834       2129       1.05       0.68     4582.99    15051.97     1611   
15083273.00    5155       4256       9411       2345       3244       5589       5589       1.04       0.66     5387.12    14247.83     5589   
15166606.00    5458       4579      10037       2042       2921       4963       1847       1.04       0.67     4754.06    14880.89     1654   
15249939.00    5298       4460       9758       2202       3040       5242       3899       1.02       0.67     5124.76    14510.19     2621   
15333272.00    5201       4259       9460       2299       3241       5540       2011       1.02       0.67     5414.36    14220.60     1846   
15416605.00    5581       4845      10426       1919       2655       4574       3029       1.03       0.69     4457.18    15177.77     2287   
15499938.00    5624       4798      10422       1876       2702       4578       2873       1.03       0.69     4429.16    15205.79     2289   
15583271.00    5698       4985      10683       1802       2515       4317       4317       1.03       0.69     4195.93    15439.02     4317   
15666604.00    5815       5085      10900       1685       2415       4100       4100       1.03       0.70     3975.91    15659.04     4100   
15749937.00    6163       5745      11908       1337       1755       3092       3092       1.05       0.71     2942.55    16692.40     3092   
15833270.00    5684       5134      10818       1816       2366       4182       4182       1.05       0.69     3995.40    15639.56     4182   
15916603.00    5666       5104      10770       1834       2396       4230       2594       1.04       0.69     4058.71    15576.25     2115   
15999936.00    5706       5116      10822       1794       2384       4178       4178       1.05       0.69     3978.20    15656.76     4178   
16083269.00    5913       5327      11240       1587       2173       3760       3760       1.06       0.70     3548.27    16086.68     3760   
16166602.00    6034       5418      11452       1466       2082       3548       3548       1.06       0.70     3361.18    16273.77     3548   
16249935.00    5822       5084      10906       1678       2416       4094       4094       1.05       0.69     3894.46    15740.49     4094   
16333268.00    5774       5081      10855       1726       2419       4145       2880       1.03       0.69     4010.73    15624.22     2072   
16416601.00    5785       5105      10890       1715       2395       4110       2782       1.03       0.70     3997.37    15637.58     2055   
16499934.00    5671       5096      10767       1829       2404       4233       4233       1.02       0.70     4149.29    15485.67     4233   
16583267.00    5881       5382      11263       1619       2118       3737       2588       1.02       0.70     3652.28    15982.67     1868   
16666600.00    6576       6383      12959       924        1117       2041       2041       1.08       0.73     1898.22    17736.74     2041   
16749933.00    6531       6292      12823       969        1208       2177       2177       1.06       0.73     2047.83    17587.13     2177   
16833266.00    6519       6327      12846       981        1173       2154       2154       1.05       0.73     2059.35    17575.60     2154   
16916599.00    6562       6366      12928       938        1134       2072       2072       1.03       0.73     2002.60    17632.35     2072   
16999932.00    6604       6373      12977       896        1127       2023       2023       1.07       0.73     1882.21    17752.74     2023   
17083265.00    6606       6376      12982       894        1124       2018       2018       1.06       0.73     1905.48    17729.47     2018   
17166598.00    6529       6295      12824       971        1205       2176       2176       1.06       0.73     2059.15    17575.80     2176   
17249931.00    6585       6384      12969       915        1116       2031       2031       1.07       0.73     1901.96    17733.00     2031   
17333264.00    6026       5739      11765       1474       1761       3235       2134       1.05       0.71     3079.38    16555.57     1617   
17416597.00    5968       5656      11624       1532       1844       3376       2082       1.06       0.71     3192.18    16442.77     1688   
17499930.00    5982       5614      11596       1518       1886       3404       3404       1.06       0.71     3201.74    16433.22     3404   
17583263.00    6042       5679      11721       1458       1821       3279       3279       1.07       0.71     3055.30    16579.66     3279   
17666596.00    5985       5606      11591       1515       1894       3409       3409       1.07       0.70     3186.04    16448.91     3409   
17749929.00    5492       4981      10473       2008       2519       4527       3524       1.06       0.68     4269.81    15365.14     2263   
17833262.00    5314       4688      10002       2186       2812       4998       4998       1.06       0.67     4709.69    14925.27     4998   
17916595.00    6106       5696      11802       1394       1804       3198       3198       1.08       0.71     2956.80    16678.16     3198   
17999928.00    6054       5653      11707       1446       1847       3293       3293       1.08       0.71     3057.74    16577.21     3293   
18083261.00    5743       5202      10945       1757       2298       4055       4055       1.05       0.69     3847.08    15787.88     4055   
18166594.00    6059       5710      11769       1441       1790       3231       3231       1.05       0.71     3065.06    16569.89     3231   
18249927.00    6178       5894      12072       1322       1606       2928       2928       1.05       0.72     2781.66    16853.30     2928   
18333260.00    5972       5623      11595       1528       1877       3405       3405       1.06       0.71     3222.78    16412.17     3405   
18416593.00    5453       4949      10402       2047       2551       4598       4598       1.04       0.68     4403.07    15231.89     4598   
18499926.00    5439       4941      10380       2061       2559       4620       3182       1.04       0.68     4423.34    15211.61     2310   
18583259.00    5612       5204      10816       1888       2296       4184       4184       1.06       0.69     3942.90    15692.05     4184   
18666592.00    5427       4884      10311       2073       2616       4689       4689       1.06       0.68     4415.57    15219.38     4689   
18749925.00    5375       4873      10248       2125       2627       4752       4752       1.06       0.68     4487.47    15147.48     4752   
18833258.00    5299       4744      10043       2201       2756       4957       4957       1.06       0.67     4685.92    14949.03     4957   
18916591.00    5261       4830      10091       2239       2670       4909       4909       1.06       0.67     4629.05    15005.90     4909   
18999924.00    5307       4823      10130       2193       2677       4870       4870       1.07       0.67     4560.98    15073.98     4870   
19083257.00    5144       4671       9815       2356       2829       5185       5185       1.06       0.67     4897.52    14737.44     5185   
19166590.00    5155       4625       9780       2345       2875       5220       3821       1.06       0.67     4937.59    14697.36     2610   
19249923.00    5097       4482       9579       2403       3018       5421       5421       1.06       0.66     5133.57    14501.38     5421   
19333256.00    5315       4780      10095       2185       2720       4905       4905       1.07       0.67     4589.17    15045.78     4905   
19416589.00    5263       4613       9876       2237       2887       5124       3614       1.06       0.67     4828.77    14806.18     2562   
19499922.00    5074       4398       9472       2426       3102       5528       5528       1.07       0.66     5186.84    14448.12     5528   
19583255.00    5044       4278       9322       2456       3222       5678       4043       1.06       0.65     5351.38    14283.58     2839   
19666588.00    5096       4287       9383       2404       3213       5617       4093       1.05       0.66     5358.44    14276.52     2808   
19749921.00    5157       4428       9585       2343       3072       5415       4161       1.05       0.66     5137.58    14497.37     2707   
19833254.00    5222       4447       9669       2278       3053       5331       4207       1.05       0.66     5079.46    14555.50     2665   
19916587.00    5407       4820      10227       2093       2680       4773       3633       1.05       0.68     4534.86    15100.09     2386   
19999920.00    5530       4886      10416       1970       2614       4584       3442       1.06       0.68     4335.70    15299.26     2292   
20083253.00    5029       4163       9192       2471       3337       5808       4441       1.05       0.65     5524.51    14110.45     2904   
20166586.00    5125       4301       9426       2375       3199       5574       4082       1.04       0.66     5339.17    14295.79     2787   
20249919.00    5153       4207       9360       2347       3293       5640       4280       1.04       0.66     5408.77    14226.19     2820   
20333252.00    5641       4999      10640       1859       2501       4360       3065       1.05       0.69     4148.83    15486.13     2180   
20416585.00    5646       5062      10708       1854       2438       4292       2952       1.05       0.69     4085.30    15549.66     2146   
20499918.00    5420       4803      10223       2080       2697       4777       3538       1.05       0.68     4564.46    15070.50     2388   
20583251.00    5331       4545       9876       2169       2955       5124       3960       1.04       0.67     4926.70    14708.25     2562   
20666584.00    5619       4990      10609       1881       2510       4391       4391       1.04       0.69     4213.55    15421.40     4391   
20749917.00    5580       5059      10639       1920       2441       4361       3356       1.04       0.69     4197.97    15436.98     2180   
20833250.00    5500       4791      10291       2000       2709       4709       3705       1.05       0.68     4503.46    15131.49     2354   
20916583.00    5765       5183      10948       1735       2317       4052       4052       1.05       0.69     3852.31    15782.64     4052   
20999916.00    5562       4870      10432       1938       2630       4568       4568       1.05       0.68     4336.91    15298.04     4568   
21083249.00    5785       5178      10963       1715       2322       4037       4037       1.05       0.69     3857.18    15777.77     4037   
21166582.00    5846       5227      11073       1654       2273       3927       3927       1.05       0.70     3729.82    15905.13     3927   
21249915.00    5853       5172      11025       1647       2328       3975       3975       1.05       0.70     3777.09    15857.87     3975   
21333248.00    5911       5269      11180       1589       2231       3820       3820       1.06       0.70     3599.76    16035.20     3820   
21416581.00    5794       5131      10925       1706       2369       4075       4075       1.05       0.69     3876.12    15758.83     4075   
21499914.00    5883       5272      11155       1617       2228       3845       3845       1.05       0.70     3647.17    15987.78     3845   
21583247.00    6009       5385      11394       1491       2115       3606       3606       1.05       0.70     3428.15    16206.81     3606   
21666580.00    5853       5226      11079       1647       2274       3921       3921       1.04       0.70     3776.19    15858.76     3921   
21749913.00    5924       5264      11188       1576       2236       3812       3812       1.04       0.70     3674.36    15960.60     3812   
21833246.00    5802       5201      11003       1698       2299       3997       3997       1.04       0.70     3833.97    15800.98     3997   
21916579.00    5987       5380      11367       1513       2120       3633       3633       1.05       0.70     3459.32    16175.64     3633   
21999912.00    5936       5328      11264       1564       2172       3736       3736       1.05       0.70     3542.02    16092.93     3736   
22083245.00    5756       5137      10893       1744       2363       4107       4107       1.05       0.69     3899.05    15735.90     4107   
22166578.00    5795       5166      10961       1705       2334       4039       4039       1.05       0.69     3839.42    15795.54     4039   
22249911.00    5810       5172      10982       1690       2328       4018       4018       1.06       0.69     3778.08    15856.88     4018   
22333244.00    5736       5076      10812       1764       2424       4188       4188       1.06       0.69     3939.51    15695.44     4188   
22416577.00    5897       5238      11135       1603       2262       3865       3865       1.08       0.69     3594.44    16040.51     3865   
22499910.00    5738       5053      10791       1762       2447       4209       4209       1.07       0.69     3943.20    15691.76     4209   
22583243.00    5723       4993      10716       1777       2507       4284       4284       1.07       0.69     4015.30    15619.65     4284   
22666576.00    5713       4959      10672       1787       2541       4328       4328       1.06       0.69     4072.12    15562.84     4328   
22749909.00    5799       5061      10860       1701       2439       4140       4140       1.06       0.69     3904.77    15730.18     4140   
22833242.00    5838       5134      10972       1662       2366       4028       4028       1.06       0.69     3809.17    15825.78     4028   
22916575.00    5781       5075      10856       1719       2425       4144       4144       1.05       0.69     3947.25    15687.71     4144   
22999908.00    6028       5475      11503       1472       2025       3497       3497       1.07       0.70     3270.59    16364.36     3497   
23083241.00    6077       5416      11493       1423       2084       3507       3507       1.06       0.70     3295.74    16339.21     3507   
23166574.00    5951       5286      11237       1549       2214       3763       3763       1.06       0.70     3560.23    16074.73     3763   
23249907.00    5913       5314      11227       1587       2186       3773       3773       1.06       0.70     3574.07    16060.88     3773   
23333240.00    5877       5263      11140       1623       2237       3860       3860       1.06       0.70     3656.49    15978.47     3860   
23416573.00    5810       5097      10907       1690       2403       4093       4093       1.04       0.69     3924.70    15710.26     4093   
23499906.00    5751       5099      10850       1749       2401       4150       4150       1.06       0.69     3933.55    15701.40     4150   
23583239.00    5623       4948      10571       1877       2552       4429       4429       1.05       0.69     4233.84    15401.12     4429   
23666572.00    5718       4987      10705       1782       2513       4295       4295       1.05       0.69     4098.65    15536.31     4295   
23749905.00    5588       4921      10509       1912       2579       4491       4491       1.06       0.68     4242.94    15392.01     4491   
23833238.00    5657       4867      10524       1843       2633       4476       4476       1.06       0.68     4227.60    15407.36     4476   
23916571.00    5478       4818      10296       2022       2682       4704       4704       1.06       0.68     4433.33    15201.63     4704   
23999904.00    5719       5090      10809       1781       2410       4191       4191       1.05       0.69     3974.51    15660.44     4191   
24083237.00    5760       5134      10894       1740       2366       4106       4106       1.05       0.69     3910.17    15724.79     4106   
24166570.00    6291       5854      12145       1209       1646       2855       2855       1.07       0.72     2658.94    16976.02     2855   
24249903.00    5628       4966      10594       1872       2534       4406       3343       1.05       0.69     4184.70    15450.25     2203   
24333236.00    5581       4866      10447       1919       2634       4553       3368       1.05       0.68     4353.54    15281.42     2276   
24416569.00    5724       4984      10708       1776       2516       4292       3060       1.05       0.69     4080.34    15554.62     2146   
24499902.00    5799       5032      10831       1701       2468       4169       3018       1.05       0.69     3966.10    15668.86     2084   
24583235.00    5571       4908      10479       1929       2592       4521       3162       1.04       0.69     4350.11    15284.84     2260   
24666568.00    5679       4980      10659       1821       2520       4341       3129       1.04       0.69     4165.77    15469.18     2170   
24749901.00    5693       4935      10628       1807       2565       4372       3124       1.03       0.69     4227.57    15407.38     2186   
24833234.00    5830       5178      11008       1670       2322       3992       3992       1.04       0.70     3853.35    15781.61     3992   
24916567.00    6207       5680      11887       1293       1820       3113       3113       1.07       0.71     2904.80    16730.15     3113   
24999900.00    5643       4958      10601       1857       2542       4399       4399       1.05       0.69     4171.20    15463.75     4399   
25083233.00    5718       4984      10702       1782       2516       4298       2989       1.06       0.69     4042.61    15592.34     2149   
25166566.00    6283       5639      11922       1217       1861       3078       3078       1.06       0.71     2898.27    16736.69     3078   
25249899.00    5973       5390      11363       1527       2110       3637       3637       1.05       0.70     3466.11    16168.85     3637   
25333232.00    5927       5373      11300       1573       2127       3700       3700       1.04       0.70     3561.95    16073.00     3700   
25416565.00    6007       5417      11424       1493       2083       3576       3576       1.05       0.70     3405.61    16229.35     3576   
25499898.00    6358       5771      12129       1142       1729       2871       2871       1.04       0.72     2751.33    16883.63     2871   
25583231.00    5970       5273      11243       1530       2227       3757       3757       1.05       0.70     3580.61    16054.35     3757   
25666564.00    5852       5130      10982       1648       2370       4018       2922       1.04       0.70     3846.34    15788.61     2009   
25749897.00    5510       4627      10137       1990       2873       4863       4863       1.04       0.68     4696.43    14938.53     4863   
25833230.00    6071       5347      11418       1429       2153       3582       3582       1.04       0.71     3451.57    16183.39     3582   
25916563.00    6169       5443      11612       1331       2057       3388       2344       1.04       0.71     3262.28    16372.67     1694   
25999896.00    6600       6146      12746       900        1354       2254       2254       1.04       0.73     2157.04    17477.92     2254   
26083229.00    5448       4821      10269       2052       2679       4731       2554       1.04       0.68     4548.41    15086.55     1577   
26166562.00    6040       5374      11414       1460       2126       3586       2517       1.06       0.70     3375.38    16259.57     1793   
26249895.00    5958       5288      11246       1542       2212       3754       3754       1.06       0.70     3550.93    16084.02     3754   
26333228.00    6002       5337      11339       1498       2163       3661       3661       1.05       0.70     3470.32    16164.64     3661   
26416561.00    5501       4862      10363       1999       2638       4637       3628       1.05       0.68     4425.76    15209.19     2318   
26499894.00    6088       5458      11546       1412       2042       3454       3454       1.06       0.71     3264.23    16370.72     3454   
26583227.00    6143       5502      11645       1357       1998       3355       3355       1.06       0.71     3154.54    16480.42     3355   
26666560.00    5369       4802      10171       2131       2698       4829       4829       1.06       0.67     4547.33    15087.63     4829   
26749893.00    5258       4629       9887       2242       2871       5113       3818       1.06       0.67     4824.21    14810.75     2556   
26833226.00    5152       4513       9665       2348       2987       5335       5335       1.06       0.66     5025.86    14609.10     5335   
26916559.00    5027       4348       9375       2473       3152       5625       5625       1.06       0.65     5291.78    14343.17     5625   
26999892.00    5014       4353       9367       2486       3147       5633       5633       1.06       0.65     5291.80    14343.16     5633   
27083225.00    5035       4355       9390       2465       3145       5610       5610       1.06       0.65     5296.41    14338.55     5610   
27166558.00    5224       4557       9781       2276       2943       5219       5219       1.07       0.66     4897.43    14737.52     5219   
27249891.00    5117       4485       9602       2383       3015       5398       5398       1.06       0.66     5090.14    14544.82     5398   
27333224.00    5300       4688       9988       2200       2812       5012       5012       1.07       0.67     4695.53    14939.43     5012   
27416557.00    5220       4677       9897       2280       2823       5103       5103       1.06       0.67     4804.72    14830.24     5103   
27499890.00    5262       4749      10011       2238       2751       4989       4989       1.07       0.67     4668.59    14966.37     4989   
27583223.00    5177       4566       9743       2323       2934       5257       5257       1.07       0.66     4932.79    14702.17     5257   
27666556.00    5409       4767      10176       2091       2733       4824       4824       1.08       0.67     4469.31    15165.65     4824   
27749889.00    5643       5107      10750       1857       2393       4250       4250       1.09       0.68     3900.72    15734.24     4250   
27833222.00    5450       4726      10176       2050       2774       4824       4824       1.07       0.67     4489.21    15145.75     4824   
27916555.00    5572       4994      10566       1928       2506       4434       4434       1.08       0.68     4093.38    15541.57     4434   
27999888.00    5562       4941      10503       1938       2559       4497       4497       1.09       0.68     4141.82    15493.14     4497   
28083221.00    5620       5028      10648       1880       2472       4352       4352       1.10       0.68     3967.27    15667.69     4352   
28166554.00    5408       4735      10143       2092       2765       4857       4857       1.08       0.67     4505.47    15129.49     4857   
28249887.00    5283       4632       9915       2217       2868       5085       5085       1.07       0.67     4744.31    14890.65     5085   
28333220.00    5391       4737      10128       2109       2763       4872       4872       1.07       0.67     4550.62    15084.34     4872   
28416553.00    5290       4694       9984       2210       2806       5016       5016       1.07       0.67     4685.06    14949.90     5016   
28499886.00    5426       4874      10300       2074       2626       4700       4700       1.08       0.67     4360.20    15274.75     4700   
28583219.00    5589       5047      10636       1911       2453       4364       4364       1.09       0.68     4006.80    15628.15     4364   
28666552.00    5775       5256      11031       1725       2244       3969       3969       1.10       0.69     3623.67    16011.29     3969   
28749885.00    5631       5029      10660       1869       2471       4340       4340       1.09       0.68     3980.94    15654.01     4340   
28833218.00    5509       4879      10388       1991       2621       4612       4612       1.08       0.68     4267.01    15367.94     4612   
28916551.00    5436       4778      10214       2064       2722       4786       4786       1.09       0.67     4409.03    15225.92     4786   
28999884.00    5423       4758      10181       2077       2742       4819       4819       1.08       0.67     4470.21    15164.74     4819   
29083217.00    5421       4751      10172       2079       2749       4828       4828       1.09       0.67     4433.20    15201.76     4828   
29166550.00    5277       4596       9873       2223       2904       5127       5127       1.08       0.66     4729.25    14905.70     5127   
29249883.00    5307       4591       9898       2193       2909       5102       5102       1.09       0.66     4688.71    14946.25     5102   
29333216.00    5470       4664      10134       2030       2836       4866       4866       1.09       0.67     4449.67    15185.28     4866   
29416549.00    5564       4836      10400       1936       2664       4600       4600       1.10       0.67     4199.85    15435.11     4600   
29499882.00    5328       4480       9808       2172       3020       5192       5192       1.08       0.66     4812.42    14822.54     5192   
29583215.00    5267       4445       9712       2233       3055       5288       5288       1.07       0.66     4961.10    14673.85     5288   
29666548.00    5507       4768      10275       1993       2732       4725       4725       1.08       0.67     4359.18    15275.78     4725   
29749881.00    5442       4668      10110       2058       2832       4890       4890       1.07       0.67     4554.27    15080.69     4890   
29833214.00    5347       4600       9947       2153       2900       5053       5053       1.06       0.67     4746.65    14888.30     5053   
29916547.00    5271       4575       9846       2229       2925       5154       5154       1.07       0.66     4817.68    14817.28     5154   
29999880.00    5353       4665      10018       2147       2835       4982       4982       1.07       0.67     4670.64    14964.32     4982   
30083213.00    5426       4649      10075       2074       2851       4925       4925       1.08       0.67     4568.09    15066.87     4925   
30166546.00    5315       4573       9888       2185       2927       5112       5112       1.07       0.67     4767.29    14867.67     5112   
30249879.00    5408       4563       9971       2092       2937       5029       5029       1.06       0.67     4764.59    14870.36     5029   
30333212.00    5544       4792      10336       1956       2708       4664       3400       1.05       0.68     4431.88    15203.08     2332   
30416545.00    5470       4701      10171       2030       2799       4829       4829       1.05       0.68     4609.02    15025.94     4829   
30499878.00    5210       4332       9542       2290       3168       5458       5458       1.05       0.66     5212.59    14422.36     5458   
30583211.00    5383       4473       9856       2117       3027       5144       3607       1.05       0.67     4895.49    14739.46     2572   
30666544.00    5416       4600      10016       2084       2900       4984       4984       1.06       0.67     4720.58    14914.38     4984   
30749877.00    5567       4694      10261       1933       2806       4739       4739       1.05       0.68     4496.70    15138.26     4739   
30833210.00    5593       4776      10369       1907       2724       4631       4631       1.05       0.68     4419.23    15215.73     4631   
30916543.00    5544       4711      10255       1956       2789       4745       4745       1.05       0.68     4539.47    15095.49     4745   
30999876.00    5534       4685      10219       1966       2815       4781       4781       1.05       0.68     4554.69    15080.27     4781   
31083209.00    5440       4638      10078       2060       2862       4922       4922       1.04       0.68     4716.55    14918.41     4922   
31166542.00    5400       4582       9982       2100       2918       5018       5018       1.05       0.67     4774.72    14860.24     5018   
31249875.00    5460       4646      10106       2040       2854       4894       4894       1.06       0.67     4629.22    15005.73     4894   
31333208.00    5591       4789      10380       1909       2711       4620       4620       1.06       0.68     4353.73    15281.23     4620   
31416541.00    5463       4642      10105       2037       2858       4895       4895       1.05       0.68     4674.85    14960.11     4895   
31499874.00    5382       4594       9976       2118       2906       5024       5024       1.05       0.67     4797.60    14837.35     5024   
31583207.00    5388       4546       9934       2112       2954       5066       5066       1.04       0.67     4870.04    14764.91     5066   
31666540.00    5537       4660      10197       1963       2840       4803       2577       1.04       0.68     4598.46    15036.50     2401   
31749873.00    5650       4849      10499       1850       2651       4501       4501       1.04       0.69     4315.79    15319.17     4501   
31833206.00    5554       4751      10305       1946       2749       4695       4695       1.03       0.68     4560.41    15074.54     4695   
31916539.00    5695       4912      10607       1805       2588       4393       2388       1.03       0.69     4246.57    15388.39     2196   
31999872.00    5597       4764      10361       1903       2736       4639       2557       1.03       0.69     4511.64    15123.32     2319   
32083205.00    5857       5014      10871       1643       2486       4129       2578       1.04       0.69     3982.92    15652.04     2064   
32166538.00    5997       5290      11287       1503       2210       3713       2406       1.05       0.70     3550.37    16084.59     1856   
32249871.00    6288       5612      11900       1212       1888       3100       1947       1.06       0.71     2929.49    16705.47     1550   
32333204.00    6145       5465      11610       1355       2035       3390       2345       1.05       0.71     3242.69    16392.26     1695   
32416537.00    6385       5921      12306       1115       1579       2694       2694       1.04       0.72     2578.90    17056.06     2694   
32499870.00    5691       4904      10595       1809       2596       4405       3272       1.03       0.69     4263.05    15371.91     2202   
32583203.00    5993       5318      11311       1507       2182       3689       2665       1.04       0.70     3547.97    16086.99     1844   
32666536.00    5932       5284      11216       1568       2216       3784       2768       1.05       0.70     3617.43    16017.53     1892   
32749869.00    5847       5087      10934       1653       2413       4066       3012       1.04       0.69     3898.48    15736.48     2033   
32833202.00    6399       5932      12331       1101       1568       2669       2669       1.05       0.72     2531.94    17103.02     2669   
32916535.00    6460       6001      12461       1040       1499       2539       2539       1.06       0.72     2398.94    17236.02     2539   
32999868.00    6614       6258      12872       886        1242       2128       2128       1.07       0.73     1985.78    17649.17     2128   
33083201.00    6328       5951      12279       1172       1549       2721       2721       1.06       0.72     2557.99    17076.97     2721   
33166534.00    6660       6299      12959       840        1201       2041       2041       1.07       0.73     1905.51    17729.44     2041   
33249867.00    6143       5594      11737       1357       1906       3263       2101       1.06       0.71     3088.00    16546.96     1631   
33333200.00    5702       5056      10758       1798       2444       4242       4242       1.04       0.69     4086.14    15548.81     4242   
