 Timestep    Gas_A      Gas_B     Gas_tot    Dense_A    Dense_B   Dense_tot   Lg_clust  DP_density GP_density Clust_area  Gas_area     MCS    
   0.00       7500       7500      15000        0          0          0          6         0.00       0.76       0.00     19634.96      0     
 83333.00     7500       7500      15000        0          0          0         471        0.00       0.76       0.00     19634.96      0     
166666.00     7500       7500      15000        0          0          0         837        0.00       0.76       0.00     19634.96      0     
249999.00     5914       5934      11848       1586       1566       3152       1653       0.98       0.72     3204.87    16430.08     1576   
333332.00     4591       4528       9119       2909       2972       5881       2144       0.98       0.67     6024.58    13610.37     1470   
416665.00     4565       4580       9145       2935       2920       5855       2242       1.00       0.66     5872.09    13762.87     1951   
499998.00     4592       4625       9217       2908       2875       5783       4279       1.00       0.66     5763.19    13871.77     2891   
583331.00     3522       3491       7013       3978       4009       7987       3989       1.02       0.60     7865.24    11769.71     2662   
666664.00     3007       3012       6019       4493       4488       8981       4910       1.02       0.55     8780.84    10854.11     2245   
749997.00     2510       2399       4909       4990       5101      10091       5366       1.05       0.49     9641.81    9993.15      5045   
833330.00     2376       2284       4660       5124       5216      10340       5626       1.06       0.47     9768.41    9866.55      3446   
916663.00     2181       2044       4225       5319       5456      10775       5876       1.06       0.45     10205.39   9429.56      5387   
999996.00     2155       2011       4166       5345       5489      10834       5895       1.06       0.44     10227.20   9407.75      3611   
1083329.00    2098       1992       4090       5402       5508      10910       6118       1.06       0.44     10312.78   9322.17      3636   
1166662.00    2727       2502       5229       4773       4998       9771       5659       1.07       0.50     9095.04    10539.92     3257   
1249995.00    2197       2051       4248       5303       5449      10752       5908       1.06       0.45     10104.07   9530.89      5376   
1333328.00    2281       2046       4327       5219       5454      10673       6047       1.06       0.45     10035.43   9599.53      3557   
1416661.00    2182       2054       4236       5318       5446      10764       9441       1.06       0.45     10174.16   9460.80      5382   
1499994.00    2138       1972       4110       5362       5528      10890      10890       1.06       0.44     10287.45   9347.50     10890   
1583327.00    2152       1978       4130       5348       5522      10870       9423       1.08       0.43     10103.37   9531.58      5435   
1666660.00    2143       1960       4103       5357       5540      10897       9559       1.07       0.43     10144.46   9490.49      5448   
1749993.00    2057       1852       3909       5443       5648      11091       6657       1.08       0.42     10313.56   9321.39      3697   
1833326.00    1924       1769       3693       5576       5731      11307       6668       1.08       0.40     10485.83   9149.13      3769   
1916659.00    1937       1784       3721       5563       5716      11279       6717       1.07       0.41     10509.19   9125.77      3759   
1999992.00    1859       1769       3628       5641       5731      11372       6602       1.07       0.40     10594.88   9040.07      3790   
2083325.00    2095       1968       4063       5405       5532      10937       9637       1.08       0.43     10143.34   9491.62      5468   
2166658.00    1925       1741       3666       5575       5759      11334       9944       1.08       0.40     10509.97   9124.99      5667   
2249991.00    2027       1884       3911       5473       5616      11089       9819       1.09       0.41     10205.89   9429.06      5544   
2333324.00    1981       1798       3779       5519       5702      11221       9905       1.09       0.41     10314.34   9320.62      5610   
2416657.00    1891       1762       3653       5609       5738      11347      10046       1.09       0.40     10437.63   9197.33      5673   
2499990.00    1936       1795       3731       5564       5705      11269      10030       1.08       0.41     10452.74   9182.21      5634   
2583323.00    1868       1708       3576       5632       5792      11424      10153       1.08       0.39     10569.35   9065.61      5712   
2666656.00    1762       1592       3354       5738       5908      11646      10337       1.08       0.38     10752.73   8882.23      5823   
2749989.00    1735       1622       3357       5765       5878      11643       6045       1.08       0.38     10731.23   8903.73      3881   
2833322.00    1711       1619       3330       5789       5881      11670       6084       1.09       0.37     10745.98   8888.98      3890   
2916655.00    1784       1675       3459       5716       5825      11541       5933       1.08       0.38     10649.30   8985.65      3847   
2999988.00    1847       1697       3544       5653       5803      11456       5885       1.08       0.39     10618.05   9016.91      3818   
3083321.00    2348       2247       4595       5152       5253      10405       4593       1.08       0.46     9603.36    10031.60     3468   
3166654.00    2357       2286       4643       5143       5214      10357       4585       1.09       0.46     9538.34    10096.61     3452   
3249987.00    2345       2195       4540       5155       5305      10460       8944       1.09       0.45     9613.16    10021.80     5230   
3333320.00    2357       2231       4588       5143       5269      10412       4629       1.10       0.45     9505.29    10129.66     3470   
3416653.00    2287       2189       4476       5213       5311      10524       4701       1.10       0.44     9570.45    10064.51     3508   
3499986.00    2175       2012       4187       5325       5488      10813       4819       1.10       0.43     9835.97    9798.98      3604   
3583319.00    2179       1923       4102       5321       5577      10898       4862       1.09       0.42     9974.74    9660.22      3632   
3666652.00    2082       1923       4005       5418       5577      10995       4841       1.09       0.42     10128.22   9506.74      3665   
3749985.00    2211       1994       4205       5289       5506      10795       4666       1.08       0.44     10005.63   9629.32      3598   
3833318.00    2278       2060       4338       5222       5440      10662       4569       1.08       0.44     9877.09    9757.86      3554   
3916651.00    2279       2133       4412       5221       5367      10588       6012       1.08       0.45     9794.80    9840.16      5294   
3999984.00    1905       1699       3604       5595       5801      11396      11396       1.08       0.40     10583.36   9051.60     11396   
4083317.00    1960       1738       3698       5540       5762      11302       6574       1.08       0.40     10421.88   9213.07      5651   
4166650.00    1847       1691       3538       5653       5809      11462       6729       1.08       0.39     10581.47   9053.48      5731   
4249983.00    1882       1745       3627       5618       5755      11373       6742       1.09       0.39     10419.97   9214.99      5686   
4333316.00    1847       1738       3585       5653       5762      11415       6690       1.09       0.39     10425.15   9209.81      5707   
4416649.00    1887       1739       3626       5613       5761      11374       6712       1.09       0.39     10414.58   9220.37      5687   
4499982.00    1856       1712       3568       5644       5788      11432       6653       1.09       0.39     10463.72   9171.23      5716   
4583315.00    1845       1721       3566       5655       5779      11434       6690       1.09       0.39     10508.98   9125.97      5717   
4666648.00    1770       1634       3404       5730       5866      11596       6652       1.10       0.38     10580.07   9054.88      5798   
4749981.00    1718       1587       3305       5782       5913      11695       6765       1.10       0.37     10642.62   8992.33      5847   
4833314.00    1784       1656       3440       5716       5844      11560       6599       1.10       0.38     10477.58   9157.37      5780   
4916647.00    1744       1607       3351       5756       5893      11649       6787       1.11       0.37     10484.11   9150.84      5824   
4999980.00    1778       1596       3374       5722       5904      11626       6749       1.10       0.37     10577.92   9057.03      5813   
5083313.00    1881       1709       3590       5619       5791      11410       6508       1.10       0.39     10374.98   9259.98      5705   
5166646.00    1928       1816       3744       5572       5684      11256       6390       1.10       0.40     10209.31   9425.65      5628   
5249979.00    1897       1738       3635       5603       5762      11365       6433       1.11       0.39     10244.45   9390.51      5682   
5333312.00    1963       1808       3771       5537       5692      11229       6380       1.11       0.40     10094.57   9540.39      5614   
5416645.00    1852       1729       3581       5648       5771      11419       6489       1.10       0.39     10347.22   9287.74      5709   
5499978.00    1859       1708       3567       5641       5792      11433       6361       1.09       0.39     10464.31   9170.64      5716   
5583311.00    1779       1694       3473       5721       5806      11527       6315       1.09       0.38     10541.26   9093.70      5763   
5666644.00    1904       1799       3703       5596       5701      11297       6183       1.10       0.39     10240.65   9394.31      5648   
5749977.00    1848       1751       3599       5652       5749      11401       6307       1.10       0.39     10399.72   9235.23      5700   
5833310.00    1865       1818       3683       5635       5682      11317       6057       1.10       0.39     10292.89   9342.06      5658   
5916643.00    1824       1723       3547       5676       5777      11453       6180       1.10       0.39     10435.19   9199.76      5726   
5999976.00    1856       1757       3613       5644       5743      11387       6036       1.10       0.39     10352.53   9282.43      5693   
6083309.00    1930       1815       3745       5570       5685      11255       5209       1.09       0.40     10280.90   9354.06      3751   
6166642.00    1940       1823       3763       5560       5677      11237      11237       1.10       0.40     10235.58   9399.38     11237   
6249975.00    2044       1875       3919       5456       5625      11081      11081       1.10       0.41     10081.82   9553.13     11081   
6333308.00    2041       1900       3941       5459       5600      11059       6145       1.11       0.41     9961.29    9673.67      5529   
6416641.00    1931       1814       3745       5569       5686      11255      11255       1.11       0.39     10131.12   9503.84     11255   
6499974.00    1869       1706       3575       5631       5794      11425       6396       1.11       0.38     10336.24   9298.71      5712   
6583307.00    1857       1727       3584       5643       5773      11416       6484       1.10       0.39     10337.45   9297.51      5708   
6666640.00    1948       1832       3780       5552       5668      11220       6203       1.11       0.40     10111.03   9523.92      5610   
6749973.00    1987       1843       3830       5513       5657      11170       6250       1.12       0.40     9950.21    9684.74      5585   
6833306.00    1860       1703       3563       5640       5797      11437       6428       1.13       0.38     10138.29   9496.67      5718   
6916639.00    1787       1596       3383       5713       5904      11617       6410       1.13       0.36     10284.93   9350.03      5808   
6999972.00    1708       1559       3267       5792       5941      11733       6458       1.12       0.36     10439.57   9195.38      5866   
7083305.00    1705       1573       3278       5795       5927      11722       6399       1.11       0.36     10536.47   9098.48      5861   
7166638.00    1705       1584       3289       5795       5916      11711       6370       1.11       0.36     10554.42   9080.53      5855   
7249971.00    1740       1642       3382       5760       5858      11618       6341       1.10       0.37     10517.94   9117.02      5809   
7333304.00    1814       1653       3467       5686       5847      11533       6271       1.11       0.38     10421.05   9213.91      5766   
7416637.00    1923       1790       3713       5577       5710      11287       6156       1.11       0.39     10152.01   9482.94      5643   
7499970.00    1900       1746       3646       5600       5754      11354       6192       1.11       0.39     10209.44   9425.52      5677   
7583303.00    1807       1636       3443       5693       5864      11557       6348       1.11       0.37     10402.56   9232.40      5778   
7666636.00    1825       1685       3510       5675       5815      11490       6366       1.11       0.38     10347.38   9287.58      5745   
7749969.00    1908       1708       3616       5592       5792      11384       6273       1.11       0.39     10248.17   9386.79      5692   
7833302.00    1821       1682       3503       5679       5818      11497       6304       1.11       0.38     10357.16   9277.79      5748   
7916635.00    1745       1539       3284       5755       5961      11716       6378       1.11       0.36     10515.01   9119.94      5858   
7999968.00    1713       1544       3257       5787       5956      11743       6362       1.11       0.36     10574.45   9060.50      5871   
8083301.00    1733       1611       3344       5767       5889      11656       6296       1.11       0.37     10544.52   9090.44      5828   
8166634.00    1889       1732       3621       5611       5768      11379       6045       1.10       0.39     10310.20   9324.76      5689   
8249967.00    1883       1719       3602       5617       5781      11398       5976       1.10       0.39     10370.19   9264.77      5699   
8333300.00    1851       1698       3549       5649       5802      11451      11451       1.09       0.39     10498.43   9136.52     11451   
8416633.00    1857       1738       3595       5643       5762      11405      11405       1.09       0.39     10429.25   9205.70     11405   
8499966.00    1910       1745       3655       5590       5755      11345      11345       1.09       0.40     10413.45   9221.50     11345   
8583299.00    1924       1769       3693       5576       5731      11307      11307       1.10       0.39     10277.29   9357.67     11307   
8666632.00    1844       1661       3505       5656       5839      11495      11495       1.10       0.38     10463.69   9171.27     11495   
8749965.00    1915       1775       3690       5585       5725      11310      11310       1.10       0.39     10267.99   9366.97     11310   
8833298.00    1912       1726       3638       5588       5774      11362      11362       1.11       0.39     10214.70   9420.25     11362   
8916631.00    1774       1564       3338       5726       5936      11662      11662       1.10       0.37     10557.67   9077.28     11662   
8999964.00    1807       1636       3443       5693       5864      11557      11557       1.10       0.38     10485.56   9149.39     11557   
9083297.00    1843       1615       3458       5657       5885      11542      11542       1.10       0.38     10465.66   9169.30     11542   
9166630.00    1954       1745       3699       5546       5755      11301      11301       1.11       0.39     10216.75   9418.21     11301   
9249963.00    2026       1767       3793       5474       5733      11207      11207       1.11       0.40     10090.01   9544.94     11207   
9333296.00    1952       1796       3748       5548       5704      11252      11252       1.11       0.40     10166.01   9468.94     11252   
9416629.00    1920       1727       3647       5580       5773      11353      11353       1.10       0.39     10312.40   9322.55     11353   
9499962.00    2032       1832       3864       5468       5668      11136      11136       1.10       0.41     10100.88   9534.08     11136   
9583295.00    2060       1826       3886       5440       5674      11114      11114       1.11       0.41     10045.98   9588.97     11114   
9666628.00    2075       1874       3949       5425       5626      11051      11051       1.12       0.41     9894.69    9740.27     11051   
9749961.00    1962       1819       3781       5538       5681      11219      11219       1.12       0.39     10007.95   9627.01     11219   
9833294.00    2026       1792       3818       5474       5708      11182      11182       1.12       0.40     10020.93   9614.03     11182   
9916627.00    1981       1807       3788       5519       5693      11212      11212       1.12       0.40     10048.68   9586.28     11212   
9999960.00    1933       1750       3683       5567       5750      11317      11317       1.12       0.39     10099.21   9535.75     11317   
10083293.00    1873       1688       3561       5627       5812      11439      11439       1.12       0.38     10212.44   9422.52     11439   
10166626.00    1819       1693       3512       5681       5807      11488      11488       1.13       0.37     10196.94   9438.01     11488   
10249959.00    1757       1571       3328       5743       5929      11672      11672       1.12       0.36     10379.35   9255.61     11672   
10333292.00    1683       1524       3207       5817       5976      11793      11793       1.12       0.35     10512.08   9122.87     11793   
10416625.00    1529       1405       2934       5971       6095      12066      12066       1.12       0.33     10765.38   8869.58     12066   
10499958.00    1683       1531       3214       5817       5969      11786      11786       1.12       0.35     10521.14   9113.81     11786   
10583291.00    1715       1530       3245       5785       5970      11755      11755       1.12       0.36     10510.86   9124.09     11755   
10666624.00    1659       1464       3123       5841       6036      11877      11877       1.11       0.35     10673.02   8961.94     11877   
10749957.00    1646       1439       3085       5854       6061      11915      11915       1.11       0.35     10756.10   8878.85     11915   
10833290.00    1653       1474       3127       5847       6026      11873      11873       1.11       0.35     10715.02   8919.93     11873   
10916623.00    1731       1479       3210       5769       6021      11790      11790       1.10       0.36     10678.46   8956.49     11790   
10999956.00    1806       1606       3412       5694       5894      11588      11588       1.10       0.37     10498.87   9136.09     11588   
11083289.00    1921       1700       3621       5579       5800      11379      11379       1.12       0.38     10202.06   9432.90     11379   
11166622.00    2107       1872       3979       5393       5628      11021      11021       1.12       0.41     9849.47    9785.49     11021   
11249955.00    2053       1845       3898       5447       5655      11102      11102       1.11       0.40     9964.24    9670.72     11102   
11333288.00    2053       1773       3826       5447       5727      11174      11174       1.11       0.40     10045.17   9589.78     11174   
11416621.00    2095       1887       3982       5405       5613      11018      11018       1.11       0.41     9940.02    9694.93     11018   
11499954.00    2061       1856       3917       5439       5644      11083      11083       1.11       0.41     10010.05   9624.91     11083   
11583287.00    1993       1780       3773       5507       5720      11227      11227       1.12       0.39     10065.64   9569.32     11227   
11666620.00    1951       1715       3666       5549       5785      11334      11334       1.11       0.39     10173.53   9461.42     11334   
11749953.00    1906       1718       3624       5594       5782      11376      11376       1.12       0.38     10153.96   9481.00     11376   
11833286.00    1674       1482       3156       5826       6018      11844      11844       1.12       0.35     10530.70   9104.25     11844   
11916619.00    1698       1517       3215       5802       5983      11785      11785       1.13       0.35     10420.42   9214.54     11785   
11999952.00    1707       1513       3220       5793       5987      11780      11780       1.13       0.35     10441.57   9193.39     11780   
12083285.00    1755       1501       3256       5745       5999      11744      11744       1.12       0.35     10443.89   9191.07     11744   
12166618.00    1760       1514       3274       5740       5986      11726      11726       1.13       0.36     10416.25   9218.71     11726   
12249951.00    1800       1578       3378       5700       5922      11622      11622       1.13       0.36     10330.50   9304.45     11622   
12333284.00    1824       1585       3409       5676       5915      11591      11591       1.12       0.37     10385.43   9249.53     11591   
12416617.00    1823       1620       3443       5677       5880      11557      11557       1.12       0.37     10291.05   9343.90     11557   
12499950.00    1909       1671       3580       5591       5829      11420      11420       1.13       0.38     10106.10   9528.85     11420   
12583283.00    1811       1619       3430       5689       5881      11570      11570       1.13       0.36     10233.13   9401.82     11570   
12666616.00    1725       1534       3259       5775       5966      11741      11741       1.12       0.35     10443.74   9191.22     11741   
12749949.00    1716       1514       3230       5784       5986      11770      11770       1.12       0.35     10486.24   9148.71     11770   
12833282.00    1677       1428       3105       5823       6072      11895      11895       1.12       0.34     10612.09   9022.86     11895   
12916615.00    1657       1452       3109       5843       6048      11891      11891       1.12       0.34     10571.37   9063.58     11891   
12999948.00    1740       1548       3288       5760       5952      11712      11712       1.12       0.36     10471.22   9163.73     11712   
13083281.00    1762       1563       3325       5738       5937      11675      11675       1.11       0.36     10514.91   9120.04     11675   
13166614.00    1790       1600       3390       5710       5900      11610      11610       1.11       0.37     10476.35   9158.60     11610   
13249947.00    2087       1902       3989       5413       5598      11011      11011       1.12       0.41     9821.25    9813.71     11011   
13333280.00    1871       1676       3547       5629       5824      11453      11453       1.11       0.38     10278.49   9356.47     11453   
13416613.00    1922       1691       3613       5578       5809      11387      11387       1.12       0.38     10198.57   9436.39     11387   
13499946.00    1867       1658       3525       5633       5842      11475      11475       1.11       0.38     10323.94   9311.02     11475   
13583279.00    1964       1709       3673       5536       5791      11327      11327       1.12       0.39     10146.70   9488.26     11327   
13666612.00    1872       1673       3545       5628       5827      11455      11455       1.12       0.38     10241.06   9393.90     11455   
13749945.00    1878       1711       3589       5622       5789      11411      11411       1.12       0.38     10207.75   9427.20     11411   
13833278.00    1850       1646       3496       5650       5854      11504      11504       1.12       0.37     10285.32   9349.64     11504   
13916611.00    1880       1718       3598       5620       5782      11402      11402       1.12       0.38     10147.90   9487.05     11402   
13999944.00    1765       1703       3468       5735       5797      11532      11532       1.13       0.37     10243.54   9391.41     11532   
14083277.00    1695       1544       3239       5805       5956      11761      11761       1.12       0.35     10488.06   9146.90     11761   
14166610.00    1724       1604       3328       5776       5896      11672      11672       1.13       0.36     10363.46   9271.49     11672   
14249943.00    1805       1668       3473       5695       5832      11527      11527       1.13       0.37     10213.05   9421.91     11527   
14333276.00    1663       1507       3170       5837       5993      11830      11830       1.13       0.35     10491.39   9143.56     11830   
14416609.00    1666       1527       3193       5834       5973      11807      11807       1.12       0.35     10505.17   9129.79     11807   
14499942.00    1630       1501       3131       5870       5999      11869      11869       1.13       0.34     10522.53   9112.42     11869   
14583275.00    1555       1449       3004       5945       6051      11996      11996       1.13       0.33     10632.97   9001.99     11996   
14666608.00    1669       1561       3230       5831       5939      11770      11770       1.13       0.35     10458.15   9176.80     11770   
14749941.00    1746       1624       3370       5754       5876      11630      11630       1.13       0.36     10337.26   9297.69     11630   
14833274.00    1846       1712       3558       5654       5788      11442      11442       1.13       0.37     10123.71   9511.25     11442   
14916607.00    1789       1657       3446       5711       5843      11554      11554       1.13       0.36     10182.99   9451.97     11554   
14999940.00    1728       1623       3351       5772       5877      11649      11649       1.14       0.36     10243.40   9391.56     11649   
15083273.00    1696       1592       3288       5804       5908      11712      11712       1.14       0.35     10289.56   9345.40     11712   
15166606.00    1618       1483       3101       5882       6017      11899      11899       1.13       0.34     10515.72   9119.23     11899   
15249939.00    1639       1521       3160       5861       5979      11840      11840       1.13       0.35     10501.77   9133.19     11840   
15333272.00    1716       1580       3296       5784       5920      11704      11704       1.12       0.36     10439.74   9195.21     11704   
15416605.00    1672       1554       3226       5828       5946      11774      11774       1.11       0.36     10599.31   9035.65     11774   
15499938.00    1701       1582       3283       5799       5918      11717      11717       1.12       0.36     10483.40   9151.56     11717   
15583271.00    1740       1566       3306       5760       5934      11694      11694       1.12       0.36     10395.95   9239.00     11694   
15666604.00    1739       1607       3346       5761       5893      11654      11654       1.13       0.36     10331.81   9303.15     11654   
15749937.00    1778       1621       3399       5722       5879      11601      11601       1.12       0.36     10319.21   9315.74     11601   
15833270.00    1741       1650       3391       5759       5850      11609      11609       1.13       0.36     10301.51   9333.45     11609   
15916603.00    1898       1771       3669       5602       5729      11331      11331       1.13       0.38     10014.88   9620.08     11331   
15999936.00    1751       1651       3402       5749       5849      11598      11598       1.13       0.36     10256.22   9378.74     11598   
16083269.00    1712       1586       3298       5788       5914      11702      11702       1.13       0.35     10316.63   9318.32     11702   
16166602.00    1758       1556       3314       5742       5944      11686      11686       1.14       0.35     10276.05   9358.90     11686   
16249935.00    1746       1618       3364       5754       5882      11636      11636       1.13       0.36     10323.47   9311.48     11636   
16333268.00    1786       1601       3387       5714       5899      11613      11613       1.13       0.36     10268.74   9366.22     11613   
16416601.00    1702       1556       3258       5798       5944      11742      11742       1.13       0.35     10369.19   9265.76     11742   
16499934.00    1693       1542       3235       5807       5958      11765      11765       1.13       0.35     10383.30   9251.65     11765   
16583267.00    1644       1513       3157       5856       5987      11843      11843       1.13       0.35     10490.09   9144.87     11843   
16666600.00    1724       1559       3283       5776       5941      11717      11717       1.13       0.35     10380.70   9254.25     11717   
16749933.00    1716       1631       3347       5784       5869      11653      11653       1.12       0.36     10370.52   9264.44     11653   
16833266.00    1702       1610       3312       5798       5890      11688      11688       1.12       0.36     10456.45   9178.50     11688   
16916599.00    1622       1528       3150       5878       5972      11850      11850       1.12       0.35     10594.79   9040.17     11850   
16999932.00    1662       1539       3201       5838       5961      11799      11799       1.12       0.35     10511.85   9123.11     11799   
17083265.00    1818       1611       3429       5682       5889      11571      11571       1.12       0.37     10295.69   9339.26     11571   
17166598.00    1839       1625       3464       5661       5875      11536      11536       1.13       0.37     10196.05   9438.90     11536   
17249931.00    1814       1631       3445       5686       5869      11555      11555       1.13       0.36     10190.35   9444.61     11555   
17333264.00    1815       1714       3529       5685       5786      11471      11471       1.13       0.37     10114.27   9520.68     11471   
17416597.00    1758       1640       3398       5742       5860      11602      11602       1.14       0.36     10216.43   9418.52     11602   
17499930.00    1607       1512       3119       5893       5988      11881      11881       1.13       0.34     10514.23   9120.73     11881   
17583263.00    1608       1483       3091       5892       6017      11909      11909       1.13       0.34     10578.25   9056.71     11909   
17666596.00    1583       1514       3097       5917       5986      11903      11903       1.12       0.34     10614.43   9020.53     11903   
17749929.00    1662       1568       3230       5838       5932      11770      11770       1.13       0.35     10394.69   9240.27     11770   
17833262.00    1614       1527       3141       5886       5973      11859      11859       1.13       0.34     10467.97   9166.99     11859   
17916595.00    1566       1537       3103       5934       5963      11897      11897       1.13       0.34     10569.68   9065.27     11897   
17999928.00    1585       1458       3043       5915       6042      11957      11957       1.12       0.34     10652.25   8982.70     11957   
18083261.00    1578       1507       3085       5922       5993      11915      11915       1.13       0.34     10583.01   9051.95     11915   
18166594.00    1658       1583       3241       5842       5917      11759      11759       1.12       0.35     10455.73   9179.23     11759   
18249927.00    1662       1566       3228       5838       5934      11772      11772       1.13       0.35     10455.17   9179.78     11772   
18333260.00    1628       1560       3188       5872       5940      11812      11812       1.12       0.35     10542.51   9092.45     11812   
18416593.00    1684       1560       3244       5816       5940      11756      11756       1.12       0.35     10467.97   9166.99     11756   
18499926.00    1693       1547       3240       5807       5953      11760      11760       1.13       0.35     10389.60   9245.36     11760   
18583259.00    1586       1436       3022       5914       6064      11978      11978       1.13       0.33     10553.45   9081.50     11978   
18666592.00    1626       1457       3083       5874       6043      11917      11917       1.13       0.34     10535.54   9099.41     11917   
18749925.00    1679       1478       3157       5821       6022      11843      11843       1.14       0.34     10411.53   9223.42     11843   
18833258.00    1625       1442       3067       5875       6058      11933      11933       1.13       0.34     10533.16   9101.80     11933   
18916591.00    1667       1523       3190       5833       5977      11810      11810       1.13       0.35     10411.52   9223.43     11810   
18999924.00    1630       1499       3129       5870       6001      11871      11871       1.13       0.34     10504.14   9130.81     11871   
19083257.00    1671       1492       3163       5829       6008      11837      11837       1.13       0.35     10513.33   9121.62     11837   
19166590.00    1676       1538       3214       5824       5962      11786      11786       1.12       0.35     10513.91   9121.04     11786   
19249923.00    1809       1642       3451       5691       5858      11549      11549       1.12       0.37     10304.85   9330.10     11549   
19333256.00    1808       1652       3460       5692       5848      11540      11540       1.13       0.37     10244.35   9390.61     11540   
19416589.00    1934       1741       3675       5566       5759      11325      11325       1.14       0.38     9951.65    9683.31     11325   
19499922.00    1907       1723       3630       5593       5777      11370      11370       1.14       0.37     9946.43    9688.53     11370   
19583255.00    1900       1755       3655       5600       5745      11345      11345       1.14       0.38     9971.69    9663.26     11345   
19666588.00    1889       1731       3620       5611       5769      11380      11380       1.13       0.38     10029.21   9605.74     11380   
19749921.00    1873       1772       3645       5627       5728      11355      11355       1.14       0.38     9954.11    9680.84     11355   
19833254.00    1812       1695       3507       5688       5805      11493      11493       1.15       0.36     10021.29   9613.66     11493   
19916587.00    1729       1623       3352       5771       5877      11648      11648       1.14       0.36     10203.74   9431.21     11648   
19999920.00    1765       1661       3426       5735       5839      11574      11574       1.14       0.36     10122.56   9512.40     11574   
20083253.00    1680       1591       3271       5820       5909      11729      11729       1.14       0.35     10249.73   9385.22     11729   
20166586.00    1564       1494       3058       5936       6006      11942      11942       1.14       0.34     10516.63   9118.33     11942   
20249919.00    1595       1524       3119       5905       5976      11881      11881       1.14       0.34     10455.32   9179.63     11881   
20333252.00    1565       1491       3056       5935       6009      11944      11944       1.13       0.34     10541.51   9093.44     11944   
20416585.00    1689       1584       3273       5811       5916      11727      11727       1.13       0.35     10355.77   9279.19     11727   
20499918.00    1669       1534       3203       5831       5966      11797      11797       1.12       0.35     10503.05   9131.90     11797   
20583251.00    1764       1628       3392       5736       5872      11608      11608       1.12       0.37     10344.11   9290.85     11608   
20666584.00    1777       1603       3380       5723       5897      11620      11620       1.12       0.36     10336.43   9298.52     11620   
20749917.00    1711       1581       3292       5789       5919      11708      11708       1.13       0.36     10383.45   9251.51     11708   
20833250.00    1776       1643       3419       5724       5857      11581      11581       1.13       0.36     10217.08   9417.88     11581   
20916583.00    1753       1567       3320       5747       5933      11680      11680       1.14       0.35     10253.87   9381.09     11680   
20999916.00    1700       1532       3232       5800       5968      11768      11768       1.14       0.35     10349.59   9285.36     11768   
21083249.00    1560       1427       2987       5940       6073      12013      12013       1.13       0.33     10612.53   9022.42     12013   
21166582.00    1516       1395       2911       5984       6105      12089      12089       1.13       0.32     10651.92   8983.03     12089   
21249915.00    1529       1388       2917       5971       6112      12083      12083       1.13       0.33     10665.95   8969.01     12083   
21333248.00    1488       1344       2832       6012       6156      12168      12168       1.13       0.32     10773.38   8861.58     12168   
21416581.00    1505       1334       2839       5995       6166      12161      12161       1.12       0.32     10851.50   8783.45     12161   
21499914.00    1496       1395       2891       6004       6105      12109      12109       1.12       0.33     10815.95   8819.01     12109   
21583247.00    1642       1510       3152       5858       5990      11848      11848       1.11       0.35     10675.21   8959.75     11848   
21666580.00    1848       1590       3438       5652       5910      11562      11562       1.11       0.37     10381.45   9253.51     11562   
21749913.00    1908       1680       3588       5592       5820      11412      11412       1.11       0.38     10251.01   9383.95     11412   
21833246.00    1968       1748       3716       5532       5752      11284      11284       1.11       0.39     10152.67   9482.29     11284   
21916579.00    1907       1750       3657       5593       5750      11343      11343       1.12       0.39     10168.31   9466.65     11343   
21999912.00    1865       1717       3582       5635       5783      11418      11418       1.12       0.38     10150.89   9484.06     11418   
22083245.00    1819       1665       3484       5681       5835      11516      11516       1.12       0.37     10241.68   9393.28     11516   
22166578.00    1772       1605       3377       5728       5895      11623      11623       1.13       0.36     10323.69   9311.27     11623   
22249911.00    1708       1556       3264       5792       5944      11736      11736       1.13       0.35     10388.54   9246.42     11736   
22333244.00    1731       1590       3321       5769       5910      11679      11679       1.13       0.36     10302.95   9332.01     11679   
22416577.00    1678       1544       3222       5822       5956      11778      11778       1.13       0.35     10390.17   9244.78     11778   
22499910.00    1680       1480       3160       5820       6020      11840      11840       1.13       0.35     10480.60   9154.35     11840   
22583243.00    1670       1453       3123       5830       6047      11877      11877       1.12       0.34     10582.76   9052.19     11877   
22666576.00    1753       1586       3339       5747       5914      11661      11661       1.12       0.36     10387.27   9247.69     11661   
22749909.00    1768       1631       3399       5732       5869      11601      11601       1.12       0.37     10351.82   9283.13     11601   
22833242.00    1813       1670       3483       5687       5830      11517      11517       1.12       0.37     10250.77   9384.18     11517   
22916575.00    1733       1609       3342       5767       5891      11658      11658       1.13       0.36     10287.53   9347.43     11658   
22999908.00    1610       1546       3156       5890       5954      11844      11844       1.13       0.34     10455.01   9179.94     11844   
23083241.00    1545       1492       3037       5955       6008      11963      11963       1.13       0.34     10578.64   9056.31     11963   
23166574.00    1535       1476       3011       5965       6024      11989      11989       1.13       0.33     10591.89   9043.07     11989   
23249907.00    1538       1398       2936       5962       6102      12064      12064       1.13       0.33     10675.10   8959.85     12064   
23333240.00    1565       1440       3005       5935       6060      11995      11995       1.13       0.33     10606.84   9028.12     11995   
23416573.00    1539       1442       2981       5961       6058      12019      12019       1.13       0.33     10641.16   8993.79     12019   
23499906.00    1645       1513       3158       5855       5987      11842      11842       1.13       0.34     10470.90   9164.06     11842   
23583239.00    1637       1526       3163       5863       5974      11837      11837       1.12       0.35     10607.48   9027.48     11837   
23666572.00    1712       1630       3342       5788       5870      11658      11658       1.12       0.36     10398.77   9236.19     11658   
23749905.00    1716       1616       3332       5784       5884      11668      11668       1.12       0.36     10413.81   9221.15     11668   
23833238.00    1770       1651       3421       5730       5849      11579      11579       1.12       0.37     10355.03   9279.92     11579   
23916571.00    1832       1715       3547       5668       5785      11453      11453       1.12       0.38     10232.43   9402.52     11453   
23999904.00    1871       1767       3638       5629       5733      11362      11362       1.13       0.38     10082.84   9552.11     11362   
24083237.00    1812       1658       3470       5688       5842      11530      11530       1.12       0.37     10249.59   9385.36     11530   
24166570.00    1763       1599       3362       5737       5901      11638      11638       1.13       0.36     10315.63   9319.32     11638   
24249903.00    1722       1554       3276       5778       5946      11724      11724       1.14       0.35     10313.01   9321.95     11724   
24333236.00    1743       1523       3266       5757       5977      11734      11734       1.13       0.35     10374.63   9260.32     11734   
24416569.00    1673       1471       3144       5827       6029      11856      11856       1.13       0.34     10513.00   9121.95     11856   
24499902.00    1681       1543       3224       5819       5957      11776      11776       1.13       0.35     10450.74   9184.22     11776   
24583235.00    1734       1567       3301       5766       5933      11699      11699       1.13       0.35     10311.28   9323.67     11699   
24666568.00    1672       1498       3170       5828       6002      11830      11830       1.12       0.35     10516.65   9118.30     11830   
24749901.00    1622       1419       3041       5878       6081      11959      11959       1.12       0.34     10676.66   8958.30     11959   
24833234.00    1651       1512       3163       5849       5988      11837      11837       1.12       0.35     10610.27   9024.68     11837   
24916567.00    1627       1519       3146       5873       5981      11854      11854       1.11       0.35     10686.44   8948.51     11854   
24999900.00    1589       1424       3013       5911       6076      11987      11987       1.11       0.34     10844.39   8790.56     11987   
25083233.00    1730       1521       3251       5770       5979      11749      11749       1.11       0.36     10538.87   9096.08     11749   
25166566.00    1742       1515       3257       5758       5985      11743      11743       1.12       0.36     10528.69   9106.26     11743   
25249899.00    1703       1461       3164       5797       6039      11836      11836       1.11       0.35     10678.08   8956.87     11836   
25333232.00    1743       1546       3289       5757       5954      11711      11711       1.11       0.36     10532.34   9102.61     11711   
25416565.00    1817       1672       3489       5683       5828      11511      11511       1.12       0.37     10320.27   9314.69     11511   
25499898.00    1818       1680       3498       5682       5820      11502      11502       1.12       0.37     10244.70   9390.25     11502   
25583231.00    1750       1561       3311       5750       5939      11689      11689       1.12       0.36     10450.98   9183.98     11689   
25666564.00    1808       1610       3418       5692       5890      11582      11582       1.13       0.37     10274.51   9360.45     11582   
25749897.00    1851       1678       3529       5649       5822      11471      11471       1.13       0.37     10141.49   9493.46     11471   
25833230.00    1860       1670       3530       5640       5830      11470      11470       1.13       0.37     10141.32   9493.64     11470   
25916563.00    1809       1656       3465       5691       5844      11535      11535       1.13       0.37     10193.04   9441.92     11535   
25999896.00    1770       1605       3375       5730       5895      11625      11625       1.13       0.36     10293.51   9341.44     11625   
26083229.00    1684       1491       3175       5816       6009      11825      11825       1.13       0.35     10472.98   9161.97     11825   
26166562.00    1625       1475       3100       5875       6025      11900      11900       1.13       0.34     10577.19   9057.76     11900   
26249895.00    1582       1451       3033       5918       6049      11967      11967       1.13       0.34     10611.67   9023.29     11967   
26333228.00    1598       1473       3071       5902       6027      11929      11929       1.13       0.34     10568.59   9066.36     11929   
26416561.00    1586       1432       3018       5914       6068      11982      11982       1.13       0.33     10599.86   9035.09     11982   
26499894.00    1733       1508       3241       5767       5992      11759      11759       1.13       0.35     10441.49   9193.47     11759   
26583227.00    1689       1427       3116       5811       6073      11884      11884       1.13       0.34     10561.68   9073.28     11884   
26666560.00    1793       1601       3394       5707       5899      11606      11606       1.13       0.36     10297.70   9337.26     11606   
26749893.00    1762       1599       3361       5738       5901      11639      11639       1.12       0.36     10364.14   9270.82     11639   
26833226.00    1819       1653       3472       5681       5847      11528      11528       1.12       0.37     10261.45   9373.51     11528   
26916559.00    1812       1675       3487       5688       5825      11513      11513       1.13       0.37     10228.92   9406.04     11513   
26999892.00    1846       1730       3576       5654       5770      11424      11424       1.13       0.38     10152.23   9482.72     11424   
27083225.00    1927       1803       3730       5573       5697      11270      11270       1.13       0.39     9992.74    9642.22     11270   
27166558.00    1844       1736       3580       5656       5764      11420      11420       1.13       0.38     10090.77   9544.18     11420   
27249891.00    1768       1592       3360       5732       5908      11640      11640       1.14       0.36     10241.15   9393.80     11640   
27333224.00    1691       1564       3255       5809       5936      11745      11745       1.13       0.35     10376.61   9258.34     11745   
27416557.00    1652       1627       3279       5848       5873      11721      11721       1.13       0.35     10335.65   9299.31     11721   
27499890.00    1659       1629       3288       5841       5871      11712      11712       1.13       0.35     10340.10   9294.85     11712   
27583223.00    1673       1635       3308       5827       5865      11692      11692       1.13       0.36     10352.51   9282.44     11692   
27666556.00    1805       1717       3522       5695       5783      11478      11478       1.13       0.37     10165.94   9469.01     11478   
27749889.00    1787       1718       3505       5713       5782      11495      11495       1.14       0.37     10089.11   9545.85     11495   
27833222.00    1831       1673       3504       5669       5827      11496      11496       1.14       0.37     10121.59   9513.36     11496   
27916555.00    1880       1721       3601       5620       5779      11399      11399       1.14       0.37     10026.02   9608.94     11399   
27999888.00    1862       1686       3548       5638       5814      11452      11452       1.13       0.37     10137.93   9497.03     11452   
28083221.00    1835       1683       3518       5665       5817      11482      11482       1.13       0.37     10149.88   9485.08     11482   
28166554.00    1768       1600       3368       5732       5900      11632      11632       1.14       0.36     10226.24   9408.71     11632   
28249887.00    1707       1569       3276       5793       5931      11724      11724       1.14       0.35     10300.02   9334.93     11724   
28333220.00    1644       1504       3148       5856       5996      11852      11852       1.14       0.34     10438.74   9196.22     11852   
28416553.00    1666       1508       3174       5834       5992      11826      11826       1.13       0.35     10501.05   9133.90     11826   
28499886.00    1727       1500       3227       5773       6000      11773      11773       1.13       0.35     10449.89   9185.07     11773   
28583219.00    1746       1538       3284       5754       5962      11716      11716       1.12       0.36     10444.95   9190.00     11716   
28666552.00    1735       1533       3268       5765       5967      11732      11732       1.11       0.36     10551.35   9083.61     11732   
28749885.00    1705       1563       3268       5795       5937      11732      11732       1.12       0.36     10497.21   9137.75     11732   
28833218.00    1765       1583       3348       5735       5917      11652      11652       1.12       0.36     10387.49   9247.46     11652   
28916551.00    1811       1638       3449       5689       5862      11551      11551       1.13       0.37     10262.15   9372.81     11551   
28999884.00    1796       1669       3465       5704       5831      11535      11535       1.13       0.37     10209.77   9425.18     11535   
29083217.00    1821       1669       3490       5679       5831      11510      11510       1.13       0.37     10177.84   9457.11     11510   
29166550.00    1775       1601       3376       5725       5899      11624      11624       1.14       0.36     10216.10   9418.85     11624   
29249883.00    1663       1521       3184       5837       5979      11816      11816       1.14       0.34     10382.55   9252.41     11816   
29333216.00    1559       1460       3019       5941       6040      11981      11981       1.14       0.33     10532.89   9102.06     11981   
29416549.00    1547       1405       2952       5953       6095      12048      12048       1.14       0.33     10609.83   9025.13     12048   
29499882.00    1620       1435       3055       5880       6065      11945      11945       1.13       0.34     10540.10   9094.85     11945   
29583215.00    1677       1456       3133       5823       6044      11867      11867       1.14       0.34     10429.09   9205.86     11867   
29666548.00    1637       1446       3083       5863       6054      11917      11917       1.14       0.34     10453.99   9180.97     11917   
29749881.00    1644       1509       3153       5856       5991      11847      11847       1.15       0.34     10332.75   9302.20     11847   
29833214.00    1598       1467       3065       5902       6033      11935      11935       1.14       0.33     10462.18   9172.78     11935   
29916547.00    1646       1517       3163       5854       5983      11837      11837       1.14       0.34     10406.73   9228.22     11837   
29999880.00    1696       1620       3316       5804       5880      11684      11684       1.14       0.35     10283.84   9351.12     11684   
30083213.00    1753       1636       3389       5747       5864      11611      11611       1.13       0.36     10251.02   9383.93     11611   
30166546.00    1766       1614       3380       5734       5886      11620      11620       1.13       0.36     10263.36   9371.59     11620   
30249879.00    1850       1675       3525       5650       5825      11475      11475       1.13       0.37     10174.35   9460.60     11475   
30333212.00    1890       1651       3541       5610       5849      11459      11459       1.13       0.37     10171.81   9463.15     11459   
30416545.00    1908       1633       3541       5592       5867      11459      11459       1.13       0.37     10113.08   9521.87     11459   
30499878.00    1733       1537       3270       5767       5963      11730      11730       1.13       0.35     10358.20   9276.76     11730   
30583211.00    1737       1512       3249       5763       5988      11751      11751       1.13       0.35     10360.22   9274.73     11751   
30666544.00    1753       1538       3291       5747       5962      11709      11709       1.14       0.35     10310.77   9324.18     11709   
30749877.00    1702       1458       3160       5798       6042      11840      11840       1.14       0.34     10430.72   9204.23     11840   
30833210.00    1684       1450       3134       5816       6050      11866      11866       1.13       0.34     10520.58   9114.38     11866   
30916543.00    1669       1506       3175       5831       5994      11825      11825       1.13       0.34     10428.74   9206.22     11825   
30999876.00    1715       1515       3230       5785       5985      11770      11770       1.14       0.35     10316.90   9318.05     11770   
31083209.00    1676       1523       3199       5824       5977      11801      11801       1.13       0.35     10423.08   9211.88     11801   
31166542.00    1754       1575       3329       5746       5925      11671      11671       1.13       0.36     10292.85   9342.11     11671   
31249875.00    1881       1662       3543       5619       5838      11457      11457       1.13       0.37     10153.56   9481.39     11457   
31333208.00    1784       1652       3436       5716       5848      11564      11564       1.13       0.37     10230.18   9404.77     11564   
31416541.00    1826       1650       3476       5674       5850      11524      11524       1.13       0.37     10157.26   9477.69     11524   
31499874.00    1841       1678       3519       5659       5822      11481      11481       1.14       0.37     10108.91   9526.04     11481   
31583207.00    1756       1596       3352       5744       5904      11648      11648       1.13       0.36     10298.45   9336.50     11648   
31666540.00    1809       1667       3476       5691       5833      11524      11524       1.13       0.37     10154.00   9480.95     11524   
31749873.00    1796       1618       3414       5704       5882      11586      11586       1.13       0.36     10264.56   9370.40     11586   
31833206.00    1779       1613       3392       5721       5887      11608      11608       1.13       0.36     10271.00   9363.95     11608   
31916539.00    1699       1569       3268       5801       5931      11732      11732       1.14       0.35     10334.19   9300.77     11732   
31999872.00    1698       1571       3269       5802       5929      11731      11731       1.13       0.35     10352.70   9282.26     11731   
32083205.00    1698       1543       3241       5802       5957      11759      11759       1.14       0.35     10360.06   9274.89     11759   
32166538.00    1690       1466       3156       5810       6034      11844      11844       1.13       0.34     10449.25   9185.71     11844   
32249871.00    1689       1528       3217       5811       5972      11783      11783       1.14       0.35     10380.99   9253.97     11783   
32333204.00    1617       1493       3110       5883       6007      11890      11890       1.13       0.34     10506.97   9127.99     11890   
32416537.00    1614       1439       3053       5886       6061      11947      11947       1.13       0.34     10561.64   9073.32     11947   
32499870.00    1603       1454       3057       5897       6046      11943      11943       1.13       0.34     10550.29   9084.67     11943   
32583203.00    1748       1618       3366       5752       5882      11634      11634       1.14       0.36     10205.54   9429.41     11634   
32666536.00    1675       1530       3205       5825       5970      11795      11795       1.14       0.35     10389.81   9245.15     11795   
32749869.00    1725       1569       3294       5775       5931      11706      11706       1.14       0.35     10270.39   9364.56     11706   
32833202.00    1712       1609       3321       5788       5891      11679      11679       1.14       0.35     10210.43   9424.53     11679   
32916535.00    1660       1557       3217       5840       5943      11783      11783       1.14       0.35     10362.33   9272.62     11783   
32999868.00    1637       1535       3172       5863       5965      11828      11828       1.14       0.34     10418.77   9216.18     11828   
33083201.00    1516       1460       2976       5984       6040      12024      12024       1.14       0.33     10575.24   9059.72     12024   
33166534.00    1506       1394       2900       5994       6106      12100      12100       1.13       0.32     10691.23   8943.72     12100   
33249867.00    1471       1339       2810       6029       6161      12190      12190       1.13       0.32     10764.18   8870.77     12190   
33333200.00    1466       1323       2789       6034       6177      12211      12211       1.13       0.32     10836.19   8798.77     12211   
