 Timestep    Gas_A      Gas_B     Gas_tot    Dense_A    Dense_B   Dense_tot   Lg_clust  DP_density GP_density Clust_area  Gas_area     MCS    
   0.00       9000       6000      15000        0          0          0          6         0.00       0.76       0.00     19634.96      0     
 83333.00     9000       6000      15000        0          0          0         342        0.00       0.76       0.00     19634.96      0     
166666.00     8202       5456      13658       798        544        1342       1342       0.96       0.75     1396.18    18238.77     1342   
249999.00     6338       4167      10505       2662       1833       4495       1576       0.98       0.70     4605.45    15029.51     1498   
333332.00     7570       5020      12590       1430       980        2410       1306       0.98       0.73     2450.63    17184.32     1205   
416665.00     8150       5452      13602       850        548        1398       1398       1.01       0.75     1389.14    18245.82     1398   
499998.00     5323       3515       8838       3677       2485       6162       6162       1.02       0.65     6061.93    13573.02     6162   
583331.00     4750       3089       7839       4250       2911       7161       3556       1.02       0.62     6991.70    12643.26     2387   
666664.00     4542       2946       7488       4458       3054       7512       4259       1.05       0.60     7187.49    12447.46     2504   
749997.00     4540       2934       7474       4460       3066       7526       6377       1.06       0.60     7119.03    12515.93     3763   
833330.00     4066       2640       6706       4934       3360       8294       4291       1.06       0.57     7844.23    11790.73     2764   
916663.00     4437       2843       7280       4563       3157       7720       6089       1.06       0.59     7257.12    12377.83     3860   
999996.00     3232       2054       5286       5768       3946       9714       5445       1.07       0.50     9061.05    10573.90     3238   
1083329.00    2914       1807       4721       6086       4193      10279       5741       1.07       0.47     9637.25    9997.70      3426   
1166662.00    3015       1862       4877       5985       4138      10123       3315       1.07       0.48     9486.40    10148.56     2530   
1249995.00    3081       1970       5051       5919       4030       9949       3046       1.08       0.48     9215.40    10419.56     2487   
1333328.00    3009       1903       4912       5991       4097      10088       5724       1.08       0.48     9348.50    10286.46     3362   
1416661.00    2792       1824       4616       6208       4176      10384       8907       1.08       0.46     9601.39    10033.56     5192   
1499994.00    2571       1695       4266       6429       4305      10734      10734       1.08       0.44     9938.55    9696.41     10734   
1583327.00    2506       1548       4054       6494       4452      10946       7665       1.08       0.42     10089.44   9545.52      5473   
1666660.00    2492       1550       4042       6508       4450      10958       8947       1.09       0.42     10095.52   9539.43      5479   
1749993.00    2513       1561       4074       6487       4439      10926       8958       1.09       0.43     10050.30   9584.65      5463   
1833326.00    2390       1495       3885       6610       4505      11115       9146       1.09       0.41     10192.26   9442.70      5557   
1916659.00    2311       1469       3780       6689       4531      11220       9302       1.09       0.40     10300.21   9334.74      5610   
1999992.00    2223       1425       3648       6777       4575      11352      11352       1.09       0.40     10410.91   9224.05     11352   
2083325.00    2185       1351       3536       6815       4649      11464      11464       1.09       0.39     10475.48   9159.47     11464   
2166658.00    2104       1297       3401       6896       4703      11599       5876       1.10       0.37     10531.98   9102.97      5799   
2249991.00    2029       1219       3248       6971       4781      11752       5954       1.10       0.36     10720.89   8914.07      5876   
2333324.00    2026       1287       3313       6974       4713      11687       5878       1.10       0.37     10665.01   8969.94      5843   
2416657.00    1971       1222       3193       7029       4778      11807       5939       1.10       0.36     10737.49   8897.47      5903   
2499990.00    2043       1247       3290       6957       4753      11710       5868       1.09       0.37     10702.02   8932.94      5855   
2583323.00    2091       1296       3387       6909       4704      11613       5808       1.09       0.38     10660.71   8974.25      5806   
2666656.00    2156       1358       3514       6844       4642      11486       5770       1.08       0.39     10619.23   9015.73      5743   
2749989.00    2127       1337       3464       6873       4663      11536       5805       1.08       0.39     10644.88   8990.08      5768   
2833322.00    2230       1395       3625       6770       4605      11375       5778       1.09       0.40     10457.80   9177.15      5687   
2916655.00    2217       1369       3586       6783       4631      11414       5793       1.08       0.39     10521.20   9113.75      5707   
2999988.00    2227       1374       3601       6773       4626      11399       5833       1.09       0.39     10415.37   9219.58      5699   
3083321.00    2196       1375       3571       6804       4625      11429       5833       1.10       0.39     10419.62   9215.33      5714   
3166654.00    2047       1294       3341       6953       4706      11659       5902       1.10       0.37     10635.46   8999.49      5829   
3249987.00    2046       1318       3364       6954       4682      11636       5923       1.10       0.37     10602.50   9032.45      5818   
3333320.00    2077       1337       3414       6923       4663      11586       5946       1.10       0.37     10489.07   9145.88      5793   
3416653.00    2040       1301       3341       6960       4699      11659       6068       1.11       0.37     10519.80   9115.15      5829   
3499986.00    1997       1293       3290       7003       4707      11710       6088       1.10       0.37     10661.48   8973.48      5855   
3583319.00    2045       1261       3306       6955       4739      11694       6080       1.10       0.37     10639.71   8995.25      5847   
3666652.00    2081       1258       3339       6919       4742      11661       6086       1.10       0.37     10634.52   9000.44      5830   
3749985.00    2152       1307       3459       6848       4693      11541       6145       1.10       0.38     10523.53   9111.42      5770   
3833318.00    2096       1264       3360       6904       4736      11640       6282       1.09       0.37     10640.72   8994.23      5820   
3916651.00    2325       1473       3798       6675       4527      11202       6162       1.09       0.40     10242.22   9392.74      5601   
3999984.00    2375       1435       3810       6625       4565      11190       6078       1.10       0.40     10156.06   9478.89      5595   
4083317.00    2174       1337       3511       6826       4663      11489       6252       1.10       0.38     10435.15   9199.81      5744   
4166650.00    2110       1287       3397       6890       4713      11603       6269       1.10       0.37     10528.07   9106.88      5801   
4249983.00    2089       1244       3333       6911       4756      11667       6395       1.10       0.37     10581.12   9053.84      5833   
4333316.00    2314       1431       3745       6686       4569      11255       6298       1.11       0.39     10132.51   9502.44      5627   
4416649.00    2251       1355       3606       6749       4645      11394       6363       1.10       0.39     10335.92   9299.04      5697   
4499982.00    2153       1238       3391       6847       4762      11609       6375       1.11       0.37     10502.37   9132.59      5804   
4583315.00    2113       1177       3290       6887       4823      11710       6355       1.11       0.36     10544.54   9090.42      5855   
4666648.00    1994       1151       3145       7006       4849      11855       6423       1.11       0.35     10663.46   8971.49      5927   
4749981.00    2048       1237       3285       6952       4763      11715      11715       1.11       0.36     10517.57   9117.39     11715   
4833314.00    2026       1195       3221       6974       4805      11779      11779       1.11       0.36     10642.49   8992.47     11779   
4916647.00    2031       1180       3211       6969       4820      11789      11789       1.10       0.36     10683.05   8951.90     11789   
4999980.00    2095       1282       3377       6905       4718      11623      11623       1.09       0.37     10615.93   9019.02     11623   
5083313.00    2087       1278       3365       6913       4722      11635      11635       1.08       0.38     10737.36   8897.59     11635   
5166646.00    2156       1296       3452       6844       4704      11548      11548       1.09       0.38     10615.04   9019.92     11548   
5249979.00    2225       1341       3566       6775       4659      11434      11434       1.10       0.39     10419.17   9215.79     11434   
5333312.00    2174       1285       3459       6826       4715      11541      11541       1.10       0.38     10481.46   9153.49     11541   
5416645.00    2190       1293       3483       6810       4707      11517      11517       1.10       0.38     10436.24   9198.71     11517   
5499978.00    2136       1248       3384       6864       4752      11616      11616       1.09       0.38     10629.55   9005.41     11616   
5583311.00    2352       1425       3777       6648       4575      11223      11223       1.10       0.40     10185.06   9449.90     11223   
5666644.00    2232       1371       3603       6768       4629      11397      11397       1.10       0.39     10402.45   9232.51     11397   
5749977.00    2187       1336       3523       6813       4664      11477      11477       1.09       0.39     10519.65   9115.31     11477   
5833310.00    2143       1326       3469       6857       4674      11531      11531       1.10       0.38     10518.80   9116.15     11531   
5916643.00    2045       1319       3364       6955       4681      11636      11636       1.10       0.37     10576.36   9058.59     11636   
5999976.00    2059       1257       3316       6941       4743      11684      11684       1.09       0.37     10690.46   8944.50     11684   
6083309.00    2278       1376       3654       6722       4624      11346      11346       1.09       0.40     10409.90   9225.06     11346   
6166642.00    2214       1374       3588       6786       4626      11412      11412       1.09       0.39     10485.88   9149.08     11412   
6249975.00    2187       1354       3541       6813       4646      11459      11459       1.09       0.39     10499.69   9135.27     11459   
6333308.00    2232       1334       3566       6768       4666      11434      11434       1.09       0.39     10478.09   9156.87     11434   
6416641.00    2379       1403       3782       6621       4597      11218      11218       1.09       0.40     10262.05   9372.90     11218   
6499974.00    2648       1593       4241       6352       4407      10759      10759       1.10       0.43     9766.53    9868.42     10759   
6583307.00    2585       1522       4107       6415       4478      10893      10893       1.10       0.42     9858.91    9776.05     10893   
6666640.00    2510       1519       4029       6490       4481      10971      10971       1.10       0.42     9944.91    9690.05     10971   
6749973.00    2401       1393       3794       6599       4607      11206      11206       1.10       0.40     10166.55   9468.40     11206   
6833306.00    2438       1483       3921       6562       4517      11079      11079       1.11       0.41     9975.09    9659.87     11079   
6916639.00    2387       1412       3799       6613       4588      11201      11201       1.11       0.40     10048.05   9586.90     11201   
6999972.00    2326       1405       3731       6674       4595      11269      11269       1.12       0.39     10089.94   9545.02     11269   
7083305.00    2186       1273       3459       6814       4727      11541      11541       1.11       0.37     10398.52   9236.43     11541   
7166638.00    2071       1251       3322       6929       4749      11678      11678       1.11       0.36     10502.98   9131.98     11678   
7249971.00    2007       1163       3170       6993       4837      11830      11830       1.10       0.36     10708.04   8926.92     11830   
7333304.00    2067       1226       3293       6933       4774      11707      11707       1.10       0.37     10619.55   9015.40     11707   
7416637.00    2151       1263       3414       6849       4737      11586      11586       1.10       0.37     10505.49   9129.46     11586   
7499970.00    2146       1296       3442       6854       4704      11558      11558       1.10       0.38     10494.23   9140.72     11558   
7583303.00    2182       1316       3498       6818       4684      11502      11502       1.10       0.38     10463.64   9171.31     11502   
7666636.00    2492       1535       4027       6508       4465      10973      10973       1.10       0.42     9959.04    9675.92     10973   
7749969.00    2234       1337       3571       6766       4663      11429      11429       1.09       0.39     10448.29   9186.66     11429   
7833302.00    2149       1294       3443       6851       4706      11557      11557       1.09       0.38     10608.79   9026.16     11557   
7916635.00    2236       1354       3590       6764       4646      11410      11410       1.09       0.39     10462.59   9172.37     11410   
7999968.00    2145       1301       3446       6855       4699      11554      11554       1.09       0.38     10559.60   9075.35     11554   
8083301.00    2192       1295       3487       6808       4705      11513      11513       1.10       0.38     10480.38   9154.57     11513   
8166634.00    2348       1466       3814       6652       4534      11186      11186       1.10       0.40     10139.33   9495.63     11186   
8249967.00    2324       1441       3765       6676       4559      11235      11235       1.11       0.40     10138.34   9496.61     11235   
8333300.00    2158       1333       3491       6842       4667      11509      11509       1.10       0.38     10471.98   9162.98     11509   
8416633.00    2222       1377       3599       6778       4623      11401      11401       1.10       0.39     10357.43   9277.53     11401   
8499966.00    2246       1352       3598       6754       4648      11402      11402       1.10       0.39     10344.47   9290.48     11402   
8583299.00    2247       1374       3621       6753       4626      11379      11379       1.10       0.39     10307.28   9327.68     11379   
8666632.00    2239       1434       3673       6761       4566      11327      11327       1.10       0.39     10260.53   9374.43     11327   
8749965.00    2357       1489       3846       6643       4511      11154      11154       1.11       0.40     10050.58   9584.37     11154   
8833298.00    2286       1418       3704       6714       4582      11296      11296       1.11       0.39     10191.40   9443.55     11296   
8916631.00    2249       1419       3668       6751       4581      11332      11332       1.11       0.39     10197.27   9437.68     11332   
8999964.00    2113       1285       3398       6887       4715      11602      11602       1.10       0.37     10500.64   9134.32     11602   
9083297.00    2079       1311       3390       6921       4689      11610      11610       1.11       0.37     10500.93   9134.02     11610   
9166630.00    2117       1323       3440       6883       4677      11560      11560       1.11       0.37     10431.62   9203.34     11560   
9249963.00    2060       1269       3329       6940       4731      11671      11671       1.11       0.36     10491.29   9143.66     11671   
9333296.00    2085       1302       3387       6915       4698      11613      11613       1.12       0.37     10400.16   9234.80     11613   
9416629.00    2044       1245       3289       6956       4755      11711      11711       1.12       0.36     10493.63   9141.33     11711   
9499962.00    2031       1247       3278       6969       4753      11722      11722       1.11       0.36     10513.87   9121.09     11722   
9583295.00    2022       1233       3255       6978       4767      11745      11745       1.11       0.36     10567.36   9067.60     11745   
9666628.00    1927       1173       3100       7073       4827      11900      11900       1.11       0.35     10737.56   8897.39     11900   
9749961.00    1929       1170       3099       7071       4830      11901      11901       1.11       0.35     10701.33   8933.63     11901   
9833294.00    1933       1141       3074       7067       4859      11926      11926       1.11       0.34     10713.05   8921.90     11926   
9916627.00    1932       1167       3099       7068       4833      11901      11901       1.12       0.34     10650.05   8984.90     11901   
9999960.00    2023       1221       3244       6977       4779      11756      11756       1.12       0.35     10491.07   9143.88     11756   
10083293.00    1977       1160       3137       7023       4840      11863      11863       1.12       0.35     10603.68   9031.28     11863   
10166626.00    1977       1165       3142       7023       4835      11858      11858       1.13       0.34     10520.23   9114.72     11858   
10249959.00    1937       1130       3067       7063       4870      11933      11933       1.13       0.34     10553.30   9081.66     11933   
10333292.00    1875       1096       2971       7125       4904      12029      12029       1.13       0.33     10662.71   8972.24     12029   
10416625.00    1880       1154       3034       7120       4846      11966      11966       1.12       0.34     10641.34   8993.62     11966   
10499958.00    1882       1168       3050       7118       4832      11950      11950       1.12       0.34     10647.34   8987.62     11950   
10583291.00    1832       1183       3015       7168       4817      11985      11985       1.12       0.34     10730.31   8904.64     11985   
10666624.00    1947       1253       3200       7053       4747      11800      11800       1.12       0.35     10560.52   9074.44     11800   
10749957.00    1906       1165       3071       7094       4835      11929      11929       1.12       0.34     10635.00   8999.95     11929   
10833290.00    1863       1111       2974       7137       4889      12026      12026       1.12       0.33     10694.97   8939.98     12026   
10916623.00    1854       1107       2961       7146       4893      12039      12039       1.12       0.33     10742.61   8892.35     12039   
10999956.00    1930       1135       3065       7070       4865      11935      11935       1.12       0.34     10703.33   8931.62     11935   
11083289.00    2003       1225       3228       6997       4775      11772      11772       1.11       0.36     10579.72   9055.23     11772   
11166622.00    2074       1313       3387       6926       4687      11613      11613       1.11       0.37     10456.51   9178.45     11613   
11249955.00    2102       1314       3416       6898       4686      11584      11584       1.12       0.37     10364.46   9270.50     11584   
11333288.00    2082       1306       3388       6918       4694      11612      11612       1.12       0.37     10402.12   9232.83     11612   
11416621.00    2109       1284       3393       6891       4716      11607      11607       1.11       0.37     10462.90   9172.05     11607   
11499954.00    2124       1282       3406       6876       4718      11594      11594       1.11       0.37     10451.49   9183.46     11594   
11583287.00    2062       1281       3343       6938       4719      11657      11657       1.11       0.37     10546.03   9088.92     11657   
11666620.00    2145       1291       3436       6855       4709      11564      11564       1.10       0.37     10466.29   9168.67     11564   
11749953.00    2205       1377       3582       6795       4623      11418      11418       1.12       0.38     10224.99   9409.96     11418   
11833286.00    2157       1348       3505       6843       4652      11495      11495       1.12       0.37     10247.00   9387.96     11495   
11916619.00    2203       1346       3549       6797       4654      11451      11451       1.13       0.37     10150.12   9484.83     11451   
11999952.00    2113       1321       3434       6887       4679      11566      11566       1.13       0.36     10220.15   9414.81     11566   
12083285.00    2148       1276       3424       6852       4724      11576      11576       1.13       0.37     10278.89   9356.07     11576   
12166618.00    1947       1213       3160       7053       4787      11840      11840       1.12       0.35     10565.18   9069.77     11840   
12249951.00    2042       1238       3280       6958       4762      11720      11720       1.12       0.36     10418.28   9216.67     11720   
12333284.00    1990       1257       3247       7010       4743      11753      11753       1.13       0.35     10411.71   9223.24     11753   
12416617.00    2059       1320       3379       6941       4680      11621      11621       1.14       0.36     10209.94   9425.02     11621   
12499950.00    1868       1172       3040       7132       4828      11960      11960       1.13       0.34     10571.46   9063.49     11960   
12583283.00    1828       1148       2976       7172       4852      12024      12024       1.13       0.33     10646.85   8988.10     12024   
12666616.00    1743       1140       2883       7257       4860      12117      12117       1.12       0.33     10780.30   8854.65     12117   
12749949.00    1825       1157       2982       7175       4843      12018      12018       1.12       0.33     10707.07   8927.89     12018   
12833282.00    1894       1163       3057       7106       4837      11943      11943       1.12       0.34     10697.01   8937.94     11943   
12916615.00    2011       1274       3285       6989       4726      11715      11715       1.12       0.36     10488.21   9146.74     11715   
12999948.00    2218       1373       3591       6782       4627      11409      11409       1.12       0.38     10196.12   9438.84     11409   
13083281.00    2176       1328       3504       6824       4672      11496      11496       1.12       0.37     10265.63   9369.33     11496   
13166614.00    2130       1282       3412       6870       4718      11588      11588       1.12       0.37     10319.30   9315.66     11588   
13249947.00    2227       1383       3610       6773       4617      11390      11390       1.13       0.38     10060.40   9574.55     11390   
13333280.00    2246       1367       3613       6754       4633      11387      11387       1.13       0.38     10079.18   9555.78     11387   
13416613.00    2236       1382       3618       6764       4618      11382      11382       1.12       0.38     10156.44   9478.51     11382   
13499946.00    2201       1354       3555       6799       4646      11445      11445       1.12       0.38     10178.13   9456.83     11445   
13583279.00    2059       1283       3342       6941       4717      11658      11658       1.13       0.36     10357.46   9277.49     11658   
13666612.00    1994       1220       3214       7006       4780      11786      11786       1.12       0.35     10486.39   9148.57     11786   
13749945.00    1921       1165       3086       7079       4835      11914      11914       1.12       0.34     10665.67   8969.29     11914   
13833278.00    1882       1152       3034       7118       4848      11966      11966       1.11       0.34     10762.43   8872.52     11966   
13916611.00    1984       1139       3123       7016       4861      11877      11877       1.11       0.35     10672.73   8962.23     11877   
13999944.00    2033       1197       3230       6967       4803      11770      11770       1.12       0.36     10548.84   9086.11     11770   
14083277.00    1986       1229       3215       7014       4771      11785      11785       1.11       0.36     10613.41   9021.55     11785   
14166610.00    1916       1190       3106       7084       4810      11894      11894       1.11       0.35     10683.26   8951.70     11894   
14249943.00    2067       1254       3321       6933       4746      11679      11679       1.11       0.37     10540.43   9094.53     11679   
14333276.00    2105       1327       3432       6895       4673      11568      11568       1.11       0.37     10451.67   9183.28     11568   
14416609.00    1996       1260       3256       7004       4740      11744      11744       1.11       0.36     10561.93   9073.02     11744   
14499942.00    2108       1240       3348       6892       4760      11652      11652       1.11       0.36     10452.49   9182.46     11652   
14583275.00    2230       1355       3585       6770       4645      11415      11415       1.12       0.38     10222.09   9412.86     11415   
14666608.00    2157       1303       3460       6843       4697      11540      11540       1.12       0.37     10307.56   9327.40     11540   
14749941.00    2063       1197       3260       6937       4803      11740      11740       1.12       0.36     10474.97   9159.98     11740   
14833274.00    2068       1195       3263       6932       4805      11737      11737       1.13       0.35     10376.28   9258.67     11737   
14916607.00    1984       1144       3128       7016       4856      11872      11872       1.13       0.34     10546.16   9088.79     11872   
14999940.00    1937       1127       3064       7063       4873      11936      11936       1.12       0.34     10670.97   8963.99     11936   
15083273.00    1914       1144       3058       7086       4856      11942      11942       1.12       0.34     10704.66   8930.29     11942   
15166606.00    2030       1207       3237       6970       4793      11763      11763       1.11       0.36     10554.17   9080.78     11763   
15249939.00    2052       1233       3285       6948       4767      11715      11715       1.12       0.36     10484.91   9150.04     11715   
15333272.00    2025       1247       3272       6975       4753      11728      11728       1.12       0.36     10445.85   9189.10     11728   
15416605.00    1977       1227       3204       7023       4773      11796      11796       1.13       0.35     10451.86   9183.09     11796   
15499938.00    2017       1195       3212       6983       4805      11788      11788       1.14       0.35     10374.07   9260.88     11788   
15583271.00    2015       1182       3197       6985       4818      11803      11803       1.13       0.35     10403.25   9231.70     11803   
15666604.00    2021       1213       3234       6979       4787      11766      11766       1.13       0.35     10448.55   9186.40     11766   
15749937.00    2064       1197       3261       6936       4803      11739      11739       1.12       0.35     10440.59   9194.36     11739   
15833270.00    2040       1214       3254       6960       4786      11746      11746       1.13       0.35     10424.08   9210.88     11746   
15916603.00    2033       1174       3207       6967       4826      11793      11793       1.12       0.35     10489.41   9145.55     11793   
15999936.00    2031       1232       3263       6969       4768      11737      11737       1.13       0.35     10425.60   9209.36     11737   
16083269.00    1962       1183       3145       7038       4817      11855      11855       1.12       0.35     10588.49   9046.47     11855   
16166602.00    1997       1187       3184       7003       4813      11816      11816       1.11       0.35     10641.28   8993.67     11816   
16249935.00    2015       1216       3231       6985       4784      11769      11769       1.11       0.36     10584.38   9050.57     11769   
16333268.00    2149       1237       3386       6851       4763      11614      11614       1.12       0.37     10408.66   9226.29     11614   
16416601.00    2172       1254       3426       6828       4746      11574      11574       1.11       0.37     10410.16   9224.80     11574   
16499934.00    2164       1275       3439       6836       4725      11561      11561       1.11       0.37     10424.15   9210.81     11561   
16583267.00    2149       1290       3439       6851       4710      11561      11561       1.11       0.37     10448.82   9186.13     11561   
16666600.00    2172       1302       3474       6828       4698      11526      11526       1.12       0.37     10334.59   9300.36     11526   
16749933.00    2197       1321       3518       6803       4679      11482      11482       1.12       0.38     10266.44   9368.51     11482   
16833266.00    2206       1302       3508       6794       4698      11492      11492       1.12       0.37     10218.60   9416.35     11492   
16916599.00    2168       1258       3426       6832       4742      11574      11574       1.13       0.36     10201.12   9433.83     11574   
16999932.00    2040       1215       3255       6960       4785      11745      11745       1.13       0.35     10363.86   9271.10     11745   
17083265.00    1984       1197       3181       7016       4803      11819      11819       1.13       0.35     10468.72   9166.23     11819   
17166598.00    2120       1248       3368       6880       4752      11632      11632       1.13       0.36     10332.92   9302.03     11632   
17249931.00    2139       1301       3440       6861       4699      11560      11560       1.13       0.37     10241.16   9393.80     11560   
17333264.00    2095       1293       3388       6905       4707      11612      11612       1.13       0.36     10275.73   9359.22     11612   
17416597.00    2070       1289       3359       6930       4711      11641      11641       1.13       0.36     10332.57   9302.39     11641   
17499930.00    2025       1237       3262       6975       4763      11738      11738       1.13       0.35     10374.80   9260.16     11738   
17583263.00    2046       1292       3338       6954       4708      11662      11662       1.13       0.36     10349.05   9285.91     11662   
17666596.00    1987       1295       3282       7013       4705      11718      11718       1.13       0.35     10377.83   9257.13     11718   
17749929.00    1986       1247       3233       7014       4753      11767      11767       1.14       0.35     10353.37   9281.58     11767   
17833262.00    1908       1250       3158       7092       4750      11842      11842       1.13       0.34     10444.69   9190.26     11842   
17916595.00    1857       1175       3032       7143       4825      11968      11968       1.13       0.34     10587.67   9047.28     11968   
17999928.00    1796       1138       2934       7204       4862      12066      12066       1.14       0.33     10619.88   9015.08     12066   
18083261.00    1752       1096       2848       7248       4904      12152      12152       1.14       0.32     10706.20   8928.75     12152   
18166594.00    1790       1090       2880       7210       4910      12120      12120       1.13       0.32     10691.07   8943.89     12120   
18249927.00    1833       1107       2940       7167       4893      12060      12060       1.13       0.33     10681.63   8953.33     12060   
18333260.00    1813       1116       2929       7187       4884      12071      12071       1.13       0.33     10669.50   8965.46     12071   
18416593.00    1806       1093       2899       7194       4907      12101      12101       1.13       0.32     10693.22   8941.74     12101   
18499926.00    1728       1023       2751       7272       4977      12249      12249       1.13       0.31     10833.63   8801.32     12249   
18583259.00    1774       1055       2829       7226       4945      12171      12171       1.12       0.32     10822.60   8812.36     12171   
18666592.00    1808       1118       2926       7192       4882      12074      12074       1.12       0.33     10803.62   8831.33     12074   
18749925.00    1808       1090       2898       7192       4910      12102      12102       1.11       0.33     10878.20   8756.76     12102   
18833258.00    1847       1104       2951       7153       4896      12049      12049       1.10       0.34     10927.63   8707.32     12049   
18916591.00    1880       1095       2975       7120       4905      12025      12025       1.11       0.34     10876.71   8758.25     12025   
18999924.00    1864       1103       2967       7136       4897      12033      12033       1.10       0.34     10905.72   8729.23     12033   
19083257.00    2028       1206       3234       6972       4794      11766      11766       1.11       0.36     10619.95   9015.00     11766   
19166590.00    2123       1257       3380       6877       4743      11620      11620       1.11       0.37     10458.80   9176.15     11620   
19249923.00    2301       1336       3637       6699       4664      11363      11363       1.12       0.38     10130.60   9504.35     11363   
19333256.00    2179       1283       3462       6821       4717      11538      11538       1.12       0.37     10333.52   9301.44     11538   
19416589.00    2115       1219       3334       6885       4781      11666      11666       1.12       0.36     10419.87   9215.09     11666   
19499922.00    2094       1249       3343       6906       4751      11657      11657       1.13       0.36     10353.32   9281.64     11657   
19583255.00    2093       1251       3344       6907       4749      11656      11656       1.13       0.36     10355.90   9279.06     11656   
19666588.00    2051       1248       3299       6949       4752      11701      11701       1.13       0.36     10388.25   9246.70     11701   
19749921.00    1966       1188       3154       7034       4812      11846      11846       1.12       0.35     10536.09   9098.86     11846   
19833254.00    1958       1161       3119       7042       4839      11881      11881       1.12       0.34     10591.48   9043.48     11881   
19916587.00    1873       1139       3012       7127       4861      11988      11988       1.12       0.34     10687.14   8947.81     11988   
19999920.00    1791       1076       2867       7209       4924      12133      12133       1.11       0.33     10911.05   8723.91     12133   
20083253.00    1829       1121       2950       7171       4879      12050      12050       1.11       0.34     10850.06   8784.89     12050   
20166586.00    1850       1129       2979       7150       4871      12021      12021       1.11       0.34     10851.35   8783.60     12021   
20249919.00    1855       1128       2983       7145       4872      12017      12017       1.11       0.34     10864.24   8770.72     12017   
20333252.00    1973       1168       3141       7027       4832      11859      11859       1.11       0.35     10675.55   8959.40     11859   
20416585.00    2015       1208       3223       6985       4792      11777      11777       1.10       0.36     10673.06   8961.89     11777   
20499918.00    2129       1277       3406       6871       4723      11594      11594       1.11       0.37     10418.93   9216.03     11594   
20583251.00    2169       1300       3469       6831       4700      11531      11531       1.12       0.37     10317.65   9317.31     11531   
20666584.00    2113       1311       3424       6887       4689      11576      11576       1.13       0.37     10275.39   9359.57     11576   
20749917.00    2071       1235       3306       6929       4765      11694      11694       1.13       0.36     10350.10   9284.86     11694   
20833250.00    1969       1209       3178       7031       4791      11822      11822       1.14       0.34     10412.08   9222.88     11822   
20916583.00    1954       1194       3148       7046       4806      11852      11852       1.13       0.34     10457.33   9177.63     11852   
20999916.00    1874       1146       3020       7126       4854      11980      11980       1.13       0.33     10588.75   9046.20     11980   
21083249.00    1865       1145       3010       7135       4855      11990      11990       1.13       0.33     10572.43   9062.52     11990   
21166582.00    1805       1123       2928       7195       4877      12072      12072       1.13       0.33     10666.23   8968.72     12072   
21249915.00    1746       1082       2828       7254       4918      12172      12172       1.12       0.32     10832.42   8802.54     12172   
21333248.00    1831       1128       2959       7169       4872      12041      12041       1.12       0.33     10744.17   8890.79     12041   
21416581.00    1833       1134       2967       7167       4866      12033      12033       1.12       0.33     10728.27   8906.68     12033   
21499914.00    1921       1200       3121       7079       4800      11879      11879       1.13       0.34     10524.27   9110.69     11879   
21583247.00    1918       1181       3099       7082       4819      11901      11901       1.13       0.34     10561.62   9073.34     11901   
21666580.00    2112       1289       3401       6888       4711      11599      11599       1.13       0.36     10264.84   9370.11     11599   
21749913.00    2130       1295       3425       6870       4705      11575      11575       1.13       0.36     10224.84   9410.11     11575   
21833246.00    2042       1243       3285       6958       4757      11715      11715       1.13       0.35     10353.36   9281.60     11715   
21916579.00    2096       1270       3366       6904       4730      11634      11634       1.13       0.36     10312.25   9322.70     11634   
21999912.00    2058       1263       3321       6942       4737      11679      11679       1.13       0.36     10352.05   9282.90     11679   
22083245.00    1966       1195       3161       7034       4805      11839      11839       1.13       0.34     10453.57   9181.38     11839   
22166578.00    1984       1199       3183       7016       4801      11817      11817       1.14       0.34     10408.52   9226.44     11817   
22249911.00    1943       1188       3131       7057       4812      11869      11869       1.13       0.34     10527.00   9107.95     11869   
22333244.00    2010       1223       3233       6990       4777      11767      11767       1.12       0.35     10488.45   9146.50     11767   
22416577.00    2023       1259       3282       6977       4741      11718      11718       1.12       0.36     10465.72   9169.23     11718   
22499910.00    2046       1287       3333       6954       4713      11667      11667       1.12       0.36     10385.36   9249.59     11667   
22583243.00    2043       1262       3305       6957       4738      11695      11695       1.13       0.36     10359.87   9275.09     11695   
22666576.00    2116       1330       3446       6884       4670      11554      11554       1.13       0.37     10259.78   9375.18     11554   
22749909.00    2111       1317       3428       6889       4683      11572      11572       1.12       0.37     10296.77   9338.18     11572   
22833242.00    2059       1237       3296       6941       4763      11704      11704       1.13       0.36     10390.27   9244.69     11704   
22916575.00    1995       1221       3216       7005       4779      11784      11784       1.12       0.35     10528.54   9106.41     11784   
22999908.00    1985       1217       3202       7015       4783      11798      11798       1.12       0.35     10538.33   9096.62     11798   
23083241.00    1923       1230       3153       7077       4770      11847      11847       1.12       0.35     10569.49   9065.47     11847   
23166574.00    1932       1187       3119       7068       4813      11881      11881       1.13       0.34     10547.35   9087.60     11881   
23249907.00    1875       1135       3010       7125       4865      11990      11990       1.13       0.33     10610.42   9024.54     11990   
23333240.00    1919       1137       3056       7081       4863      11944      11944       1.14       0.33     10503.51   9131.44     11944   
23416573.00    1879       1131       3010       7121       4869      11990      11990       1.13       0.33     10572.31   9062.65     11990   
23499906.00    1939       1159       3098       7061       4841      11902      11902       1.14       0.34     10453.85   9181.11     11902   
23583239.00    1889       1139       3028       7111       4861      11972      11972       1.14       0.33     10514.73   9120.23     11972   
23666572.00    1769       1081       2850       7231       4919      12150      12150       1.13       0.32     10737.37   8897.59     12150   
23749905.00    1776       1043       2819       7224       4957      12181      12181       1.12       0.32     10840.52   8794.44     12181   
23833238.00    1760       1062       2822       7240       4938      12178      12178       1.12       0.32     10873.34   8761.61     12178   
23916571.00    1844       1068       2912       7156       4932      12088      12088       1.12       0.33     10760.75   8874.21     12088   
23999904.00    1792       1058       2850       7208       4942      12150      12150       1.12       0.32     10812.55   8822.40     12150   
24083237.00    1787       1055       2842       7213       4945      12158      12158       1.12       0.32     10877.92   8757.04     12158   
24166570.00    1859       1103       2962       7141       4897      12038      12038       1.11       0.34     10800.15   8834.80     12038   
24249903.00    1888       1135       3023       7112       4865      11977      11977       1.12       0.34     10676.75   8958.21     11977   
24333236.00    1909       1193       3102       7091       4807      11898      11898       1.12       0.34     10605.48   9029.47     11898   
24416569.00    1900       1161       3061       7100       4839      11939      11939       1.12       0.34     10687.28   8947.67     11939   
24499902.00    1861       1150       3011       7139       4850      11989      11989       1.12       0.34     10735.26   8899.69     11989   
24583235.00    1921       1176       3097       7079       4824      11903      11903       1.12       0.34     10629.88   9005.08     11903   
24666568.00    1919       1147       3066       7081       4853      11934      11934       1.12       0.34     10691.42   8943.54     11934   
24749901.00    1897       1155       3052       7103       4845      11948      11948       1.11       0.34     10749.86   8885.09     11948   
24833234.00    1961       1166       3127       7039       4834      11873      11873       1.11       0.35     10694.08   8940.87     11873   
24916567.00    1981       1223       3204       7019       4777      11796      11796       1.12       0.35     10569.01   9065.95     11796   
24999900.00    1881       1189       3070       7119       4811      11930      11930       1.12       0.34     10665.71   8969.25     11930   
25083233.00    1979       1203       3182       7021       4797      11818      11818       1.11       0.35     10599.87   9035.09     11818   
25166566.00    2120       1271       3391       6880       4729      11609      11609       1.11       0.37     10422.51   9212.45     11609   
25249899.00    2106       1242       3348       6894       4758      11652      11652       1.12       0.36     10395.83   9239.13     11652   
25333232.00    2016       1234       3250       6984       4766      11750      11750       1.12       0.35     10469.97   9164.98     11750   
25416565.00    2063       1241       3304       6937       4759      11696      11696       1.12       0.36     10412.62   9222.34     11696   
25499898.00    2055       1259       3314       6945       4741      11686      11686       1.12       0.36     10458.09   9176.86     11686   
25583231.00    2052       1246       3298       6948       4754      11702      11702       1.11       0.36     10531.49   9103.46     11702   
25666564.00    2151       1324       3475       6849       4676      11525      11525       1.11       0.37     10364.47   9270.49     11525   
25749897.00    2086       1248       3334       6914       4752      11666      11666       1.11       0.37     10501.88   9133.07     11666   
25833230.00    2040       1252       3292       6960       4748      11708      11708       1.11       0.36     10577.96   9056.99     11708   
25916563.00    2096       1307       3403       6904       4693      11597      11597       1.10       0.38     10590.83   9044.13     11597   
25999896.00    2197       1333       3530       6803       4667      11470      11470       1.10       0.38     10432.00   9202.95     11470   
26083229.00    2151       1289       3440       6849       4711      11560      11560       1.10       0.38     10475.02   9159.94     11560   
26166562.00    2191       1316       3507       6809       4684      11493      11493       1.11       0.38     10358.24   9276.72     11493   
26249895.00    2212       1289       3501       6788       4711      11499      11499       1.11       0.38     10367.79   9267.17     11499   
26333228.00    2249       1291       3540       6751       4709      11460      11460       1.11       0.38     10320.62   9314.33     11460   
26416561.00    2228       1330       3558       6772       4670      11442      11442       1.12       0.38     10223.09   9411.86     11442   
26499894.00    2161       1315       3476       6839       4685      11524      11524       1.12       0.37     10252.97   9381.99     11524   
26583227.00    2090       1258       3348       6910       4742      11652      11652       1.12       0.36     10439.31   9195.64     11652   
26666560.00    2226       1373       3599       6774       4627      11401      11401       1.11       0.38     10260.46   9374.49     11401   
26749893.00    2252       1411       3663       6748       4589      11337      11337       1.12       0.39     10137.04   9497.91     11337   
26833226.00    2254       1345       3599       6746       4655      11401      11401       1.12       0.38     10204.01   9430.94     11401   
26916559.00    2229       1313       3542       6771       4687      11458      11458       1.12       0.38     10206.05   9428.90     11458   
26999892.00    2038       1222       3260       6962       4778      11740      11740       1.13       0.35     10432.35   9202.61     11740   
27083225.00    1987       1167       3154       7013       4833      11846      11846       1.13       0.34     10477.41   9157.55     11846   
27166558.00    1913       1117       3030       7087       4883      11970      11970       1.13       0.34     10590.87   9044.09     11970   
27249891.00    1931       1114       3045       7069       4886      11955      11955       1.13       0.34     10550.80   9084.15     11955   
27333224.00    1899       1104       3003       7101       4896      11997      11997       1.13       0.33     10630.97   9003.99     11997   
27416557.00    2041       1218       3259       6959       4782      11741      11741       1.13       0.35     10435.80   9199.15     11741   
27499890.00    1982       1200       3182       7018       4800      11818      11818       1.13       0.35     10491.83   9143.13     11818   
27583223.00    1948       1168       3116       7052       4832      11884      11884       1.13       0.34     10508.33   9126.62     11884   
27666556.00    1944       1141       3085       7056       4859      11915      11915       1.12       0.34     10623.97   9010.99     11915   
27749889.00    2078       1191       3269       6922       4809      11731      11731       1.13       0.36     10427.28   9207.67     11731   
27833222.00    2108       1237       3345       6892       4763      11655      11655       1.13       0.36     10355.51   9279.44     11655   
27916555.00    2125       1209       3334       6875       4791      11666      11666       1.13       0.36     10355.08   9279.88     11666   
27999888.00    2069       1215       3284       6931       4785      11716      11716       1.13       0.36     10391.19   9243.77     11716   
28083221.00    1986       1195       3181       7014       4805      11819      11819       1.13       0.35     10489.13   9145.83     11819   
28166554.00    1982       1191       3173       7018       4809      11827      11827       1.12       0.35     10519.04   9115.92     11827   
28249887.00    1979       1148       3127       7021       4852      11873      11873       1.12       0.34     10553.97   9080.98     11873   
28333220.00    1938       1116       3054       7062       4884      11946      11946       1.13       0.34     10615.36   9019.60     11946   
28416553.00    1907       1113       3020       7093       4887      11980      11980       1.12       0.34     10678.76   8956.19     11980   
28499886.00    1966       1139       3105       7034       4861      11895      11895       1.12       0.34     10608.81   9026.14     11895   
28583219.00    1994       1155       3149       7006       4845      11851      11851       1.12       0.35     10576.82   9058.14     11851   
28666552.00    1893       1109       3002       7107       4891      11998      11998       1.11       0.34     10761.06   8873.89     11998   
28749885.00    1885       1105       2990       7115       4895      12010      12010       1.12       0.34     10714.26   8920.69     12010   
28833218.00    1955       1137       3092       7045       4863      11908      11908       1.12       0.34     10619.53   9015.42     11908   
28916551.00    1972       1178       3150       7028       4822      11850      11850       1.11       0.35     10662.20   8972.75     11850   
28999884.00    2038       1211       3249       6962       4789      11751      11751       1.11       0.36     10567.70   9067.26     11751   
29083217.00    2010       1214       3224       6990       4786      11776      11776       1.13       0.35     10465.60   9169.36     11776   
29166550.00    1946       1165       3111       7054       4835      11889      11889       1.13       0.34     10545.39   9089.56     11889   
29249883.00    1908       1128       3036       7092       4872      11964      11964       1.12       0.34     10651.81   8983.15     11964   
29333216.00    1966       1135       3101       7034       4865      11899      11899       1.13       0.34     10576.71   9058.24     11899   
29416549.00    1931       1164       3095       7069       4836      11905      11905       1.12       0.34     10590.99   9043.97     11905   
29499882.00    1995       1190       3185       7005       4810      11815      11815       1.12       0.35     10527.63   9107.33     11815   
29583215.00    2001       1193       3194       6999       4807      11806      11806       1.12       0.35     10494.88   9140.08     11806   
29666548.00    2007       1156       3163       6993       4844      11837      11837       1.12       0.35     10551.37   9083.59     11837   
29749881.00    2020       1194       3214       6980       4806      11786      11786       1.12       0.35     10495.51   9139.44     11786   
29833214.00    1960       1135       3095       7040       4865      11905      11905       1.12       0.34     10582.92   9052.03     11905   
29916547.00    1993       1182       3175       7007       4818      11825      11825       1.13       0.35     10465.05   9169.91     11825   
29999880.00    1921       1140       3061       7079       4860      11939      11939       1.13       0.34     10578.87   9056.08     11939   
30083213.00    2011       1190       3201       6989       4810      11799      11799       1.12       0.35     10528.58   9106.38     11799   
30166546.00    1986       1206       3192       7014       4794      11808      11808       1.12       0.35     10555.88   9079.07     11808   
30249879.00    2003       1217       3220       6997       4783      11780      11780       1.12       0.35     10510.94   9124.01     11780   
30333212.00    1999       1235       3234       7001       4765      11766      11766       1.13       0.35     10455.06   9179.90     11766   
30416545.00    1961       1215       3176       7039       4785      11824      11824       1.13       0.35     10475.07   9159.89     11824   
30499878.00    1985       1206       3191       7015       4794      11809      11809       1.13       0.35     10453.36   9181.59     11809   
30583211.00    1884       1173       3057       7116       4827      11943      11943       1.12       0.34     10619.54   9015.42     11943   
30666544.00    1889       1187       3076       7111       4813      11924      11924       1.13       0.34     10578.09   9056.87     11924   
30749877.00    1913       1179       3092       7087       4821      11908      11908       1.13       0.34     10527.13   9107.82     11908   
30833210.00    1883       1138       3021       7117       4862      11979      11979       1.12       0.34     10650.48   8984.48     11979   
30916543.00    1783       1135       2918       7217       4865      12082      12082       1.13       0.33     10716.54   8918.41     12082   
30999876.00    1738       1086       2824       7262       4914      12176      12176       1.13       0.32     10758.61   8876.34     12176   
31083209.00    1810       1086       2896       7190       4914      12104      12104       1.13       0.32     10704.80   8930.15     12104   
31166542.00    1766       1065       2831       7234       4935      12169      12169       1.13       0.32     10751.33   8883.62     12169   
31249875.00    1775       1059       2834       7225       4941      12166      12166       1.14       0.32     10704.22   8930.73     12166   
31333208.00    1751       1075       2826       7249       4925      12174      12174       1.14       0.32     10681.59   8953.36     12174   
31416541.00    1736       1053       2789       7264       4947      12211      12211       1.14       0.31     10739.25   8895.70     12211   
31499874.00    1724       1047       2771       7276       4953      12229      12229       1.13       0.31     10789.87   8845.09     12229   
31583207.00    1779       1106       2885       7221       4894      12115      12115       1.13       0.32     10746.00   8888.95     12115   
31666540.00    1837       1102       2939       7163       4898      12061      12061       1.13       0.33     10699.43   8935.53     12061   
31749873.00    1794       1088       2882       7206       4912      12118      12118       1.13       0.33     10770.57   8864.39     12118   
31833206.00    1779       1108       2887       7221       4892      12113      12113       1.12       0.33     10767.75   8867.21     12113   
31916539.00    1836       1121       2957       7164       4879      12043      12043       1.13       0.33     10691.39   8943.56     12043   
31999872.00    1813       1131       2944       7187       4869      12056      12056       1.12       0.33     10737.44   8897.52     12056   
32083205.00    1881       1150       3031       7119       4850      11969      11969       1.12       0.34     10671.39   8963.57     11969   
32166538.00    1900       1145       3045       7100       4855      11955      11955       1.12       0.34     10645.26   8989.69     11955   
32249871.00    1875       1124       2999       7125       4876      12001      12001       1.12       0.34     10695.86   8939.10     12001   
32333204.00    1945       1149       3094       7055       4851      11906      11906       1.12       0.34     10594.54   9040.41     11906   
32416537.00    1860       1104       2964       7140       4896      12036      12036       1.12       0.33     10723.93   8911.02     12036   
32499870.00    1830       1063       2893       7170       4937      12107      12107       1.12       0.33     10787.42   8847.54     12107   
32583203.00    1903       1125       3028       7097       4875      11972      11972       1.12       0.34     10660.89   8974.07     11972   
32666536.00    1892       1107       2999       7108       4893      12001      12001       1.12       0.34     10710.68   8924.27     12001   
32749869.00    1890       1103       2993       7110       4897      12007      12007       1.12       0.33     10695.53   8939.42     12007   
32833202.00    1930       1150       3080       7070       4850      11920      11920       1.12       0.34     10602.73   9032.22     11920   
32916535.00    1980       1171       3151       7020       4829      11849      11849       1.12       0.35     10555.86   9079.10     11849   
32999868.00    1897       1135       3032       7103       4865      11968      11968       1.12       0.34     10663.76   8971.20     11968   
33083201.00    1881       1111       2992       7119       4889      12008      12008       1.13       0.33     10656.33   8978.63     12008   
33166534.00    1875       1138       3013       7125       4862      11987      11987       1.13       0.33     10625.81   9009.14     11987   
33249867.00    1844       1118       2962       7156       4882      12038      12038       1.13       0.33     10689.39   8945.57     12038   
33333200.00    1859       1160       3019       7141       4840      11981      11981       1.13       0.34     10637.20   8997.75     11981   
