 Timestep    Gas_A      Gas_B     Gas_tot    Dense_A    Dense_B   Dense_tot   Lg_clust  DP_density GP_density Clust_area  Gas_area     MCS    
   0.00       4500      10500      15000        0          0          0          6         0.00       0.76       0.00     19634.96      0     
104166.00     4500      10500      15000        0          0          0         354        0.00       0.76       0.00     19634.96      0     
208332.00     4500      10500      15000        0          0          0         797        0.00       0.76       0.00     19634.96      0     
312498.00     4091       9358      13449       409        1142       1551       1551       0.98       0.74     1581.30    18053.65     1551   
416664.00     3443       7525      10968       1057       2975       4032       1796       1.01       0.70     4007.35    15627.60     1344   
520830.00     3434       7333      10767       1066       3167       4233       2653       1.03       0.69     4119.56    15515.39     2116   
624996.00     2959       5900       8859       1541       4600       6141       3239       1.04       0.64     5879.62    13755.34     2047   
729162.00     2986       5794       8780       1514       4706       6220       3511       1.07       0.64     5825.65    13809.30     2073   
833328.00     2765       5144       7909       1735       5356       7091       5972       1.08       0.61     6581.35    13053.61     3545   
937494.00     2696       4960       7656       1804       5540       7344       6077       1.08       0.60     6788.09    12846.87     3672   
1041660.00    2565       4525       7090       1935       5975       7910       6118       1.09       0.57     7257.00    12377.96     3955   
1145826.00    2368       3908       6276       2132       6592       8724       6594       1.09       0.54     8037.78    11597.17     4362   
1249992.00    2336       3653       5989       2164       6847       9011       6762       1.10       0.52     8224.39    11410.56     4505   
1354158.00    2288       3404       5692       2212       7096       9308       6967       1.09       0.51     8527.72    11107.24     4654   
1458324.00    2301       3314       5615       2199       7186       9385       9385       1.09       0.51     8600.62    11034.34     9385   
1562490.00    2275       3229       5504       2225       7271       9496       6978       1.09       0.50     8694.05    10940.90     4748   
1666656.00    2167       3005       5172       2333       7495       9828       9828       1.09       0.49     8987.22    10647.74     9828   
1770822.00    2139       2936       5075       2361       7564       9925       9925       1.09       0.48     9088.64    10546.31     9925   
1874988.00    2221       3031       5252       2279       7469       9748       9748       1.09       0.49     8917.87    10717.08     9748   
1979154.00    2214       3072       5286       2286       7428       9714       9714       1.10       0.49     8842.83    10792.13     9714   
2083320.00    2303       3339       5642       2197       7161       9358       9358       1.11       0.50     8437.27    11197.68     9358   
2187486.00    2268       2924       5192       2232       7576       9808       9808       1.10       0.48     8893.84    10741.11     9808   
2291652.00    2288       3220       5508       2212       7280       9492       9492       1.10       0.50     8646.38    10988.57     9492   
2395818.00    2535       3984       6519       1965       6516       8481       8481       1.09       0.55     7764.51    11870.44     8481   
2499984.00    2288       3100       5388       2212       7400       9612       9612       1.09       0.50     8805.10    10829.85     9612   
2604150.00    2189       2893       5082       2311       7607       9918       9918       1.09       0.48     9138.46    10496.50     9918   
2708316.00    2245       3009       5254       2255       7491       9746       8505       1.08       0.49     8985.86    10649.09     4873   
2812482.00    2331       3227       5558       2169       7273       9442       9442       1.09       0.51     8669.82    10965.14     9442   
2916648.00    2370       3205       5575       2130       7295       9425       6560       1.09       0.51     8634.73    11000.23     3141   
3020814.00    2629       4097       6726       1871       6403       8274       6416       1.11       0.55     7450.99    12183.97     4137   
3124980.00    2589       3864       6453       1911       6636       8547       6586       1.11       0.54     7685.17    11949.79     4273   
3229146.00    2539       3714       6253       1961       6786       8747       6780       1.11       0.53     7901.45    11733.51     4373   
3333312.00    2484       3675       6159       2016       6825       8841       6783       1.11       0.53     7950.89    11684.07     4420   
3437478.00    2409       3517       5926       2091       6983       9074       6852       1.11       0.52     8171.74    11463.21     4537   
3541644.00    2528       3591       6119       1972       6909       8881       6785       1.11       0.52     7974.97    11659.98     4440   
3645810.00    2542       3665       6207       1958       6835       8793       6631       1.11       0.53     7925.87    11709.09     4396   
3749976.00    2494       3504       5998       2006       6996       9002       6688       1.10       0.52     8153.14    11481.82     4501   
3854142.00    2442       3370       5812       2058       7130       9188       6769       1.11       0.51     8284.33    11350.62     4594   
3958308.00    2415       3280       5695       2085       7220       9305       6851       1.11       0.51     8409.16    11225.80     4652   
4062474.00    2460       3366       5826       2040       7134       9174       6758       1.11       0.51     8269.23    11365.72     4587   
4166640.00    2462       3376       5838       2038       7124       9162       6935       1.11       0.51     8271.12    11363.84     4581   
4270806.00    2420       3369       5789       2080       7131       9211       7154       1.11       0.51     8272.48    11362.48     4605   
4374972.00    2476       3424       5900       2024       7076       9100       7076       1.12       0.51     8127.23    11507.72     4550   
4479138.00    2505       3445       5950       1995       7055       9050       9050       1.12       0.52     8088.08    11546.87     9050   
4583304.00    2539       3425       5964       1961       7075       9036       9036       1.12       0.52     8090.72    11544.23     9036   
4687470.00    2568       3525       6093       1932       6975       8907       7311       1.11       0.52     7993.51    11641.44     4453   
4791636.00    2536       3428       5964       1964       7072       9036       7517       1.12       0.52     8076.64    11558.32     4518   
4895802.00    2429       3173       5602       2071       7327       9398       7813       1.12       0.50     8403.85    11231.11     4699   
4999968.00    2412       3132       5544       2088       7368       9456       7851       1.11       0.50     8538.15    11096.81     4728   
5104134.00    2421       3202       5623       2079       7298       9377       7870       1.10       0.51     8529.62    11105.33     4688   
5208300.00    2462       3420       5882       2038       7080       9118       7818       1.11       0.52     8232.29    11402.66     4559   
5312466.00    2526       3646       6172       1974       6854       8828       7633       1.11       0.53     7960.56    11674.39     4414   
5416632.00    2580       3881       6461       1920       6619       8539       7340       1.11       0.54     7712.04    11922.92     4269   
5520798.00    2578       3873       6451       1922       6627       8549       7493       1.11       0.54     7693.20    11941.75     4274   
5624964.00    2797       4621       7418       1703       5879       7582       7582       1.13       0.57     6694.15    12940.80     7582   
5729130.00    2832       4763       7595       1668       5737       7405       7405       1.14       0.58     6496.95    13138.00     7405   
5833296.00    2752       4589       7341       1748       5911       7659       7659       1.13       0.57     6790.77    12844.19     7659   
5937462.00    2777       4525       7302       1723       5975       7698       7698       1.13       0.57     6835.13    12799.83     7698   
6041628.00    2733       4425       7158       1767       6075       7842       7842       1.12       0.57     6984.26    12650.70     7842   
6145794.00    2681       4293       6974       1819       6207       8026       8026       1.12       0.56     7154.58    12480.38     8026   
6249960.00    2564       4115       6679       1936       6385       8321       8321       1.12       0.55     7425.61    12209.35     8321   
6354126.00    2591       4063       6654       1909       6437       8346       8346       1.13       0.54     7397.78    12237.18     8346   
6458292.00    2382       3473       5855       2118       7027       9145       9145       1.13       0.51     8107.33    11527.62     9145   
6562458.00    2310       3242       5552       2190       7258       9448       9448       1.13       0.49     8369.62    11265.33     9448   
6666624.00    2255       3203       5458       2245       7297       9542       9542       1.14       0.48     8360.71    11274.25     9542   
6770790.00    2222       2966       5188       2278       7534       9812       9812       1.13       0.47     8649.76    10985.19     9812   
6874956.00    2224       2938       5162       2276       7562       9838       9838       1.13       0.47     8680.75    10954.20     9838   
6979122.00    2244       2974       5218       2256       7526       9782       9782       1.13       0.48     8678.42    10956.54     9782   
7083288.00    2245       3015       5260       2255       7485       9740       9740       1.12       0.48     8673.37    10961.58     9740   
7187454.00    2256       2945       5201       2244       7555       9799       9799       1.13       0.48     8685.86    10949.10     9799   
7291620.00    2189       2866       5055       2311       7634       9945       9945       1.12       0.47     8843.26    10791.69     9945   
7395786.00    2286       2979       5265       2214       7521       9735       9735       1.14       0.48     8575.68    11059.27     9735   
7499952.00    2260       2867       5127       2240       7633       9873       9873       1.13       0.47     8717.80    10917.16     9873   
7604118.00    2224       2715       4939       2276       7785      10061      10061       1.13       0.46     8913.18    10721.78    10061   
7708284.00    2191       2626       4817       2309       7874      10183      10183       1.13       0.45     9032.41    10602.55    10183   
7812450.00    2223       2694       4917       2277       7806      10083      10083       1.13       0.46     8950.91    10684.05    10083   
7916616.00    2188       2597       4785       2312       7903      10215      10215       1.12       0.46     9140.67    10494.29    10215   
8020782.00    2296       2835       5131       2204       7665       9869       9869       1.12       0.47     8828.06    10806.90     9869   
8124948.00    2221       2713       4934       2279       7787      10066      10066       1.12       0.46     8975.11    10659.84    10066   
8229114.00    2183       2580       4763       2317       7920      10237      10237       1.12       0.45     9124.93    10510.03    10237   
8333280.00    2283       2834       5117       2217       7666       9883       9883       1.13       0.47     8780.60    10854.35     9883   
8437446.00    2238       2713       4951       2262       7787      10049      10049       1.12       0.46     8947.61    10687.34    10049   
8541612.00    2270       2742       5012       2230       7758       9988       9988       1.13       0.47     8863.38    10771.58     9988   
8645778.00    2267       2642       4909       2233       7858      10091      10091       1.13       0.46     8943.23    10691.73    10091   
8749944.00    2315       2734       5049       2185       7766       9951       9951       1.13       0.47     8786.46    10848.49     9951   
8854110.00    2333       2817       5150       2167       7683       9850       9850       1.14       0.47     8652.74    10982.21     9850   
8958276.00    2314       2797       5111       2186       7703       9889       9889       1.14       0.47     8697.60    10937.36     9889   
9062442.00    2311       2788       5099       2189       7712       9901       9901       1.13       0.47     8737.74    10897.21     9901   
9166608.00    2313       2811       5124       2187       7689       9876       9876       1.13       0.47     8717.61    10917.35     9876   
9270774.00    2291       2788       5079       2209       7712       9921       9921       1.13       0.47     8760.99    10873.96     9921   
9374940.00    2344       2867       5211       2156       7633       9789       9789       1.13       0.48     8686.68    10948.27     9789   
9479106.00    2384       3002       5386       2116       7498       9614       9614       1.12       0.49     8572.05    11062.90     9614   
9583272.00    2340       2921       5261       2160       7579       9739       9739       1.12       0.48     8724.78    10910.18     9739   
9687438.00    2335       2880       5215       2165       7620       9785       9785       1.12       0.48     8734.38    10900.58     9785   
9791604.00    2329       2817       5146       2171       7683       9854       9854       1.11       0.48     8844.02    10790.94     9854   
9895770.00    2351       2827       5178       2149       7673       9822       9822       1.11       0.48     8879.94    10755.01     9822   
9999936.00    2436       3021       5457       2064       7479       9543       9543       1.10       0.50     8658.28    10976.67     9543   
10104102.00    2432       3006       5438       2068       7494       9562       9562       1.10       0.50     8676.59    10958.36     9562   
10208268.00    2446       3031       5477       2054       7469       9523       9523       1.11       0.49     8555.59    11079.37     9523   
10312434.00    2407       2883       5290       2093       7617       9710       9710       1.11       0.48     8711.84    10923.11     9710   
10416600.00    2406       2867       5273       2094       7633       9727       9727       1.11       0.48     8732.85    10902.10     9727   
10520766.00    2403       2808       5211       2097       7692       9789       9789       1.11       0.48     8823.10    10811.85     9789   
10624932.00    2485       2979       5464       2015       7521       9536       9536       1.11       0.49     8590.50    11044.45     9536   
10729098.00    2575       3149       5724       1925       7351       9276       9276       1.11       0.51     8363.42    11271.54     9276   
10833264.00    2471       2918       5389       2029       7582       9611       9611       1.10       0.49     8726.03    10908.92     9611   
10937430.00    2640       3505       6145       1860       6995       8855       8855       1.12       0.53     7939.39    11695.56     8855   
11041596.00    2628       3425       6053       1872       7075       8947       8947       1.13       0.52     7936.72    11698.23     8947   
11145762.00    2585       3327       5912       1915       7173       9088       9088       1.12       0.51     8098.37    11536.58     9088   
11249928.00    2559       3275       5834       1941       7225       9166       9166       1.12       0.51     8194.56    11440.39     9166   
11354094.00    2494       3118       5612       2006       7382       9388       9388       1.12       0.50     8404.49    11230.46     9388   
11458260.00    2441       2939       5380       2059       7561       9620       9620       1.11       0.49     8661.41    10973.54     9620   
11562426.00    2498       3086       5584       2002       7414       9416       9416       1.11       0.50     8467.59    11167.37     9416   
11666592.00    2513       3130       5643       1987       7370       9357       9357       1.11       0.50     8440.35    11194.60     9357   
11770758.00    2487       3129       5616       2013       7371       9384       9384       1.10       0.51     8547.67    11087.29     9384   
11874924.00    2469       3220       5689       2031       7280       9311       9311       1.10       0.51     8485.54    11149.42     9311   
11979090.00    2556       3417       5973       1944       7083       9027       9027       1.10       0.52     8231.25    11403.71     9027   
12083256.00    2478       3392       5870       2022       7108       9130       9130       1.10       0.52     8317.09    11317.86     9130   
12187422.00    2473       3222       5695       2027       7278       9305       9305       1.10       0.51     8448.81    11186.15     9305   
12291588.00    2455       3221       5676       2045       7279       9324       9324       1.11       0.51     8404.19    11230.77     9324   
12395754.00    2481       3117       5598       2019       7383       9402       9402       1.12       0.50     8419.56    11215.40     9402   
12499920.00    2406       3048       5454       2094       7452       9546       9546       1.11       0.50     8624.01    11010.95     9546   
12604086.00    2408       3031       5439       2092       7469       9561       9561       1.10       0.50     8657.72    10977.23     9561   
12708252.00    2498       3109       5607       2002       7391       9393       9393       1.11       0.50     8491.96    11142.99     9393   
12812418.00    2531       3210       5741       1969       7290       9259       9259       1.11       0.51     8305.05    11329.90     9259   
12916584.00    2504       3160       5664       1996       7340       9336       9336       1.11       0.50     8413.54    11221.42     9336   
13020750.00    2493       3182       5675       2007       7318       9325       9325       1.10       0.51     8461.22    11173.73     9325   
13124916.00    2558       3419       5977       1942       7081       9023       9023       1.11       0.52     8155.45    11479.51     9023   
13229082.00    2519       3279       5798       1981       7221       9202       9202       1.10       0.52     8384.51    11250.45     9202   
13333248.00    2618       3533       6151       1882       6967       8849       8849       1.11       0.53     7997.47    11637.49     8849   
13437414.00    2650       3549       6199       1850       6951       8801       8801       1.11       0.53     7928.82    11706.13     8801   
13541580.00    2613       3508       6121       1887       6992       8879       8879       1.11       0.53     8014.66    11620.30     8879   
13645746.00    2597       3536       6133       1903       6964       8867       8867       1.11       0.53     7994.50    11640.45     8867   
13749912.00    2671       3616       6287       1829       6884       8713       8713       1.11       0.53     7820.24    11814.72     8713   
13854078.00    2577       3468       6045       1923       7032       8955       8955       1.12       0.52     7994.26    11640.69     8955   
13958244.00    2545       3365       5910       1955       7135       9090       9090       1.11       0.51     8155.32    11479.63     9090   
14062410.00    2610       3465       6075       1890       7035       8925       8925       1.12       0.52     7940.25    11694.71     8925   
14166576.00    2512       3343       5855       1988       7157       9145       9145       1.13       0.51     8113.15    11521.80     9145   
14270742.00    2482       3239       5721       2018       7261       9279       9279       1.12       0.50     8267.29    11367.67     9279   
14374908.00    2443       3197       5640       2057       7303       9360       9360       1.12       0.50     8342.72    11292.23     9360   
14479074.00    2442       3093       5535       2058       7407       9465       9465       1.12       0.50     8479.43    11155.52     9465   
14583240.00    2493       3132       5625       2007       7368       9375       9375       1.11       0.50     8439.40    11195.55     9375   
14687406.00    2487       3219       5706       2013       7281       9294       9294       1.11       0.51     8346.77    11288.18     9294   
14791572.00    2424       3171       5595       2076       7329       9405       9405       1.12       0.50     8420.54    11214.42     9405   
14895738.00    2415       3119       5534       2085       7381       9466       9466       1.13       0.49     8398.96    11235.99     9466   
14999904.00    2428       3010       5438       2072       7490       9562       9562       1.13       0.49     8475.89    11159.06     9562   
15104070.00    2412       2924       5336       2088       7576       9664       9664       1.12       0.49     8646.66    10988.30     9664   
15208236.00    2394       2910       5304       2106       7590       9696       9696       1.12       0.48     8656.06    10978.90     9696   
15312402.00    2436       2912       5348       2064       7588       9652       9652       1.11       0.49     8665.34    10969.61     9652   
15416568.00    2425       2933       5358       2075       7567       9642       9642       1.12       0.49     8592.76    11042.20     9642   
15520734.00    2473       3054       5527       2027       7446       9473       9473       1.13       0.49     8408.64    11226.31     9473   
15624900.00    2520       3106       5626       1980       7394       9374       9374       1.12       0.50     8337.50    11297.46     9374   
15729066.00    2547       3192       5739       1953       7308       9261       9261       1.12       0.50     8251.50    11383.45     9261   
15833232.00    2493       3062       5555       2007       7438       9445       9445       1.12       0.50     8449.59    11185.37     9445   
15937398.00    2589       3210       5799       1911       7290       9201       9201       1.12       0.51     8214.86    11420.10     9201   
16041564.00    2587       3282       5869       1913       7218       9131       9131       1.12       0.51     8174.64    11460.31     9131   
16145730.00    2553       3232       5785       1947       7268       9215       9215       1.12       0.51     8206.78    11428.17     9215   
16249896.00    2427       2930       5357       2073       7570       9643       9643       1.12       0.49     8639.71    10995.25     9643   
16354062.00    2432       2802       5234       2068       7698       9766       9766       1.11       0.48     8800.07    10834.89     9766   
16458228.00    2477       2935       5412       2023       7565       9588       9588       1.11       0.49     8670.92    10964.04     9588   
16562394.00    2501       2898       5399       1999       7602       9601       9601       1.10       0.49     8715.32    10919.63     9601   
16666560.00    2496       2974       5470       2004       7526       9530       9530       1.10       0.50     8627.98    11006.97     9530   
16770726.00    2591       3103       5694       1909       7397       9306       9306       1.11       0.51     8374.43    11260.53     9306   
16874892.00    2601       3069       5670       1899       7431       9330       9330       1.11       0.51     8407.69    11227.26     9330   
16979058.00    2625       3246       5871       1875       7254       9129       9129       1.11       0.51     8219.74    11415.21     9129   
17083224.00    2669       3177       5846       1831       7323       9154       9154       1.11       0.51     8222.55    11412.40     9154   
17187390.00    2696       3256       5952       1804       7244       9048       9048       1.11       0.52     8144.83    11490.12     9048   
17291556.00    2621       3149       5770       1879       7351       9230       9230       1.11       0.51     8342.50    11292.46     9230   
17395722.00    2735       3402       6137       1765       7098       8863       8863       1.11       0.53     7958.84    11676.12     8863   
17499888.00    2736       3415       6151       1764       7085       8849       8849       1.11       0.53     7981.98    11652.98     8849   
17604054.00    2769       3456       6225       1731       7044       8775       8775       1.11       0.53     7920.38    11714.58     8775   
17708220.00    2711       3457       6168       1789       7043       8832       8832       1.11       0.53     7942.21    11692.75     8832   
17812386.00    2919       3947       6866       1581       6553       8134       8134       1.13       0.55     7222.23    12412.73     8134   
17916552.00    2836       3697       6533       1664       6803       8467       8467       1.12       0.54     7558.04    12076.92     8467   
18020718.00    2698       3423       6121       1802       7077       8879       8879       1.11       0.53     7993.59    11641.36     8879   
18124884.00    2711       3438       6149       1789       7062       8851       8851       1.11       0.53     7951.22    11683.73     8851   
18229050.00    2721       3370       6091       1779       7130       8909       8909       1.10       0.53     8083.07    11551.88     8909   
18333216.00    2721       3398       6119       1779       7102       8881       8881       1.10       0.53     8056.01    11578.95     8881   
18437382.00    2810       3721       6531       1690       6779       8469       8469       1.11       0.54     7629.07    12005.88     8469   
18541548.00    2887       3881       6768       1613       6619       8232       8232       1.11       0.55     7424.54    12210.42     8232   
18645714.00    2939       3896       6835       1561       6604       8165       8165       1.11       0.56     7350.20    12284.75     8165   
18749880.00    2908       3857       6765       1592       6643       8235       8235       1.10       0.56     7466.96    12168.00     8235   
18854046.00    2926       3979       6905       1574       6521       8095       8095       1.11       0.56     7307.41    12327.55     8095   
18958212.00    2835       3857       6692       1665       6643       8308       8308       1.12       0.55     7431.79    12203.17     8308   
19062378.00    2836       3842       6678       1664       6658       8322       8322       1.12       0.55     7432.40    12202.56     8322   
19166544.00    2840       3765       6605       1660       6735       8395       8395       1.12       0.55     7526.37    12108.59     8395   
19270710.00    2855       3739       6594       1645       6761       8406       8406       1.11       0.55     7593.63    12041.33     8406   
19374876.00    2975       3953       6928       1525       6547       8072       8072       1.11       0.56     7258.17    12376.78     8072   
19479042.00    2929       3819       6748       1571       6681       8252       8252       1.11       0.55     7432.90    12202.05     8252   
19583208.00    2900       3774       6674       1600       6726       8326       8326       1.11       0.55     7514.87    12120.08     8326   
19687374.00    2866       3729       6595       1634       6771       8405       8405       1.10       0.55     7625.26    12009.70     8405   
19791540.00    2770       3585       6355       1730       6915       8645       8645       1.10       0.54     7858.02    11776.94     8645   
19895706.00    2745       3455       6200       1755       7045       8800       8800       1.11       0.53     7961.08    11673.87     8800   
19999872.00    2721       3439       6160       1779       7061       8840       8840       1.10       0.53     8039.11    11595.85     8840   
20104038.00    2749       3627       6376       1751       6873       8624       8624       1.10       0.54     7821.04    11813.92     8624   
20208204.00    2767       3596       6363       1733       6904       8637       8637       1.10       0.54     7827.32    11807.64     8637   
20312370.00    2752       3636       6388       1748       6864       8612       8612       1.11       0.54     7770.43    11864.53     8612   
20416536.00    2766       3575       6341       1734       6925       8659       8659       1.11       0.54     7788.95    11846.01     8659   
20520702.00    2771       3776       6547       1729       6724       8453       8453       1.11       0.54     7611.93    12023.02     8453   
20624868.00    2691       3776       6467       1809       6724       8533       8533       1.11       0.54     7714.52    11920.44     8533   
20729034.00    2685       3739       6424       1815       6761       8576       8576       1.12       0.54     7687.17    11947.78     8576   
20833200.00    2612       3609       6221       1888       6891       8779       8779       1.12       0.53     7873.31    11761.65     8779   
20937366.00    2551       3526       6077       1949       6974       8923       8923       1.11       0.52     8032.58    11602.37     8923   
21041532.00    2452       3278       5730       2048       7222       9270       9270       1.12       0.51     8292.79    11342.16     9270   
21145698.00    2452       3240       5692       2048       7260       9308       9308       1.12       0.50     8291.18    11343.77     9308   
21249864.00    2428       3149       5577       2072       7351       9423       9423       1.12       0.50     8386.47    11248.48     9423   
21354030.00    2445       3088       5533       2055       7412       9467       9467       1.12       0.49     8433.40    11201.56     9467   
21458196.00    2406       3012       5418       2094       7488       9582       9582       1.12       0.49     8540.46    11094.50     9582   
21562362.00    2309       2781       5090       2191       7719       9910       9910       1.11       0.47     8908.57    10726.38     9910   
21666528.00    2401       2964       5365       2099       7536       9635       9635       1.12       0.49     8590.04    11044.92     9635   
21770694.00    2353       2841       5194       2147       7659       9806       9806       1.11       0.48     8796.27    10838.69     9806   
21874860.00    2416       2976       5392       2084       7524       9608       9608       1.12       0.49     8609.45    11025.50     9608   
21979026.00    2361       2817       5178       2139       7683       9822       9822       1.12       0.48     8778.87    10856.09     9822   
22083192.00    2361       2864       5225       2139       7636       9775       9775       1.11       0.48     8780.23    10854.73     9775   
22187358.00    2464       3154       5618       2036       7346       9382       9382       1.12       0.50     8380.29    11254.66     9382   
22291524.00    2373       3068       5441       2127       7432       9559       9559       1.12       0.49     8506.31    11128.64     9559   
22395690.00    2359       3006       5365       2141       7494       9635       9635       1.13       0.48     8546.73    11088.22     9635   
22499856.00    2352       2976       5328       2148       7524       9672       9672       1.13       0.48     8581.40    11053.55     9672   
22604022.00    2329       2835       5164       2171       7665       9836       9836       1.12       0.48     8764.61    10870.35     9836   
22708188.00    2307       2854       5161       2193       7646       9839       9839       1.12       0.47     8769.26    10865.70     9839   
22812354.00    2235       2635       4870       2265       7865      10130      10130       1.12       0.46     9021.17    10613.78    10130   
22916520.00    2248       2619       4867       2252       7881      10133      10133       1.11       0.46     9092.57    10542.38    10133   
23020686.00    2218       2643       4861       2282       7857      10139      10139       1.11       0.46     9133.20    10501.75    10139   
23124852.00    2273       2709       4982       2227       7791      10018      10018       1.10       0.47     9098.09    10536.86    10018   
23229018.00    2250       2824       5074       2250       7676       9926       9926       1.10       0.48     8988.34    10646.62     9926   
23333184.00    2282       2799       5081       2218       7701       9919       9919       1.11       0.47     8919.68    10715.28     9919   
23437350.00    2282       2895       5177       2218       7605       9823       9823       1.11       0.48     8842.75    10792.21     9823   
23541516.00    2263       2917       5180       2237       7583       9820       9820       1.11       0.48     8827.51    10807.45     9820   
23645682.00    2236       2847       5083       2264       7653       9917       9917       1.11       0.48     8936.21    10698.75     9917   
23749848.00    2224       2842       5066       2276       7658       9934       9934       1.11       0.47     8967.26    10667.69     9934   
23854014.00    2286       2953       5239       2214       7547       9761       9761       1.11       0.48     8780.62    10854.33     9761   
23958180.00    2288       3023       5311       2212       7477       9689       9689       1.11       0.49     8702.15    10932.80     9689   
24062346.00    2246       3063       5309       2254       7437       9691       8364       1.11       0.49     8727.98    10906.98     4845   
24166512.00    2323       3389       5712       2177       7111       9288       8070       1.11       0.51     8337.90    11297.05     4644   
24270678.00    2254       3181       5435       2246       7319       9565       9565       1.11       0.49     8608.77    11026.18     9565   
24374844.00    2202       3040       5242       2298       7460       9758       9758       1.12       0.48     8733.15    10901.81     9758   
24479010.00    2204       2995       5199       2296       7505       9801       9801       1.12       0.48     8744.68    10890.28     9801   
24583176.00    2186       2950       5136       2314       7550       9864       9864       1.12       0.47     8779.39    10855.56     9864   
24687342.00    2190       2917       5107       2310       7583       9893       8504       1.12       0.47     8810.77    10824.18     4946   
24791508.00    2184       2879       5063       2316       7621       9937       8630       1.13       0.47     8811.67    10823.28     4968   
24895674.00    2186       2867       5053       2314       7633       9947       8664       1.12       0.47     8897.89    10737.06     4973   
24999840.00    2186       2756       4942       2314       7744      10058      10058       1.12       0.46     8969.08    10665.87    10058   
25104006.00    2147       2707       4854       2353       7793      10146       8907       1.12       0.46     9076.37    10558.58     5073   
25208172.00    2057       2649       4706       2443       7851      10294      10294       1.12       0.45     9211.01    10423.94    10294   
25312338.00    2084       2658       4742       2416       7842      10258       9051       1.12       0.45     9147.53    10487.43     5129   
25416504.00    2139       2663       4802       2361       7837      10198       8993       1.12       0.46     9104.40    10530.55     5099   
25520670.00    2104       2628       4732       2396       7872      10268      10268       1.12       0.45     9202.94    10432.02    10268   
25624836.00    2180       2733       4913       2320       7767      10087       8768       1.12       0.46     9024.65    10610.30     5043   
25729002.00    2117       2685       4802       2383       7815      10198       8997       1.11       0.46     9148.51    10486.44     5099   
25833168.00    2064       2652       4716       2436       7848      10284       9017       1.11       0.45     9260.87    10374.08     5142   
25937334.00    2177       2829       5006       2323       7671       9994       8876       1.11       0.47     9007.84    10627.11     4997   
26041500.00    2433       3698       6131       2067       6802       8869       8869       1.12       0.52     7925.23    11709.73     8869   
26145666.00    2382       3650       6032       2118       6850       8968       8968       1.12       0.52     8030.26    11604.69     8968   
26249832.00    2269       3519       5788       2231       6981       9212       9212       1.12       0.51     8258.81    11376.14     9212   
26353998.00    2265       3448       5713       2235       7052       9287       9287       1.12       0.50     8260.45    11374.50     9287   
26458164.00    2204       3273       5477       2296       7227       9523       9523       1.14       0.49     8360.95    11274.01     9523   
26562330.00    2151       3078       5229       2349       7422       9771       9771       1.14       0.47     8586.76    11048.19     9771   
26666496.00    2124       3018       5142       2376       7482       9858       9858       1.14       0.47     8682.32    10952.64     9858   
26770662.00    2161       3039       5200       2339       7461       9800       9800       1.14       0.47     8620.32    11014.64     9800   
26874828.00    2174       2983       5157       2326       7517       9843       9843       1.13       0.47     8733.29    10901.67     9843   
26978994.00    2114       2891       5005       2386       7609       9995       9995       1.12       0.47     8923.05    10711.90     9995   
27083160.00    2088       2898       4986       2412       7602      10014      10014       1.12       0.46     8911.89    10723.06    10014   
27187326.00    2123       2811       4934       2377       7689      10066      10066       1.12       0.46     8987.88    10647.07    10066   
27291492.00    2169       2958       5127       2331       7542       9873       9873       1.13       0.47     8771.61    10863.34     9873   
27395658.00    2083       2809       4892       2417       7691      10108      10108       1.12       0.46     9020.16    10614.80    10108   
27499824.00    2103       2781       4884       2397       7719      10116      10116       1.12       0.46     9049.91    10585.05    10116   
27603990.00    2069       2762       4831       2431       7738      10169      10169       1.11       0.46     9125.52    10509.44    10169   
27708156.00    2091       2658       4749       2409       7842      10251      10251       1.12       0.45     9171.88    10463.07    10251   
27812322.00    2051       2610       4661       2449       7890      10339      10339       1.11       0.45     9287.62    10347.34    10339   
27916488.00    2106       2751       4857       2394       7749      10143      10143       1.11       0.46     9102.89    10532.07    10143   
28020654.00    2146       2953       5099       2354       7547       9901       9901       1.11       0.48     8908.82    10726.14     9901   
28124820.00    2028       2778       4806       2472       7722      10194      10194       1.12       0.46     9121.50    10513.45    10194   
28228986.00    2061       2708       4769       2439       7792      10231      10231       1.12       0.45     9127.75    10507.21    10231   
28333152.00    1978       2535       4513       2522       7965      10487      10487       1.11       0.44     9416.30    10218.65    10487   
28437318.00    1908       2411       4319       2592       8089      10681      10681       1.11       0.43     9611.39    10023.56    10681   
28541484.00    1958       2530       4488       2542       7970      10512      10512       1.12       0.44     9392.77    10242.19    10512   
28645650.00    2024       2739       4763       2476       7761      10237      10237       1.12       0.45     9116.67    10518.28    10237   
28749816.00    2007       2583       4590       2493       7917      10410      10410       1.12       0.44     9284.61    10350.35    10410   
28853982.00    2156       2995       5151       2344       7505       9849       9849       1.12       0.48     8796.11    10838.84     9849   
28958148.00    2081       2826       4907       2419       7674      10093      10093       1.11       0.47     9103.90    10531.05    10093   
29062314.00    2056       2866       4922       2444       7634      10078      10078       1.12       0.46     9032.17    10602.78    10078   
29166480.00    2004       2726       4730       2496       7774      10270      10270       1.12       0.45     9161.20    10473.75    10270   
29270646.00    2004       2772       4776       2496       7728      10224      10224       1.12       0.45     9137.29    10497.67    10224   
29374812.00    1968       2695       4663       2532       7805      10337       8507       1.12       0.45     9212.75    10422.20     5168   
29478978.00    2035       2838       4873       2465       7662      10127       8438       1.12       0.46     9022.08    10612.88     5063   
29583144.00    2061       2797       4858       2439       7703      10142       8473       1.12       0.46     9045.93    10589.03     5071   
29687310.00    2090       2840       4930       2410       7660      10070       8398       1.12       0.46     8989.83    10645.13     5035   
29791476.00    2168       3015       5183       2332       7485       9817       8340       1.12       0.48     8741.39    10893.56     4908   
29895642.00    2165       2960       5125       2335       7540       9875       9875       1.12       0.47     8792.00    10842.95     9875   
29999808.00    2122       2779       4901       2378       7721      10099      10099       1.12       0.46     9039.41    10595.55    10099   
30103974.00    2065       2724       4789       2435       7776      10211      10211       1.11       0.46     9218.63    10416.33    10211   
30208140.00    2138       2821       4959       2362       7679      10041      10041       1.11       0.47     9037.70    10597.26    10041   
30312306.00    2195       2983       5178       2305       7517       9822       9822       1.12       0.48     8800.46    10834.50     9822   
30416472.00    2491       3986       6477       2009       6514       8523       8523       1.12       0.54     7580.12    12054.83     8523   
30520638.00    2478       3908       6386       2022       6592       8614       8614       1.13       0.53     7608.20    12026.75     8614   
30624804.00    2234       3009       5243       2266       7491       9757       9757       1.13       0.48     8638.13    10996.83     9757   
30728970.00    2191       2842       5033       2309       7658       9967       9967       1.13       0.46     8803.84    10831.12     9967   
30833136.00    2180       2897       5077       2320       7603       9923       9923       1.13       0.47     8810.23    10824.73     9923   
30937302.00    2188       2814       5002       2312       7686       9998       9998       1.12       0.47     8931.64    10703.32     9998   
31041468.00    2304       3576       5880       2196       6924       9120       9120       1.13       0.51     8069.76    11565.19     9120   
31145634.00    2307       3526       5833       2193       6974       9167       9167       1.13       0.51     8133.87    11501.09     9167   
31249800.00    2359       3618       5977       2141       6882       9023       9023       1.13       0.51     7963.95    11671.00     9023   
31353966.00    2372       3634       6006       2128       6866       8994       8994       1.13       0.51     7945.08    11689.88     8994   
31458132.00    2343       3514       5857       2157       6986       9143       9143       1.13       0.51     8110.55    11524.41     9143   
31562298.00    2363       3527       5890       2137       6973       9110       9110       1.13       0.51     8068.67    11566.28     9110   
31666464.00    2367       3588       5955       2133       6912       9045       9045       1.13       0.51     8021.67    11613.29     9045   
31770630.00    2383       3530       5913       2117       6970       9087       9087       1.13       0.51     8068.55    11566.40     9087   
31874796.00    2360       3491       5851       2140       7009       9149       9149       1.13       0.51     8127.92    11507.04     9149   
31978962.00    2377       3566       5943       2123       6934       9057       9057       1.13       0.51     8017.09    11617.87     9057   
32083128.00    2409       3591       6000       2091       6909       9000       9000       1.14       0.51     7918.35    11716.60     9000   
32187294.00    2372       3547       5919       2128       6953       9081       9081       1.13       0.51     8055.13    11579.82     9081   
32291460.00    2360       3512       5872       2140       6988       9128       9128       1.13       0.51     8112.39    11522.57     9128   
32395626.00    2284       3402       5686       2216       7098       9314       9314       1.13       0.50     8255.99    11378.97     9314   
32499792.00    2206       3243       5449       2294       7257       9551       9551       1.13       0.49     8488.38    11146.57     9551   
32603958.00    2260       3331       5591       2240       7169       9409       9409       1.12       0.50     8374.54    11260.41     9409   
32708124.00    2272       3376       5648       2228       7124       9352       9352       1.12       0.50     8317.63    11317.32     9352   
32812290.00    2235       3293       5528       2265       7207       9472       9472       1.13       0.49     8381.27    11253.69     9472   
32916456.00    2200       3153       5353       2300       7347       9647       9647       1.13       0.48     8568.16    11066.80     9647   
33020622.00    2209       3182       5391       2291       7318       9609       9609       1.13       0.48     8481.71    11153.25     9609   
33124788.00    2155       3091       5246       2345       7409       9754       9754       1.14       0.47     8576.63    11058.33     9754   
33228954.00    2115       3067       5182       2385       7433       9818       9818       1.14       0.47     8611.76    11023.20     9818   
33333120.00    2169       3074       5243       2331       7426       9757       9757       1.14       0.47     8530.93    11104.02     9757   
33437286.00    2131       2892       5023       2369       7608       9977       9977       1.14       0.46     8726.05    10908.90     9977   
33541452.00    2031       2767       4798       2469       7733      10202      10202       1.14       0.45     8919.15    10715.80    10202   
33645618.00    2016       2689       4705       2484       7811      10295      10295       1.14       0.44     9048.48    10586.47    10295   
33749784.00    2007       2714       4721       2493       7786      10279      10279       1.14       0.45     9042.24    10592.72    10279   
33853950.00    2039       2714       4753       2461       7786      10247      10247       1.14       0.45     8975.09    10659.87    10247   
33958116.00    2005       2679       4684       2495       7821      10316      10316       1.15       0.44     8976.06    10658.89    10316   
34062282.00    2020       2575       4595       2480       7925      10405      10405       1.15       0.43     9062.63    10572.32    10405   
34166448.00    2007       2552       4559       2493       7948      10441      10441       1.14       0.44     9160.57    10474.38    10441   
34270614.00    1966       2567       4533       2534       7933      10467      10467       1.14       0.44     9216.57    10418.39    10467   
34374780.00    2021       2646       4667       2479       7854      10333      10333       1.14       0.44     9040.20    10594.76    10333   
34478946.00    1993       2516       4509       2507       7984      10491      10491       1.15       0.43     9160.15    10474.80    10491   
34583112.00    1912       2365       4277       2588       8135      10723      10723       1.14       0.42     9367.53    10267.42    10723   
34687278.00    1978       2477       4455       2522       8023      10545      10545       1.15       0.43     9197.74    10437.21    10545   
34791444.00    1956       2440       4396       2544       8060      10604      10604       1.15       0.42     9234.08    10400.88    10604   
34895610.00    1939       2436       4375       2561       8064      10625      10625       1.15       0.42     9254.15    10380.81    10625   
34999776.00    1914       2362       4276       2586       8138      10724      10724       1.15       0.42     9336.06    10298.90    10724   
35103942.00    1927       2338       4265       2573       8162      10735      10735       1.14       0.42     9389.74    10245.22    10735   
35208108.00    1953       2334       4287       2547       8166      10713      10713       1.13       0.42     9477.53    10157.42    10713   
35312274.00    1971       2496       4467       2529       8004      10533      10533       1.13       0.43     9282.94    10352.02    10533   
35416440.00    2026       2533       4559       2474       7967      10441      10441       1.13       0.44     9225.07    10409.89    10441   
35520606.00    1999       2513       4512       2501       7987      10488      10488       1.13       0.43     9242.36    10392.59    10488   
35624772.00    1979       2401       4380       2521       8099      10620      10620       1.14       0.43     9349.40    10285.56    10620   
35728938.00    1952       2408       4360       2548       8092      10640      10640       1.14       0.42     9365.27    10269.69    10640   
35833104.00    1945       2352       4297       2555       8148      10703      10703       1.14       0.42     9396.87    10238.09    10703   
35937270.00    1907       2233       4140       2593       8267      10860      10860       1.13       0.41     9582.57    10052.38    10860   
36041436.00    1913       2265       4178       2587       8235      10822      10822       1.12       0.42     9624.32    10010.63    10822   
36145602.00    1940       2299       4239       2560       8201      10761      10761       1.13       0.42     9551.51    10083.44    10761   
36249768.00    1967       2303       4270       2533       8197      10730      10730       1.13       0.42     9472.34    10162.61    10730   
36353934.00    1939       2297       4236       2561       8203      10764      10764       1.13       0.42     9525.70    10109.26    10764   
36458100.00    2063       2555       4618       2437       7945      10382      10382       1.13       0.44     9185.62    10449.33    10382   
36562266.00    2117       2727       4844       2383       7773      10156      10156       1.13       0.45     8956.36    10678.59    10156   
36666432.00    2035       2640       4675       2465       7860      10325      10325       1.13       0.44     9122.07    10512.88    10325   
36770598.00    2058       2686       4744       2442       7814      10256      10256       1.14       0.45     9006.84    10628.11    10256   
36874764.00    2051       2710       4761       2449       7790      10239      10239       1.13       0.45     9025.76    10609.19    10239   
36978930.00    2038       2741       4779       2462       7759      10221      10221       1.13       0.45     9023.58    10611.38    10221   
37083096.00    2026       2701       4727       2474       7799      10273      10273       1.13       0.45     9094.73    10540.22    10273   
37187262.00    2078       2791       4869       2422       7709      10131      10131       1.13       0.46     8944.66    10690.29    10131   
37291428.00    2092       2738       4830       2408       7762      10170      10170       1.14       0.45     8921.24    10713.72    10170   
37395594.00    2090       2834       4924       2410       7666      10076      10076       1.14       0.46     8829.80    10805.15    10076   
37499760.00    2058       2813       4871       2442       7687      10129      10129       1.14       0.45     8870.91    10764.05    10129   
37603926.00    2043       2708       4751       2457       7792      10249      10249       1.14       0.45     9021.41    10613.55    10249   
37708092.00    2061       2742       4803       2439       7758      10197      10197       1.14       0.45     8956.12    10678.83    10197   
37812258.00    2087       2717       4804       2413       7783      10196      10196       1.14       0.45     8968.58    10666.37    10196   
37916424.00    2054       2647       4701       2446       7853      10299      10299       1.13       0.45     9086.14    10548.82    10299   
38020590.00    2029       2679       4708       2471       7821      10292      10292       1.14       0.44     9041.73    10593.23    10292   
38124756.00    2000       2511       4511       2500       7989      10489      10489       1.13       0.43     9253.42    10381.53    10489   
38228922.00    2047       2618       4665       2453       7882      10335      10335       1.14       0.44     9094.83    10540.13    10335   
38333088.00    2029       2700       4729       2471       7800      10271      10271       1.13       0.45     9072.83    10562.12    10271   
38437254.00    2100       2912       5012       2400       7588       9988       9988       1.13       0.46     8819.53    10815.43     9988   
38541420.00    2150       3048       5198       2350       7452       9802       9802       1.14       0.47     8603.23    11031.72     9802   
38645586.00    2154       2961       5115       2346       7539       9885       9885       1.14       0.47     8637.01    10997.95     9885   
38749752.00    2137       2839       4976       2363       7661      10024      10024       1.14       0.46     8763.56    10871.39    10024   
38853918.00    2115       2805       4920       2385       7695      10080      10080       1.14       0.46     8833.89    10801.06    10080   
38958084.00    2076       2720       4796       2424       7780      10204      10204       1.13       0.45     8998.65    10636.30    10204   
39062250.00    2063       2608       4671       2437       7892      10329      10329       1.14       0.44     9084.64    10550.31    10329   
39166416.00    1993       2424       4417       2507       8076      10583      10583       1.13       0.43     9331.36    10303.59    10583   
39270582.00    1995       2412       4407       2505       8088      10593      10593       1.14       0.43     9321.39    10313.56    10593   
39374748.00    1991       2415       4406       2509       8085      10594      10594       1.13       0.43     9362.57    10272.39    10594   
39478914.00    2063       2595       4658       2437       7905      10342      10342       1.14       0.44     9109.48    10525.47    10342   
39583080.00    2126       2811       4937       2374       7689      10063      10063       1.14       0.46     8842.90    10792.05    10063   
39687246.00    2145       2800       4945       2355       7700      10055      10055       1.14       0.46     8835.92    10799.04    10055   
39791412.00    2139       2826       4965       2361       7674      10035      10035       1.14       0.46     8807.24    10827.72    10035   
39895578.00    2140       2737       4877       2360       7763      10123      10123       1.13       0.46     8947.70    10687.26    10123   
39999744.00    2126       2691       4817       2374       7809      10183      10183       1.14       0.45     8971.20    10663.75    10183   
40103910.00    2161       2775       4936       2339       7725      10064      10064       1.14       0.46     8861.13    10773.83    10064   
40208076.00    2251       3078       5329       2249       7422       9671       9671       1.13       0.48     8545.11    11089.85     9671   
40312242.00    2291       3135       5426       2209       7365       9574       9574       1.13       0.48     8439.32    11195.64     9574   
40416408.00    2262       3127       5389       2238       7373       9611       9611       1.14       0.48     8453.96    11181.00     9611   
40520574.00    2233       3049       5282       2267       7451       9718       9718       1.14       0.48     8547.00    11087.96     9718   
40624740.00    2233       3003       5236       2267       7497       9764       9764       1.14       0.47     8555.04    11079.91     9764   
40728906.00    2271       3043       5314       2229       7457       9686       9686       1.15       0.48     8455.60    11179.36     9686   
40833072.00    2177       2858       5035       2323       7642       9965       9965       1.14       0.46     8745.40    10889.55     9965   
40937238.00    2175       2821       4996       2325       7679      10004      10004       1.14       0.46     8778.76    10856.19    10004   
41041404.00    2123       2705       4828       2377       7795      10172      10172       1.14       0.45     8958.59    10676.36    10172   
41145570.00    2170       2779       4949       2330       7721      10051      10051       1.14       0.46     8839.52    10795.44    10051   
41249736.00    2236       2867       5103       2264       7633       9897       9897       1.14       0.47     8674.40    10960.56     9897   
41353902.00    2186       2756       4942       2314       7744      10058      10058       1.14       0.46     8835.75    10799.20    10058   
41458068.00    2111       2623       4734       2389       7877      10266      10266       1.13       0.45     9067.34    10567.62    10266   
41562234.00    2149       2646       4795       2351       7854      10205      10205       1.14       0.45     8962.28    10672.68    10205   
41666400.00    2108       2533       4641       2392       7967      10359      10359       1.14       0.44     9086.55    10548.41    10359   
