 Timestep    Gas_A      Gas_B     Gas_tot    Dense_A    Dense_B   Dense_tot   Lg_clust  DP_density GP_density Clust_area  Gas_area     MCS    
   0.00      10500       4500      15000        0          0          0          6         0.00       0.76       0.00     19634.96      0     
114583.00    10500       4500      15000        0          0          0         490        0.00       0.76       0.00     19634.96      0     
229166.00     9607       4053      13660       893        447        1340       1340       0.99       0.75     1354.64    18280.32     1340   
343749.00     8044       3329      11373       2456       1171       3627       2475       0.99       0.71     3647.19    15987.76     1813   
458332.00     7265       2972      10237       3235       1528       4763       2286       1.02       0.68     4670.86    14964.10     1587   
572915.00     5410       2050       7460       5090       2450       7540       6267       1.04       0.60     7256.18    12378.77     3770   
687498.00     3966       1368       5334       6534       3132       9666       8108       1.06       0.51     9096.03    10538.92     4833   
802081.00     3689       1244       4933       6811       3256      10067       7646       1.07       0.48     9428.66    10206.30     5033   
916664.00     3449       1190       4639       7051       3310      10361       7782       1.08       0.46     9589.13    10045.82     5180   
1031247.00    3150       1009       4159       7350       3491      10841      10841       1.08       0.43     10031.76   9603.20     10841   
1145830.00    3117       973        4090       7383       3527      10910      10910       1.08       0.43     10120.71   9514.24     10910   
1260413.00    2960       953        3913       7540       3547      11087      11087       1.08       0.42     10264.47   9370.48     11087   
1374996.00    2763       870        3633       7737       3630      11367      11367       1.08       0.40     10534.37   9100.58     11367   
1489579.00    2808       904        3712       7692       3596      11288      11288       1.07       0.41     10501.85   9133.11     11288   
1604162.00    2760       883        3643       7740       3617      11357      11357       1.08       0.40     10547.01   9087.95     11357   
1718745.00    2784       916        3700       7716       3584      11300      11300       1.08       0.40     10483.10   9151.86     11300   
1833328.00    2816       896        3712       7684       3604      11288      11288       1.08       0.40     10410.86   9224.09     11288   
1947911.00    2896       927        3823       7604       3573      11177      11177       1.09       0.41     10214.53   9420.43     11177   
2062494.00    2621       786        3407       7879       3714      11593      11593       1.09       0.38     10652.38   8982.58     11593   
2177077.00    2543       754        3297       7957       3746      11703      11703       1.09       0.37     10749.53   8885.42     11703   
2291660.00    2568       818        3386       7932       3682      11614       9889       1.09       0.38     10689.72   8945.24      5807   
2406243.00    2757       916        3673       7743       3584      11327       9709       1.08       0.40     10445.27   9189.68      5663   
2520826.00    2657       898        3555       7843       3602      11445       9879       1.09       0.39     10521.67   9113.29      5722   
2635409.00    2628       859        3487       7872       3641      11513       9989       1.09       0.38     10539.58   9095.37      5756   
2749992.00    2500       809        3309       8000       3691      11691      11691       1.10       0.37     10670.18   8964.77     11691   
2864575.00    2511       796        3307       7989       3704      11693      11693       1.09       0.37     10732.95   8902.00     11693   
2979158.00    2464       781        3245       8036       3719      11755      11755       1.08       0.37     10887.62   8747.33     11755   
3093741.00    2747       869        3616       7753       3631      11384      10249       1.08       0.40     10528.75   9106.20      5692   
3208324.00    2954       978        3932       7546       3522      11068       9983       1.08       0.42     10237.80   9397.15      5534   
3322907.00    3641       1306       4947       6859       3194      10053      10053       1.09       0.48     9220.42    10414.54    10053   
3437490.00    3406       1216       4622       7094       3284      10378      10378       1.09       0.46     9511.94    10123.02    10378   
3552073.00    3294       1197       4491       7206       3303      10509      10509       1.09       0.45     9684.44    9950.51     10509   
3666656.00    3334       1207       4541       7166       3293      10459      10459       1.08       0.46     9693.46    9941.50     10459   
3781239.00    2722       930        3652       7778       3570      11348      11348       1.08       0.40     10521.18   9113.78     11348   
3895822.00    2847       976        3823       7653       3524      11177      11177       1.08       0.41     10304.96   9330.00     11177   
4010405.00    2719       888        3607       7781       3612      11393      11393       1.09       0.39     10460.86   9174.09     11393   
4124988.00    2666       879        3545       7834       3621      11455      11455       1.09       0.39     10539.52   9095.43     11455   
4239571.00    2588       859        3447       7912       3641      11553      11553       1.09       0.38     10576.95   9058.00     11553   
4354154.00    2570       845        3415       7930       3655      11585      11585       1.09       0.38     10600.44   9034.51     11585   
4468737.00    2541       819        3360       7959       3681      11640      10201       1.09       0.37     10638.62   8996.34      5820   
4583320.00    2556       855        3411       7944       3645      11589      11589       1.09       0.38     10644.39   8990.57     11589   
4697903.00    2807       937        3744       7693       3563      11256      11256       1.09       0.40     10305.00   9329.95     11256   
4812486.00    2933       956        3889       7567       3544      11111      11111       1.08       0.41     10242.86   9392.10     11111   
4927069.00    2902       976        3878       7598       3524      11122      11122       1.08       0.41     10282.94   9352.01     11122   
5041652.00    3006       1045       4051       7494       3455      10949      10949       1.09       0.42     10074.20   9560.75     10949   
5156235.00    2984       1061       4045       7516       3439      10955      10955       1.09       0.42     10020.74   9614.21     10955   
5270818.00    2804       977        3781       7696       3523      11219      11219       1.09       0.40     10280.48   9354.48     11219   
5385401.00    2744       912        3656       7756       3588      11344      11344       1.09       0.40     10403.20   9231.76     11344   
5499984.00    2730       887        3617       7770       3613      11383      11383       1.09       0.39     10452.38   9182.58     11383   
5614567.00    2616       889        3505       7884       3611      11495      11495       1.09       0.38     10499.61   9135.35     11495   
5729150.00    2527       842        3369       7973       3658      11631      11631       1.10       0.37     10582.88   9052.07     11631   
5843733.00    2457       811        3268       8043       3689      11732      11732       1.09       0.37     10728.50   8906.45     11732   
5958316.00    2537       834        3371       7963       3666      11629      11629       1.09       0.38     10652.95   8982.01     11629   
6072899.00    2672       886        3558       7828       3614      11442      11442       1.09       0.39     10505.01   9129.94     11442   
6187482.00    2789       974        3763       7711       3526      11237      11237       1.09       0.40     10280.41   9354.54     11237   
6302065.00    2674       886        3560       7826       3614      11440      11440       1.10       0.39     10442.95   9192.00     11440   
6416648.00    2526       845        3371       7974       3655      11629      11629       1.11       0.37     10520.58   9114.37     11629   
6531231.00    2424       792        3216       8076       3708      11784      11784       1.10       0.36     10684.04   8950.91     11784   
6645814.00    2577       846        3423       7923       3654      11577      11577       1.11       0.37     10436.35   9198.61     11577   
6760397.00    2517       821        3338       7983       3679      11662      11662       1.11       0.37     10540.78   9094.17     11662   
6874980.00    2534       827        3361       7966       3673      11639      11639       1.11       0.37     10531.96   9102.99     11639   
6989563.00    2556       854        3410       7944       3646      11590      11590       1.10       0.37     10529.72   9105.23     11590   
7104146.00    2599       874        3473       7901       3626      11527      11527       1.09       0.38     10528.63   9106.33     11527   
7218729.00    2607       875        3482       7893       3625      11518      11518       1.10       0.38     10475.01   9159.95     11518   
7333312.00    2501       775        3276       7999       3725      11724      11724       1.10       0.36     10624.86   9010.09     11724   
7447895.00    2448       762        3210       8052       3738      11790      11790       1.11       0.36     10604.04   9030.92     11790   
7562478.00    2446       751        3197       8054       3749      11803      11803       1.12       0.35     10575.42   9059.54     11803   
7677061.00    2434       777        3211       8066       3723      11789      11789       1.11       0.36     10597.42   9037.53     11789   
7791644.00    2606       808        3414       7894       3692      11586      11586       1.11       0.37     10461.57   9173.38     11586   
7906227.00    2658       837        3495       7842       3663      11505      11505       1.10       0.38     10435.10   9199.86     11505   
8020810.00    2681       815        3496       7819       3685      11504      11504       1.10       0.38     10415.19   9219.77     11504   
8135393.00    2531       756        3287       7969       3744      11713      11713       1.11       0.36     10567.52   9067.43     11713   
8249976.00    2455       738        3193       8045       3762      11807      11807       1.10       0.36     10686.06   8948.89     11807   
8364559.00    2506       776        3282       7994       3724      11718      11718       1.10       0.36     10642.69   8992.27     11718   
8479142.00    2582       811        3393       7918       3689      11607      11607       1.11       0.37     10493.22   9141.74     11607   
8593725.00    2494       755        3249       8006       3745      11751      11751       1.10       0.36     10689.46   8945.50     11751   
8708308.00    2516       781        3297       7984       3719      11703      11703       1.10       0.37     10629.43   9005.52     11703   
8822891.00    2305       764        3069       8195       3736      11931      11931       1.10       0.35     10812.11   8822.85     11931   
8937474.00    2322       754        3076       8178       3746      11924      11924       1.10       0.35     10812.57   8822.39     11924   
9052057.00    2304       792        3096       8196       3708      11904      11904       1.11       0.35     10765.98   8868.98     11904   
9166640.00    2469       837        3306       8031       3663      11694      11694       1.11       0.36     10551.41   9083.55     11694   
9281223.00    2417       818        3235       8083       3682      11765      11765       1.11       0.36     10596.40   9038.56     11765   
9395806.00    2306       765        3071       8194       3735      11929      11929       1.10       0.35     10796.87   8838.08     11929   
9510389.00    2483       818        3301       8017       3682      11699      11699       1.10       0.37     10647.15   8987.80     11699   
9624972.00    2578       860        3438       7922       3640      11562      11562       1.10       0.38     10491.94   9143.02     11562   
9739555.00    2503       809        3312       7997       3691      11688      11688       1.10       0.37     10628.36   9006.59     11688   
9854138.00    2636       872        3508       7864       3628      11492      11492       1.10       0.38     10458.16   9176.79     11492   
9968721.00    2553       888        3441       7947       3612      11559      11559       1.10       0.38     10502.45   9132.51     11559   
10083304.00    2526       827        3353       7974       3673      11647      11647       1.10       0.37     10586.15   9048.81     11647   
10197887.00    2503       797        3300       7997       3703      11700      11700       1.11       0.36     10550.06   9084.89     11700   
10312470.00    2527       842        3369       7973       3658      11631      11631       1.11       0.37     10525.64   9109.31     11631   
10427053.00    2501       840        3341       7999       3660      11659      11659       1.10       0.37     10552.11   9082.85     11659   
10541636.00    2400       759        3159       8100       3741      11841      11841       1.11       0.35     10710.49   8924.47     11841   
10656219.00    2500       749        3249       8000       3751      11751      11751       1.11       0.36     10566.31   9068.65     11751   
10770802.00    2550       823        3373       7950       3677      11627      11627       1.11       0.37     10442.00   9192.96     11627   
10885385.00    2335       763        3098       8165       3737      11902      11902       1.11       0.35     10747.56   8887.39     11902   
10999968.00    2436       759        3195       8064       3741      11805      11805       1.11       0.36     10681.95   8953.00     11805   
11114551.00    2376       739        3115       8124       3761      11885      11885       1.11       0.35     10753.60   8881.36     11885   
11229134.00    2262       706        2968       8238       3794      12032      12032       1.10       0.34     10903.81   8731.14     12032   
11343717.00    2389       778        3167       8111       3722      11833      11833       1.10       0.36     10778.29   8856.67     11833   
11458300.00    2387       744        3131       8113       3756      11869      11869       1.10       0.36     10823.41   8811.55     11869   
11572883.00    2391       760        3151       8109       3740      11849      11849       1.10       0.35     10747.23   8887.73     11849   
11687466.00    2392       740        3132       8108       3760      11868      11868       1.10       0.35     10763.60   8871.36     11868   
11802049.00    2405       764        3169       8095       3736      11831      11831       1.10       0.36     10732.58   8902.38     11831   
11916632.00    2941       1014       3955       7559       3486      11045      11045       1.11       0.41     9936.79    9698.16     11045   
12031215.00    2395       766        3161       8105       3734      11839      11839       1.11       0.35     10657.92   8977.03     11839   
12145798.00    2376       738        3114       8124       3762      11886      11886       1.11       0.35     10733.83   8901.12     11886   
12260381.00    2665       891        3556       7835       3609      11444      11444       1.11       0.38     10333.99   9300.97     11444   
12374964.00    2700       862        3562       7800       3638      11438      11438       1.11       0.38     10321.66   9313.30     11438   
12489547.00    2696       859        3555       7804       3641      11445      11445       1.12       0.38     10260.53   9374.42     11445   
12604130.00    2683       894        3577       7817       3606      11423      11423       1.12       0.38     10233.34   9401.61     11423   
12718713.00    2686       892        3578       7814       3608      11422      11422       1.12       0.38     10195.95   9439.00     11422   
12833296.00    2465       804        3269       8035       3696      11731      11731       1.12       0.36     10519.42   9115.53     11731   
12947879.00    2940       1001       3941       7560       3499      11059      11059       1.12       0.40     9866.24    9768.72     11059   
13062462.00    2877       954        3831       7623       3546      11169      11169       1.12       0.40     9956.28    9678.68     11169   
13177045.00    2787       902        3689       7713       3598      11311      11311       1.11       0.39     10166.26   9468.70     11311   
13291628.00    2804       872        3676       7696       3628      11324      11324       1.11       0.39     10231.76   9403.20     11324   
13406211.00    2783       891        3674       7717       3609      11326      11326       1.10       0.39     10257.44   9377.52     11326   
13520794.00    2857       928        3785       7643       3572      11215      11215       1.10       0.40     10166.50   9468.46     11215   
13635377.00    2913       965        3878       7587       3535      11122      11122       1.10       0.41     10092.33   9542.62     11122   
13749960.00    2876       922        3798       7624       3578      11202      11202       1.11       0.40     10090.51   9544.44     11202   
13864543.00    2916       937        3853       7584       3563      11147      11147       1.12       0.40     9989.55    9645.41     11147   
13979126.00    2671       861        3532       7829       3639      11468      11468       1.12       0.37     10204.68   9430.28     11468   
14093709.00    2541       806        3347       7959       3694      11653      11653       1.13       0.36     10314.68   9320.27     11653   
14208292.00    2469       767        3236       8031       3733      11764      11764       1.12       0.35     10463.80   9171.16     11764   
14322875.00    2384       720        3104       8116       3780      11896      11896       1.12       0.34     10621.24   9013.72     11896   
14437458.00    2421       713        3134       8079       3787      11866      11866       1.12       0.35     10563.80   9071.15     11866   
14552041.00    2336       725        3061       8164       3775      11939      11939       1.12       0.34     10640.63   8994.33     11939   
14666624.00    2342       775        3117       8158       3725      11883      11883       1.11       0.35     10707.72   8927.24     11883   
14781207.00    2350       766        3116       8150       3734      11884      11884       1.11       0.35     10742.37   8892.59     11884   
14895790.00    2476       838        3314       8024       3662      11686      11686       1.11       0.36     10534.15   9100.81     11686   
15010373.00    2439       795        3234       8061       3705      11766      11766       1.12       0.36     10536.73   9098.22     11766   
15124956.00    2480       798        3278       8020       3702      11722      11722       1.12       0.36     10495.23   9139.72     11722   
15239539.00    2555       834        3389       7945       3666      11611      11611       1.12       0.37     10363.33   9271.62     11611   
15354122.00    2561       832        3393       7939       3668      11607      11607       1.11       0.37     10422.37   9212.59     11607   
15468705.00    2611       813        3424       7889       3687      11576      11576       1.11       0.37     10387.89   9247.07     11576   
15583288.00    2582       784        3366       7918       3716      11634      11634       1.12       0.36     10390.59   9244.36     11634   
15697871.00    2550       798        3348       7950       3702      11652      11652       1.12       0.36     10360.48   9274.48     11652   
15812454.00    2473       775        3248       8027       3725      11752      11752       1.12       0.35     10461.35   9173.60     11752   
15927037.00    2536       798        3334       7964       3702      11666      11666       1.13       0.36     10302.18   9332.77     11666   
16041620.00    2389       739        3128       8111       3761      11872      11872       1.13       0.34     10536.07   9098.88     11872   
16156203.00    2376       751        3127       8124       3749      11873      11873       1.13       0.34     10506.93   9128.02     11873   
16270786.00    2424       780        3204       8076       3720      11796      11796       1.13       0.35     10459.28   9175.68     11796   
16385369.00    2355       746        3101       8145       3754      11899      11899       1.13       0.34     10554.38   9080.57     11899   
16499952.00    2305       714        3019       8195       3786      11981      11981       1.13       0.33     10619.95   9015.00     11981   
16614535.00    2257       654        2911       8243       3846      12089      12089       1.12       0.33     10754.39   8880.57     12089   
16729118.00    2297       705        3002       8203       3795      11998      11998       1.12       0.34     10687.81   8947.14     11998   
16843701.00    2254       688        2942       8246       3812      12058      12058       1.12       0.33     10772.55   8862.41     12058   
16958284.00    2311       717        3028       8189       3783      11972      11972       1.12       0.34     10728.36   8906.59     11972   
17072867.00    2313       734        3047       8187       3766      11953      11953       1.12       0.34     10690.46   8944.49     11953   
17187450.00    2301       764        3065       8199       3736      11935      11935       1.12       0.34     10629.82   9005.14     11935   
17302033.00    2220       704        2924       8280       3796      12076      12076       1.12       0.33     10777.49   8857.47     12076   
17416616.00    2365       766        3131       8135       3734      11869      11869       1.12       0.35     10597.32   9037.63     11869   
17531199.00    2322       761        3083       8178       3739      11917      11917       1.12       0.34     10638.46   8996.50     11917   
17645782.00    2358       770        3128       8142       3730      11872      11872       1.12       0.34     10564.56   9070.39     11872   
17760365.00    2325       733        3058       8175       3767      11942      11942       1.13       0.34     10601.50   9033.46     11942   
17874948.00    2447       761        3208       8053       3739      11792      11792       1.13       0.35     10447.88   9187.07     11792   
17989531.00    2356       744        3100       8144       3756      11900      11900       1.13       0.34     10563.05   9071.90     11900   
18104114.00    2340       766        3106       8160       3734      11894      11894       1.13       0.34     10561.45   9073.51     11894   
18218697.00    2307       740        3047       8193       3760      11953      11953       1.12       0.34     10625.65   9009.30     11953   
18333280.00    2305       713        3018       8195       3787      11982      11982       1.13       0.34     10634.91   9000.04     11982   
18447863.00    2184       686        2870       8316       3814      12130      12130       1.12       0.32     10788.59   8846.37     12130   
18562446.00    2200       699        2899       8300       3801      12101      12101       1.12       0.33     10836.80   8798.16     12101   
18677029.00    2218       721        2939       8282       3779      12061      12061       1.11       0.33     10833.78   8801.18     12061   
18791612.00    2309       753        3062       8191       3747      11938      11938       1.11       0.34     10734.27   8900.69     11938   
18906195.00    2385       795        3180       8115       3705      11820      11820       1.11       0.35     10623.58   9011.38     11820   
19020778.00    2357       782        3139       8143       3718      11861      11861       1.11       0.35     10688.95   8946.00     11861   
19135361.00    2331       771        3102       8169       3729      11898      11898       1.11       0.35     10691.96   8943.00     11898   
19249944.00    2427       788        3215       8073       3712      11785      11785       1.12       0.35     10551.58   9083.38     11785   
19364527.00    2356       775        3131       8144       3725      11869      11869       1.11       0.35     10663.52   8971.44     11869   
19479110.00    2466       813        3279       8034       3687      11721      11721       1.12       0.36     10491.78   9143.18     11721   
19593693.00    2397       756        3153       8103       3744      11847      11847       1.12       0.35     10585.21   9049.75     11847   
19708276.00    2333       775        3108       8167       3725      11892      11892       1.12       0.34     10608.20   9026.75     11892   
19822859.00    2375       818        3193       8125       3682      11807      11807       1.12       0.35     10513.66   9121.29     11807   
19937442.00    2293       725        3018       8207       3775      11982      11982       1.12       0.34     10723.37   8911.59     11982   
20052025.00    2413       784        3197       8087       3716      11803      11803       1.12       0.35     10513.67   9121.28     11803   
20166608.00    2403       793        3196       8097       3707      11804      11804       1.12       0.35     10506.04   9128.92     11804   
20281191.00    2293       723        3016       8207       3777      11984      11984       1.12       0.34     10679.44   8955.51     11984   
20395774.00    2216       690        2906       8284       3810      12094      12094       1.12       0.33     10788.47   8846.49     12094   
20510357.00    2176       674        2850       8324       3826      12150      12150       1.12       0.33     10868.40   8766.55     12150   
20624940.00    2215       673        2888       8285       3827      12112      12112       1.11       0.33     10898.48   8736.47     12112   
20739523.00    2298       709        3007       8202       3791      11993      11993       1.10       0.34     10862.69   8772.26     11993   
20854106.00    2449       784        3233       8051       3716      11767      11767       1.11       0.36     10635.50   8999.46     11767   
20968689.00    2718       923        3641       7782       3577      11359      11359       1.11       0.39     10251.42   9383.53     11359   
21083272.00    2681       904        3585       7819       3596      11415      11415       1.11       0.38     10246.21   9388.75     11415   
21197855.00    2632       855        3487       7868       3645      11513      11513       1.12       0.37     10283.04   9351.92     11513   
21312438.00    2582       833        3415       7918       3667      11585      11585       1.12       0.37     10316.05   9318.90     11585   
21427021.00    2509       869        3378       7991       3631      11622      11622       1.13       0.36     10308.77   9326.18     11622   
21541604.00    2435       840        3275       8065       3660      11725      11725       1.13       0.35     10371.10   9263.85     11725   
21656187.00    2322       717        3039       8178       3783      11961      11961       1.14       0.33     10536.26   9098.70     11961   
21770770.00    2171       665        2836       8329       3835      12164      12164       1.13       0.32     10733.87   8901.09     12164   
21885353.00    2174       697        2871       8326       3803      12129      12129       1.13       0.32     10732.32   8902.63     12129   
21999936.00    2152       720        2872       8348       3780      12128      12128       1.12       0.33     10799.41   8835.55     12128   
22114519.00    2142       699        2841       8358       3801      12159      12159       1.12       0.32     10850.70   8784.25     12159   
22229102.00    2165       731        2896       8335       3769      12104      12104       1.12       0.33     10833.29   8801.66     12104   
22343685.00    2156       710        2866       8344       3790      12134      12134       1.12       0.33     10877.66   8757.29     12134   
22458268.00    2292       752        3044       8208       3748      11956      11956       1.11       0.34     10735.80   8899.15     11956   
22572851.00    2414       764        3178       8086       3736      11822      11822       1.12       0.35     10582.50   9052.46     11822   
22687434.00    2353       753        3106       8147       3747      11894      11894       1.12       0.34     10629.03   9005.93     11894   
22802017.00    2301       737        3038       8199       3763      11962      11962       1.12       0.34     10697.32   8937.64     11962   
22916600.00    2303       735        3038       8197       3765      11962      11962       1.12       0.34     10713.14   8921.81     11962   
23031183.00    2309       723        3032       8191       3777      11968      11968       1.12       0.34     10730.99   8903.96     11968   
23145766.00    2335       715        3050       8165       3785      11950      11950       1.12       0.34     10696.34   8938.62     11950   
23260349.00    2527       815        3342       7973       3685      11658      11658       1.12       0.36     10421.06   9213.90     11658   
23374932.00    2390       754        3144       8110       3746      11856      11856       1.11       0.35     10652.52   8982.43     11856   
23489515.00    2368       751        3119       8132       3749      11881      11881       1.12       0.34     10580.94   9054.02     11881   
23604098.00    2284       692        2976       8216       3808      12024      12024       1.12       0.33     10745.42   8889.54     12024   
23718681.00    2358       767        3125       8142       3733      11875      11875       1.13       0.34     10522.45   9112.50     11875   
23833264.00    2293       749        3042       8207       3751      11958      11958       1.13       0.34     10592.16   9042.79     11958   
23947847.00    2258       734        2992       8242       3766      12008      12008       1.13       0.33     10604.42   9030.54     12008   
24062430.00    2111       704        2815       8389       3796      12185      12185       1.13       0.32     10751.49   8883.46     12185   
24177013.00    2120       655        2775       8380       3845      12225      12225       1.13       0.31     10792.03   8842.92     12225   
24291596.00    2147       697        2844       8353       3803      12156      12156       1.13       0.32     10749.35   8885.60     12156   
24406179.00    2034       668        2702       8466       3832      12298      12298       1.12       0.31     10972.61   8662.34     12298   
24520762.00    2072       684        2756       8428       3816      12244      12244       1.12       0.32     10902.76   8732.20     12244   
24635345.00    2052       673        2725       8448       3827      12275      12275       1.12       0.31     10946.67   8688.29     12275   
24749928.00    2151       676        2827       8349       3824      12173      12173       1.12       0.32     10872.16   8762.79     12173   
24864511.00    2214       676        2890       8286       3824      12110      12110       1.12       0.33     10816.52   8818.44     12110   
24979094.00    2167       699        2866       8333       3801      12134      12134       1.12       0.33     10868.12   8766.83     12134   
25093677.00    2241       722        2963       8259       3778      12037      12037       1.12       0.34     10792.76   8842.19     12037   
25208260.00    2401       773        3174       8099       3727      11826      11826       1.12       0.35     10578.29   9056.67     11826   
25322843.00    2306       709        3015       8194       3791      11985      11985       1.12       0.34     10696.30   8938.65     11985   
25437426.00    2232       712        2944       8268       3788      12056      12056       1.11       0.33     10834.58   8800.38     12056   
25552009.00    2253       706        2959       8247       3794      12041      12041       1.12       0.33     10777.87   8857.08     12041   
25666592.00    2440       767        3207       8060       3733      11793      11793       1.12       0.35     10526.63   9108.33     11793   
25781175.00    2652       867        3519       7848       3633      11481      11481       1.12       0.37     10221.39   9413.57     11481   
25895758.00    2599       889        3488       7901       3611      11512      11512       1.13       0.37     10211.35   9423.61     11512   
26010341.00    2321       790        3111       8179       3710      11889      11889       1.13       0.34     10549.89   9085.06     11889   
26124924.00    2257       738        2995       8243       3762      12005      12005       1.13       0.33     10645.06   8989.90     12005   
26239507.00    2192       673        2865       8308       3827      12135      12135       1.12       0.32     10794.70   8840.26     12135   
26354090.00    2150       716        2866       8350       3784      12134      12134       1.12       0.33     10860.20   8774.75     12134   
26468673.00    2150       739        2889       8350       3761      12111      12111       1.12       0.33     10834.10   8800.86     12111   
26583256.00    2302       780        3082       8198       3720      11918      11918       1.11       0.34     10695.59   8939.36     11918   
26697839.00    2474       827        3301       8026       3673      11699      11699       1.12       0.36     10428.15   9206.80     11699   
26812422.00    2405       806        3211       8095       3694      11789      11789       1.12       0.35     10550.50   9084.45     11789   
26927005.00    2430       781        3211       8070       3719      11789      11789       1.12       0.35     10568.41   9066.54     11789   
27041588.00    2459       756        3215       8041       3744      11785      11785       1.12       0.35     10548.60   9086.36     11785   
27156171.00    2466       838        3304       8034       3662      11696      11696       1.12       0.36     10403.05   9231.90     11696   
27270754.00    2425       797        3222       8075       3703      11778      11778       1.13       0.35     10466.78   9168.17     11778   
27385337.00    2548       840        3388       7952       3660      11612      11612       1.13       0.36     10275.26   9359.69     11612   
27499920.00    2429       761        3190       8071       3739      11810      11810       1.13       0.35     10445.11   9189.84     11810   
27614503.00    2426       736        3162       8074       3764      11838      11838       1.13       0.34     10457.02   9177.94     11838   
27729086.00    2380       714        3094       8120       3786      11906      11906       1.12       0.34     10600.85   9034.11     11906   
27843669.00    2391       735        3126       8109       3765      11874      11874       1.12       0.35     10628.35   9006.60     11874   
27958252.00    2455       784        3239       8045       3716      11761      11761       1.12       0.35     10503.83   9131.13     11761   
28072835.00    2450       765        3215       8050       3735      11785      11785       1.12       0.35     10550.11   9084.85     11785   
28187418.00    2512       796        3308       7988       3704      11692      11692       1.12       0.36     10477.63   9157.33     11692   
28302001.00    2496       795        3291       8004       3705      11709      11709       1.11       0.36     10549.52   9085.44     11709   
28416584.00    2494       780        3274       8006       3720      11726      11726       1.11       0.36     10556.84   9078.11     11726   
28531167.00    2651       820        3471       7849       3680      11529      11529       1.11       0.37     10356.28   9278.68     11529   
28645750.00    2526       760        3286       7974       3740      11714      11714       1.11       0.36     10506.01   9128.94     11714   
28760333.00    2471       775        3246       8029       3725      11754      11754       1.12       0.36     10522.91   9112.05     11754   
28874916.00    2385       779        3164       8115       3721      11836      11836       1.12       0.35     10578.77   9056.18     11836   
28989499.00    2444       817        3261       8056       3683      11739      11739       1.12       0.36     10490.67   9144.29     11739   
29104082.00    2415       808        3223       8085       3692      11777      11777       1.12       0.35     10540.94   9094.01     11777   
29218665.00    2254       712        2966       8246       3788      12034      12034       1.12       0.33     10711.58   8923.37     12034   
29333248.00    2178       645        2823       8322       3855      12177      12177       1.13       0.32     10815.19   8819.76     12177   
29447831.00    2546       828        3374       7954       3672      11626      11626       1.13       0.36     10270.75   9364.21     11626   
29562414.00    2526       818        3344       7974       3682      11656      11656       1.12       0.36     10361.74   9273.21     11656   
29676997.00    2488       812        3300       8012       3688      11700      11700       1.12       0.36     10429.21   9205.75     11700   
29791580.00    2590       853        3443       7910       3647      11557      11557       1.12       0.37     10304.07   9330.88     11557   
29906163.00    2682       862        3544       7818       3638      11456      11456       1.12       0.38     10226.12   9408.84     11456   
30020746.00    2606       881        3487       7894       3619      11513      11513       1.12       0.37     10300.04   9334.91     11513   
30135329.00    2747       917        3664       7753       3583      11336      11336       1.12       0.38     10088.22   9546.74     11336   
30249912.00    2604       875        3479       7896       3625      11521      11521       1.12       0.37     10249.15   9385.81     11521   
30364495.00    2470       784        3254       8030       3716      11746      11746       1.13       0.35     10426.88   9208.07     11746   
30479078.00    2510       799        3309       7990       3701      11691      11691       1.13       0.36     10385.06   9249.89     11691   
30593661.00    2384       727        3111       8116       3773      11889      11889       1.12       0.35     10628.14   9006.81     11889   
30708244.00    2473       794        3267       8027       3706      11733      11733       1.12       0.36     10467.80   9167.16     11733   
30822827.00    2475       785        3260       8025       3715      11740      11740       1.12       0.36     10457.36   9177.59     11740   
30937410.00    2304       730        3034       8196       3770      11966      11966       1.12       0.34     10668.84   8966.12     11966   
31051993.00    2313       725        3038       8187       3775      11962      11962       1.12       0.34     10645.59   8989.37     11962   
31166576.00    2225       685        2910       8275       3815      12090      12090       1.12       0.33     10768.81   8866.14     12090   
31281159.00    2336       729        3065       8164       3771      11935      11935       1.12       0.34     10669.50   8965.46     11935   
31395742.00    2408       729        3137       8092       3771      11863      11863       1.12       0.35     10577.57   9057.38     11863   
31510325.00    2420       753        3173       8080       3747      11827      11827       1.12       0.35     10578.32   9056.64     11827   
31624908.00    2457       732        3189       8043       3768      11811      11811       1.11       0.35     10611.51   9023.45     11811   
31739491.00    2534       801        3335       7966       3699      11665      11665       1.11       0.37     10514.46   9120.50     11665   
31854074.00    2660       826        3486       7840       3674      11514      11514       1.12       0.37     10302.82   9332.13     11514   
31968657.00    2565       791        3356       7935       3709      11644      11644       1.12       0.36     10401.53   9233.42     11644   
32083240.00    2437       733        3170       8063       3767      11830      11830       1.12       0.35     10559.60   9075.36     11830   
32197823.00    2575       795        3370       7925       3705      11630      11630       1.12       0.36     10345.42   9289.53     11630   
32312406.00    2464       739        3203       8036       3761      11797      11797       1.12       0.35     10509.46   9125.50     11797   
32426989.00    2533       781        3314       7967       3719      11686      11686       1.13       0.36     10376.53   9258.43     11686   
32541572.00    2441       768        3209       8059       3732      11791      11791       1.13       0.35     10434.47   9200.48     11791   
32656155.00    2433       763        3196       8067       3737      11804      11804       1.13       0.35     10471.74   9163.22     11804   
32770738.00    2348       762        3110       8152       3738      11890      11890       1.13       0.34     10538.83   9096.12     11890   
32885321.00    2378       769        3147       8122       3731      11853      11853       1.13       0.34     10493.68   9141.27     11853   
32999904.00    2478       779        3257       8022       3721      11743      11743       1.13       0.35     10354.95   9280.01     11743   
33114487.00    2422       722        3144       8078       3778      11856      11856       1.13       0.34     10518.89   9116.07     11856   
33229070.00    2395       762        3157       8105       3738      11843      11843       1.13       0.35     10522.13   9112.82     11843   
33343653.00    2432       800        3232       8068       3700      11768      11768       1.12       0.35     10463.76   9171.19     11768   
33458236.00    2453       783        3236       8047       3717      11764      11764       1.12       0.35     10506.86   9128.10     11764   
33572819.00    2497       800        3297       8003       3700      11703      11703       1.12       0.36     10452.62   9182.34     11703   
33687402.00    2433       766        3199       8067       3734      11801      11801       1.12       0.35     10547.30   9087.65     11801   
33801985.00    2408       762        3170       8092       3738      11830      11830       1.12       0.35     10535.97   9098.98     11830   
33916568.00    2385       758        3143       8115       3742      11857      11857       1.12       0.35     10589.80   9045.16     11857   
34031151.00    2219       677        2896       8281       3823      12104      12104       1.12       0.33     10788.36   8846.59     12104   
34145734.00    2173       657        2830       8327       3843      12170      12170       1.12       0.32     10887.57   8747.38     12170   
34260317.00    2293       728        3021       8207       3772      11979      11979       1.11       0.34     10792.32   8842.63     11979   
34374900.00    2295       760        3055       8205       3740      11945      11945       1.11       0.34     10743.43   8891.53     11945   
34489483.00    2292       724        3016       8208       3776      11984      11984       1.11       0.34     10805.04   8829.92     11984   
34604066.00    2286       708        2994       8214       3792      12006      12006       1.11       0.34     10808.06   8826.90     12006   
34718649.00    2336       746        3082       8164       3754      11918      11918       1.11       0.35     10718.61   8916.35     11918   
34833232.00    2402       743        3145       8098       3757      11855      11855       1.12       0.35     10613.28   9021.68     11855   
34947815.00    2322       748        3070       8178       3752      11930      11930       1.12       0.34     10671.91   8963.04     11930   
35062398.00    2320       715        3035       8180       3785      11965      11965       1.12       0.34     10684.44   8950.52     11965   
35176981.00    2224       667        2891       8276       3833      12109      12109       1.12       0.33     10851.23   8783.73     12109   
35291564.00    2179       604        2783       8321       3896      12217      12217       1.11       0.32     10982.29   8652.66     12217   
35406147.00    2242       631        2873       8258       3869      12127      12127       1.11       0.33     10886.06   8748.90     12127   
35520730.00    2351       700        3051       8149       3800      11949      11949       1.11       0.34     10757.78   8877.17     11949   
35635313.00    2372       736        3108       8128       3764      11892      11892       1.11       0.35     10728.08   8906.88     11892   
35749896.00    2469       780        3249       8031       3720      11751      11751       1.11       0.36     10560.00   9074.95     11751   
35864479.00    2584       827        3411       7916       3673      11589      11589       1.12       0.37     10384.96   9250.00     11589   
35979062.00    2528       787        3315       7972       3713      11685      11685       1.11       0.36     10495.36   9139.59     11685   
36093645.00    2488       777        3265       8012       3723      11735      11735       1.11       0.36     10537.88   9097.08     11735   
36208228.00    2352       752        3104       8148       3748      11896      11896       1.11       0.35     10691.24   8943.71     11896   
36322811.00    2438       784        3222       8062       3716      11778      11778       1.12       0.35     10554.22   9080.74     11778   
36437394.00    2568       819        3387       7932       3681      11613      11613       1.11       0.37     10435.83   9199.13     11613   
36551977.00    2473       785        3258       8027       3715      11742      11742       1.10       0.36     10658.60   8976.35     11742   
36666560.00    2587       844        3431       7913       3656      11569      11569       1.10       0.38     10527.05   9107.90     11569   
36781143.00    2542       838        3380       7958       3662      11620      11620       1.11       0.37     10473.18   9161.78     11620   
36895726.00    2431       809        3240       8069       3691      11760      11760       1.11       0.36     10580.69   9054.27     11760   
37010309.00    2217       720        2937       8283       3780      12063      12063       1.12       0.33     10791.81   8843.14     12063   
37124892.00    2249       739        2988       8251       3761      12012      12012       1.12       0.34     10736.11   8898.85     12012   
37239475.00    2238       693        2931       8262       3807      12069      12069       1.12       0.33     10794.42   8840.54     12069   
37354058.00    2332       735        3067       8168       3765      11933      11933       1.11       0.34     10706.50   8928.45     11933   
37468641.00    2250       715        2965       8250       3785      12035      12035       1.12       0.33     10763.07   8871.88     12035   
37583224.00    2306       721        3027       8194       3779      11973      11973       1.12       0.34     10717.86   8917.09     11973   
37697807.00    2320       733        3053       8180       3767      11947      11947       1.12       0.34     10653.24   8981.72     11947   
37812390.00    2307       733        3040       8193       3767      11960      11960       1.11       0.34     10753.20   8881.76     11960   
37926973.00    2454       772        3226       8046       3728      11774      11774       1.12       0.36     10557.94   9077.01     11774   
38041556.00    2597       815        3412       7903       3685      11588      11588       1.12       0.37     10369.76   9265.20     11588   
38156139.00    2399       749        3148       8101       3751      11852      11852       1.12       0.35     10597.18   9037.77     11852   
38270722.00    2331       743        3074       8169       3757      11926      11926       1.12       0.34     10671.58   8963.38     11926   
38385305.00    2268       757        3025       8232       3743      11975      11975       1.12       0.34     10703.97   8930.99     11975   
38499888.00    2294       729        3023       8206       3771      11977      11977       1.11       0.34     10757.68   8877.27     11977   
38614471.00    2292       751        3043       8208       3749      11957      11957       1.12       0.34     10701.05   8933.91     11957   
38729054.00    2281       699        2980       8219       3801      12020      12020       1.11       0.34     10788.85   8846.10     12020   
38843637.00    2403       744        3147       8097       3756      11853      11853       1.12       0.35     10629.12   9005.83     11853   
38958220.00    2468       800        3268       8032       3700      11732      11732       1.11       0.36     10564.02   9070.94     11732   
39072803.00    2338       770        3108       8162       3730      11892      11892       1.12       0.35     10654.78   8980.17     11892   
39187386.00    2309       706        3015       8191       3794      11985      11985       1.12       0.34     10671.16   8963.79     11985   
39301969.00    2225       713        2938       8275       3787      12062      12062       1.12       0.33     10804.87   8830.09     12062   
39416552.00    2326       762        3088       8174       3738      11912      11912       1.12       0.34     10647.30   8987.65     11912   
39531135.00    2441       800        3241       8059       3700      11759      11759       1.12       0.36     10506.86   9128.09     11759   
39645718.00    2347       765        3112       8153       3735      11888      11888       1.11       0.35     10669.32   8965.63     11888   
39760301.00    2372       724        3096       8128       3776      11904      11904       1.12       0.34     10644.28   8990.67     11904   
39874884.00    2373       751        3124       8127       3749      11876      11876       1.12       0.35     10598.06   9036.90     11876   
39989467.00    2227       694        2921       8273       3806      12079      12079       1.13       0.33     10735.59   8899.37     12079   
40104050.00    2034       644        2678       8466       3856      12322      12322       1.12       0.31     10991.78   8643.17     12322   
40218633.00    2024       617        2641       8476       3883      12359      12359       1.11       0.31     11117.19   8517.76     12359   
40333216.00    2039       651        2690       8461       3849      12310      12310       1.11       0.31     11090.82   8544.13     12310   
40447799.00    2069       671        2740       8431       3829      12260      12260       1.11       0.32     11065.44   8569.52     12260   
40562382.00    2224       738        2962       8276       3762      12038      12038       1.11       0.34     10843.37   8791.58     12038   
40676965.00    2286       757        3043       8214       3743      11957      11957       1.11       0.34     10757.57   8877.38     11957   
40791548.00    2200       747        2947       8300       3753      12053      12053       1.11       0.34     10843.93   8791.03     12053   
40906131.00    2305       775        3080       8195       3725      11920      11920       1.11       0.35     10787.23   8847.72     11920   
41020714.00    2415       805        3220       8085       3695      11780      11780       1.11       0.36     10642.76   8992.19     11780   
41135297.00    2406       774        3180       8094       3726      11820      11820       1.11       0.35     10656.54   8978.41     11820   
41249880.00    2278       770        3048       8222       3730      11952      11952       1.10       0.35     10822.94   8812.01     11952   
41364463.00    2335       721        3056       8165       3779      11944      11944       1.11       0.35     10801.68   8833.27     11944   
41479046.00    2383       715        3098       8117       3785      11902      11902       1.11       0.35     10757.26   8877.70     11902   
41593629.00    2438       720        3158       8062       3780      11842      11842       1.11       0.35     10668.58   8966.37     11842   
41708212.00    2414       729        3143       8086       3771      11857      11857       1.12       0.35     10628.06   9006.89     11857   
41822795.00    2433       750        3183       8067       3750      11817      11817       1.12       0.35     10560.88   9074.07     11817   
41937378.00    2368       749        3117       8132       3751      11883      11883       1.12       0.35     10642.35   8992.60     11883   
42051961.00    2277       693        2970       8223       3807      12030      12030       1.12       0.34     10784.52   8850.44     12030   
42166544.00    2541       831        3372       7959       3669      11628      11628       1.12       0.36     10364.82   9270.13     11628   
42281127.00    2491       795        3286       8009       3705      11714      11714       1.12       0.36     10475.66   9159.29     11714   
42395710.00    2420       785        3205       8080       3715      11795      11795       1.12       0.35     10529.46   9105.49     11795   
42510293.00    2228       737        2965       8272       3763      12035      12035       1.12       0.33     10761.60   8873.36     12035   
42624876.00    2266       709        2975       8234       3791      12025      12025       1.12       0.33     10731.16   8903.80     12025   
42739459.00    2189       673        2862       8311       3827      12138      12138       1.12       0.33     10860.70   8774.26     12138   
42854042.00    2200       685        2885       8300       3815      12115      12115       1.12       0.33     10833.12   8801.83     12115   
42968625.00    2173       678        2851       8327       3822      12149      12149       1.11       0.33     10898.07   8736.89     12149   
43083208.00    2326       750        3076       8174       3750      11924      11924       1.11       0.35     10728.66   8906.30     11924   
43197791.00    2436       810        3246       8064       3690      11754      11754       1.12       0.36     10518.42   9116.53     11754   
43312374.00    2400       762        3162       8100       3738      11838      11838       1.13       0.35     10493.38   9141.58     11838   
43426957.00    2390       760        3150       8110       3740      11850      11850       1.12       0.35     10567.01   9067.94     11850   
43541540.00    2333       739        3072       8167       3761      11928      11928       1.12       0.34     10620.74   9014.21     11928   
43656123.00    2355       744        3099       8145       3756      11901      11901       1.12       0.34     10626.98   9007.98     11901   
43770706.00    2362       732        3094       8138       3768      11906      11906       1.12       0.34     10621.34   9013.61     11906   
43885289.00    2259       697        2956       8241       3803      12044      12044       1.12       0.33     10711.71   8923.25     12044   
43999872.00    2319       711        3030       8181       3789      11970      11970       1.12       0.34     10704.88   8930.08     11970   
44114455.00    2263       706        2969       8237       3794      12031      12031       1.11       0.34     10796.55   8838.41     12031   
44229038.00    2226       671        2897       8274       3829      12103      12103       1.11       0.33     10878.96   8755.99     12103   
44343621.00    2209       727        2936       8291       3773      12064      12064       1.12       0.33     10757.54   8877.41     12064   
44458204.00    2153       686        2839       8347       3814      12161      12161       1.12       0.32     10820.16   8814.80     12161   
44572787.00    2039       651        2690       8461       3849      12310      12310       1.12       0.31     11005.22   8629.74     12310   
44687370.00    2022       607        2629       8478       3893      12371      12371       1.12       0.31     11029.14   8605.82     12371   
44801953.00    2015       626        2641       8485       3874      12359      12359       1.12       0.31     11059.69   8575.27     12359   
44916536.00    2071       656        2727       8429       3844      12273      12273       1.12       0.31     10947.24   8687.72     12273   
45031119.00    2060       664        2724       8440       3836      12276      12276       1.12       0.32     11002.55   8632.40     12276   
45145702.00    2162       704        2866       8338       3796      12134      12134       1.11       0.33     10936.35   8698.60     12134   
45260285.00    2429       809        3238       8071       3691      11762      11762       1.11       0.36     10628.36   9006.60     11762   
45374868.00    2425       792        3217       8075       3708      11783      11783       1.11       0.36     10644.69   8990.27     11783   
45489451.00    2408       779        3187       8092       3721      11813      11813       1.11       0.36     10667.26   8967.69     11813   
45604034.00    2414       814        3228       8086       3686      11772      11772       1.11       0.36     10633.07   9001.88     11772   
45718617.00    2457       826        3283       8043       3674      11717      11717       1.11       0.36     10589.85   9045.10     11717   
45833200.00    2349       788        3137       8151       3712      11863      11863       1.11       0.35     10671.96   8962.99     11863   
