 Timestep    Gas_A      Gas_B     Gas_tot    Dense_A    Dense_B   Dense_tot   Lg_clust  DP_density GP_density Clust_area  Gas_area     MCS    
   0.00       6000       9000      15000        0          0          0          6         0.00       0.76       0.00     19634.96      0     
114583.00     6000       9000      15000        0          0          0         934        0.00       0.76       0.00     19634.96      0     
229166.00     4656       6923      11579       1344       2077       3421       1210       0.97       0.72     3541.29    16093.67     1140   
343749.00     3433       4802       8235       2567       4198       6765       1901       1.00       0.64     6796.14    12838.81     1691   
458332.00     2795       3654       6449       3205       5346       8551       4200       1.03       0.57     8288.14    11346.82     2137   
572915.00     2475       3019       5494       3525       5981       9506       4287       1.05       0.52     9053.17    10581.79     2376   
687498.00     3122       4158       7280       2878       4842       7720       4621       1.09       0.58     7093.26    12541.70     2573   
802081.00     2178       2598       4776       3822       6402      10224       7912       1.08       0.47     9481.33    10153.62     5112   
916664.00     2027       2257       4284       3973       6743      10716       8423       1.09       0.44     9842.48    9792.47      5358   
1031247.00    1758       1897       3655       4242       7103      11345       8816       1.09       0.40     10406.82   9228.14      5672   
1145830.00    1618       1739       3357       4382       7261      11643       9161       1.10       0.37     10631.05   9003.91      5821   
1260413.00    1514       1709       3223       4486       7291      11777       6722       1.09       0.36     10759.90   8875.05      3925   
1374996.00    1465       1612       3077       4535       7388      11923       7045       1.11       0.35     10783.72   8851.23      3974   
1489579.00    1428       1549       2977       4572       7451      12023       7115       1.10       0.34     10890.95   8744.01      6011   
1604162.00    1479       1665       3144       4521       7335      11856       7032       1.11       0.35     10709.17   8925.78      3952   
1718745.00    1436       1520       2956       4564       7480      12044       7218       1.11       0.34     10895.01   8739.94      4014   
1833328.00    1438       1556       2994       4562       7444      12006       7100       1.11       0.34     10796.04   8838.91      4002   
1947911.00    1457       1551       3008       4543       7449      11992       7084       1.11       0.34     10815.11   8819.85      3997   
2062494.00    1406       1430       2836       4594       7570      12164       7181       1.10       0.33     11031.31   8603.65      4054   
2177077.00    1534       1678       3212       4466       7322      11788       7155       1.10       0.36     10668.35   8966.61      3929   
2291660.00    1482       1618       3100       4518       7382      11900       7270       1.11       0.35     10766.79   8868.16      3966   
2406243.00    1493       1607       3100       4507       7393      11900       7323       1.10       0.35     10782.30   8852.65      3966   
2520826.00    1469       1546       3015       4531       7454      11985       7476       1.11       0.34     10840.28   8794.67      3995   
2635409.00    1498       1576       3074       4502       7424      11926       7460       1.11       0.35     10741.08   8893.88      3975   
2749992.00    1466       1567       3033       4534       7433      11967       7610       1.11       0.34     10792.20   8842.75      3989   
2864575.00    1389       1460       2849       4611       7540      12151       7750       1.11       0.33     10985.82   8649.13      4050   
2979158.00    1447       1510       2957       4553       7490      12043       7724       1.11       0.34     10892.25   8742.70      4014   
3093741.00    1577       1761       3338       4423       7239      11662      10337       1.11       0.37     10543.66   9091.30      5831   
3208324.00    1494       1641       3135       4506       7359      11865      10496       1.11       0.35     10716.72   8918.24      5932   
3322907.00    1384       1509       2893       4616       7491      12107      10767       1.11       0.33     10919.21   8715.75      6053   
3437490.00    1350       1446       2796       4650       7554      12204      10794       1.11       0.32     10979.20   8655.76      6102   
3552073.00    1331       1352       2683       4669       7648      12317      12317       1.11       0.31     11101.00   8533.95     12317   
3666656.00    1421       1468       2889       4579       7532      12111      12111       1.11       0.33     10920.24   8714.71     12111   
3781239.00    1357       1440       2797       4643       7560      12203      12203       1.11       0.32     11021.79   8613.16     12203   
3895822.00    1337       1461       2798       4663       7539      12202      12202       1.10       0.33     11048.34   8586.61     12202   
4010405.00    1467       1561       3028       4533       7439      11972      10636       1.10       0.35     10876.90   8758.06      5986   
4124988.00    1629       1824       3453       4371       7176      11547      10208       1.10       0.38     10455.70   9179.25      5773   
4239571.00    1606       1776       3382       4394       7224      11618      10465       1.11       0.37     10513.74   9121.21      5809   
4354154.00    2053       2446       4499       3947       6554      10501      10501       1.12       0.44     9380.97    10253.99    10501   
4468737.00    2195       2785       4980       3805       6215      10020      10020       1.12       0.47     8960.42    10674.54    10020   
4583320.00    1945       2314       4259       4055       6686      10741      10741       1.11       0.43     9655.25    9979.70     10741   
4697903.00    2182       2790       4972       3818       6210      10028      10028       1.12       0.46     8915.37    10719.58    10028   
4812486.00    2098       2537       4635       3902       6463      10365      10365       1.13       0.44     9200.38    10434.57    10365   
4927069.00    2000       2352       4352       4000       6648      10648      10648       1.13       0.43     9402.32    10232.64    10648   
5041652.00    1877       2184       4061       4123       6816      10939      10939       1.12       0.41     9742.98    9891.98     10939   
5156235.00    1787       2063       3850       4213       6937      11150      11150       1.13       0.39     9876.55    9758.40     11150   
5270818.00    1678       1971       3649       4322       7029      11351      11351       1.13       0.38     10015.86   9619.10     11351   
5385401.00    1644       1894       3538       4356       7106      11462      11462       1.13       0.37     10104.09   9530.86     11462   
5499984.00    1582       1718       3300       4418       7282      11700      11700       1.13       0.36     10395.28   9239.68     11700   
5614567.00    1641       1772       3413       4359       7228      11587      11587       1.13       0.37     10289.94   9345.02     11587   
5729150.00    1598       1737       3335       4402       7263      11665      11665       1.12       0.36     10400.34   9234.62     11665   
5843733.00    1623       1824       3447       4377       7176      11553      11553       1.12       0.37     10299.96   9335.00     11553   
5958316.00    1632       1881       3513       4368       7119      11487      11487       1.12       0.37     10221.70   9413.25     11487   
6072899.00    1573       1776       3349       4427       7224      11651      11651       1.13       0.36     10344.93   9290.02     11651   
6187482.00    1590       1760       3350       4410       7240      11650      11650       1.13       0.36     10272.20   9362.75     11650   
6302065.00    1538       1701       3239       4462       7299      11761      11761       1.13       0.35     10388.31   9246.65     11761   
6416648.00    1574       1707       3281       4426       7293      11719      11719       1.14       0.35     10271.66   9363.30     11719   
6531231.00    1463       1524       2987       4537       7476      12013      12013       1.14       0.33     10549.66   9085.30     12013   
6645814.00    1392       1517       2909       4608       7483      12091      12091       1.14       0.32     10632.97   9001.98     12091   
6760397.00    1340       1436       2776       4660       7564      12224      12224       1.13       0.31     10820.90   8814.06     12224   
6874980.00    1391       1420       2811       4609       7580      12189      12189       1.13       0.32     10767.53   8867.42     12189   
6989563.00    1438       1554       2992       4562       7446      12008      12008       1.13       0.33     10616.94   9018.01     12008   
7104146.00    1396       1485       2881       4604       7515      12119      12119       1.13       0.32     10705.91   8929.04     12119   
7218729.00    1334       1454       2788       4666       7546      12212      12212       1.14       0.31     10750.55   8884.40     12212   
7333312.00    1333       1416       2749       4667       7584      12251      12251       1.13       0.31     10827.82   8807.14     12251   
7447895.00    1285       1357       2642       4715       7643      12358      12358       1.14       0.30     10876.88   8758.07     12358   
7562478.00    1239       1364       2603       4761       7636      12397      12397       1.14       0.30     10884.74   8750.21     12397   
7677061.00    1261       1293       2554       4739       7707      12446      12446       1.13       0.30     11010.10   8624.85     12446   
7791644.00    1202       1182       2384       4798       7818      12616      12616       1.12       0.28     11222.76   8412.19     12616   
7906227.00    1238       1191       2429       4762       7809      12571      12571       1.12       0.29     11198.62   8436.33     12571   
8020810.00    1299       1343       2642       4701       7657      12358      12358       1.12       0.31     11003.88   8631.08     12358   
8135393.00    1306       1360       2666       4694       7640      12334      12334       1.13       0.31     10953.22   8681.73     12334   
8249976.00    1335       1425       2760       4665       7575      12240      12240       1.12       0.32     10969.12   8665.83     12240   
8364559.00    1348       1394       2742       4652       7606      12258      12258       1.12       0.32     10985.48   8649.47     12258   
8479142.00    1389       1478       2867       4611       7522      12133      12133       1.12       0.33     10819.91   8815.04     12133   
8593725.00    1277       1374       2651       4723       7626      12349      12349       1.13       0.31     10973.56   8661.40     12349   
8708308.00    1307       1411       2718       4693       7589      12282      12282       1.12       0.31     10920.34   8714.61     12282   
8822891.00    1285       1374       2659       4715       7626      12341      12341       1.12       0.31     10982.87   8652.09     12341   
8937474.00    1318       1432       2750       4682       7568      12250      12250       1.12       0.32     10917.32   8717.63     12250   
9052057.00    1252       1309       2561       4748       7691      12439      12439       1.12       0.30     11153.65   8481.31     12439   
9166640.00    1356       1452       2808       4644       7548      12192      12192       1.12       0.32     10866.20   8768.75     12192   
9281223.00    1379       1466       2845       4621       7534      12155      12155       1.11       0.33     10923.84   8711.12     12155   
9395806.00    1461       1566       3027       4539       7434      11973      11973       1.12       0.34     10684.00   8950.96     11973   
9510389.00    1537       1698       3235       4463       7302      11765      11765       1.12       0.35     10516.24   9118.71     11765   
9624972.00    1533       1679       3212       4467       7321      11788      11788       1.12       0.35     10504.38   9130.58     11788   
9739555.00    1500       1631       3131       4500       7369      11869      11869       1.12       0.35     10613.03   9021.92     11869   
9854138.00    1635       1880       3515       4365       7120      11485      11485       1.13       0.37     10190.39   9444.56     11485   
9968721.00    1717       1887       3604       4283       7113      11396      11396       1.13       0.38     10051.36   9583.59     11396   
10083304.00    1599       1676       3275       4401       7324      11725      11725       1.13       0.35     10371.79   9263.16     11725   
10197887.00    1529       1629       3158       4471       7371      11842      11842       1.13       0.34     10451.54   9183.41     11842   
10312470.00    1481       1553       3034       4519       7447      11966      11966       1.14       0.33     10487.73   9147.23     11966   
10427053.00    1364       1471       2835       4636       7529      12165      12165       1.14       0.32     10702.00   8932.96     12165   
10541636.00    1375       1386       2761       4625       7614      12239      12239       1.14       0.31     10746.30   8888.65     12239   
10656219.00    1396       1399       2795       4604       7601      12205      12205       1.14       0.31     10705.05   8929.91     12205   
10770802.00    1412       1404       2816       4588       7596      12184      12184       1.15       0.31     10603.86   9031.09     12184   
10885385.00    1337       1326       2663       4663       7674      12337      12337       1.15       0.30     10730.27   8904.69     12337   
10999968.00    1379       1392       2771       4621       7608      12229      12229       1.15       0.31     10621.67   9013.29     12229   
11114551.00    1334       1296       2630       4666       7704      12370      12370       1.15       0.30     10747.11   8887.85     12370   
11229134.00    1268       1228       2496       4732       7772      12504      12504       1.14       0.29     10973.13   8661.82     12504   
11343717.00    1208       1236       2444       4792       7764      12556      12556       1.14       0.28     10982.64   8652.32     12556   
11458300.00    1190       1182       2372       4810       7818      12628      12628       1.14       0.28     11043.62   8591.33     12628   
11572883.00    1162       1162       2324       4838       7838      12676      12676       1.15       0.27     11066.73   8568.22     12676   
11687466.00    1148       1141       2289       4852       7859      12711      12711       1.15       0.27     11089.89   8545.06     12711   
11802049.00    1128       1148       2276       4872       7852      12724      12724       1.14       0.27     11114.72   8520.23     12724   
11916632.00    1156       1158       2314       4844       7842      12686      12686       1.14       0.27     11100.74   8534.21     12686   
12031215.00    1147       1197       2344       4853       7803      12656      12656       1.14       0.27     11063.32   8571.63     12656   
12145798.00    1182       1198       2380       4818       7802      12620      12620       1.14       0.28     11080.40   8554.55     12620   
12260381.00    1180       1246       2426       4820       7754      12574      12574       1.14       0.28     11028.07   8606.88     12574   
12374964.00    1229       1247       2476       4771       7753      12524      12524       1.14       0.29     10954.08   8680.88     12524   
12489547.00    1142       1172       2314       4858       7828      12686      12686       1.14       0.27     11119.92   8515.04     12686   
12604130.00    1123       1163       2286       4877       7837      12714      12714       1.14       0.27     11168.81   8466.14     12714   
12718713.00    1118       1167       2285       4882       7833      12715      12715       1.14       0.27     11202.62   8432.34     12715   
12833296.00    1087       1199       2286       4913       7801      12714      12714       1.13       0.27     11247.87   8387.09     12714   
12947879.00    1088       1096       2184       4912       7904      12816      12816       1.13       0.26     11346.58   8288.38     12816   
13062462.00    1106       1165       2271       4894       7835      12729      12729       1.13       0.27     11240.35   8394.60     12729   
13177045.00    1087       1179       2266       4913       7821      12734      12734       1.13       0.27     11314.17   8320.78     12734   
13291628.00    1123       1263       2386       4877       7737      12614      12614       1.13       0.28     11208.52   8426.44     12614   
13406211.00    1147       1282       2429       4853       7718      12571      12571       1.12       0.29     11197.86   8437.09     12571   
13520794.00    1194       1294       2488       4806       7706      12512      12512       1.12       0.29     11129.18   8505.78     12512   
13635377.00    1282       1355       2637       4718       7645      12363      12363       1.13       0.30     10929.03   8705.93     12363   
13749960.00    1313       1424       2737       4687       7576      12263      12263       1.14       0.31     10757.71   8877.24     12263   
13864543.00    1262       1376       2638       4738       7624      12362      12362       1.14       0.30     10861.46   8773.49     12362   
13979126.00    1335       1363       2698       4665       7637      12302      12302       1.14       0.31     10797.20   8837.75     12302   
14093709.00    1325       1384       2709       4675       7616      12291      12291       1.14       0.31     10764.75   8870.20     12291   
14208292.00    1266       1288       2554       4734       7712      12446      12446       1.13       0.29     10975.72   8659.24     12446   
14322875.00    1264       1242       2506       4736       7758      12494      12494       1.14       0.29     11004.99   8629.97     12494   
14437458.00    1247       1277       2524       4753       7723      12476      12476       1.14       0.29     10939.09   8695.86     12476   
14552041.00    1320       1373       2693       4680       7627      12307      12307       1.14       0.30     10752.83   8882.12     12307   
14666624.00    1325       1349       2674       4675       7651      12326      12326       1.14       0.30     10854.12   8780.84     12326   
14781207.00    1303       1375       2678       4697       7625      12322      12322       1.14       0.30     10820.94   8814.01     12322   
14895790.00    1281       1342       2623       4719       7658      12377      12377       1.14       0.30     10849.71   8785.24     12377   
15010373.00    1188       1204       2392       4812       7796      12608      12608       1.14       0.28     11016.02   8618.93     12608   
15124956.00    1199       1224       2423       4801       7776      12577      12577       1.15       0.28     10981.95   8653.01     12577   
15239539.00    1208       1258       2466       4792       7742      12534      12534       1.15       0.28     10940.83   8694.12     12534   
15354122.00    1280       1317       2597       4720       7683      12403      12403       1.14       0.30     10841.38   8793.58     12403   
15468705.00    1297       1291       2588       4703       7709      12412      12412       1.14       0.29     10844.46   8790.49     12412   
15583288.00    1341       1405       2746       4659       7595      12254      12254       1.15       0.31     10695.56   8939.40     12254   
15697871.00    1357       1435       2792       4643       7565      12208      12208       1.16       0.31     10560.71   9074.25     12208   
15812454.00    1300       1357       2657       4700       7643      12343      12343       1.15       0.30     10703.94   8931.01     12343   
15927037.00    1259       1212       2471       4741       7788      12529      12529       1.14       0.29     10978.19   8656.76     12529   
16041620.00    1262       1209       2471       4738       7791      12529      12529       1.14       0.29     10992.27   8642.68     12529   
16156203.00    1301       1297       2598       4699       7703      12402      12402       1.14       0.30     10865.64   8769.32     12402   
16270786.00    1294       1296       2590       4706       7704      12410      12410       1.14       0.30     10872.90   8762.06     12410   
16385369.00    1241       1295       2536       4759       7705      12464      12464       1.14       0.29     10959.71   8675.24     12464   
16499952.00    1297       1378       2675       4703       7622      12325      12325       1.15       0.30     10763.65   8871.31     12325   
16614535.00    1316       1370       2686       4684       7630      12314      12314       1.15       0.30     10754.01   8880.94     12314   
16729118.00    1307       1343       2650       4693       7657      12350      12350       1.15       0.30     10754.17   8880.79     12350   
16843701.00    1333       1394       2727       4667       7606      12273      12273       1.15       0.30     10686.31   8948.65     12273   
16958284.00    1245       1315       2560       4755       7685      12440      12440       1.15       0.29     10778.93   8856.02     12440   
17072867.00    1262       1293       2555       4738       7707      12445      12445       1.16       0.29     10759.42   8875.53     12445   
17187450.00    1242       1320       2562       4758       7680      12438      12438       1.16       0.29     10761.80   8873.16     12438   
17302033.00    1233       1311       2544       4767       7689      12456      12456       1.16       0.29     10762.99   8871.97     12456   
17416616.00    1190       1242       2432       4810       7758      12568      12568       1.15       0.28     10942.32   8692.63     12568   
17531199.00    1191       1233       2424       4809       7767      12576      12576       1.15       0.28     10968.35   8666.60     12576   
17645782.00    1166       1240       2406       4834       7760      12594      12594       1.14       0.28     11004.42   8630.54     12594   
17760365.00    1215       1296       2511       4785       7704      12489      12489       1.14       0.29     10913.88   8721.07     12489   
17874948.00    1183       1266       2449       4817       7734      12551      12551       1.14       0.28     11013.91   8621.04     12551   
17989531.00    1228       1343       2571       4772       7657      12429      12429       1.14       0.29     10909.18   8725.78     12429   
18104114.00    1262       1350       2612       4738       7650      12388      12388       1.14       0.30     10819.23   8815.73     12388   
18218697.00    1174       1286       2460       4826       7714      12540      12540       1.15       0.28     10927.57   8707.39     12540   
18333280.00    1206       1268       2474       4794       7732      12526      12526       1.15       0.28     10917.26   8717.70     12526   
18447863.00    1214       1259       2473       4786       7741      12527      12527       1.14       0.29     11025.36   8609.59     12527   
18562446.00    1237       1340       2577       4763       7660      12423      12423       1.14       0.30     10920.21   8714.75     12423   
18677029.00    1225       1310       2535       4775       7690      12465      12465       1.14       0.29     10964.32   8670.64     12465   
18791612.00    1193       1316       2509       4807       7684      12491      12491       1.14       0.29     10975.59   8659.36     12491   
18906195.00    1256       1327       2583       4744       7673      12417      12417       1.14       0.30     10936.59   8698.36     12417   
19020778.00    1293       1414       2707       4707       7586      12293      12293       1.13       0.31     10876.01   8758.94     12293   
19135361.00    1332       1452       2784       4668       7548      12216      12216       1.13       0.32     10802.29   8832.66     12216   
19249944.00    1293       1415       2708       4707       7585      12292      12292       1.13       0.31     10844.15   8790.81     12292   
19364527.00    1332       1485       2817       4668       7515      12183      12183       1.13       0.32     10750.30   8884.66     12183   
19479110.00    1340       1490       2830       4660       7510      12170      12170       1.14       0.31     10644.69   8990.27     12170   
19593693.00    1333       1426       2759       4667       7574      12241      12241       1.15       0.31     10688.53   8946.42     12241   
19708276.00    1306       1473       2779       4694       7527      12221      12221       1.15       0.31     10595.17   9039.79     12221   
19822859.00    1231       1324       2555       4769       7676      12445      12445       1.15       0.29     10795.96   8838.99     12445   
19937442.00    1236       1288       2524       4764       7712      12476      12476       1.15       0.29     10824.73   8810.22     12476   
20052025.00    1244       1282       2526       4756       7718      12474      12474       1.15       0.29     10815.01   8819.95     12474   
20166608.00    1179       1231       2410       4821       7769      12590      12590       1.15       0.28     10962.17   8672.79     12590   
20281191.00    1189       1195       2384       4811       7805      12616      12616       1.14       0.28     11047.10   8587.86     12616   
20395774.00    1244       1294       2538       4756       7706      12462      12462       1.14       0.29     10907.59   8727.36     12462   
20510357.00    1247       1310       2557       4753       7690      12443      12443       1.14       0.29     10880.11   8754.85     12443   
20624940.00    1223       1297       2520       4777       7703      12480      12480       1.15       0.29     10888.65   8746.30     12480   
20739523.00    1214       1264       2478       4786       7736      12522      12522       1.15       0.28     10916.15   8718.80     12522   
20854106.00    1190       1247       2437       4810       7753      12563      12563       1.14       0.28     11012.90   8622.05     12563   
20968689.00    1223       1223       2446       4777       7777      12554      12554       1.14       0.29     11058.86   8576.09     12554   
21083272.00    1383       1471       2854       4617       7529      12146      12146       1.13       0.32     10710.82   8924.13     12146   
21197855.00    1400       1505       2905       4600       7495      12095      12095       1.13       0.32     10664.02   8970.94     12095   
21312438.00    1398       1548       2946       4602       7452      12054      12054       1.14       0.33     10601.21   9033.74     12054   
21427021.00    1331       1455       2786       4669       7545      12214      12214       1.14       0.31     10726.67   8908.29     12214   
21541604.00    1352       1473       2825       4648       7527      12175      12175       1.14       0.32     10692.13   8942.82     12175   
21656187.00    1296       1400       2696       4704       7600      12304      12304       1.14       0.30     10793.57   8841.39     12304   
21770770.00    1310       1365       2675       4690       7635      12325      12325       1.14       0.30     10825.16   8809.79     12325   
21885353.00    1364       1415       2779       4636       7585      12221      12221       1.14       0.31     10710.04   8924.91     12221   
21999936.00    1330       1347       2677       4670       7653      12323      12323       1.13       0.31     10863.14   8771.81     12323   
22114519.00    1375       1425       2800       4625       7575      12200      12200       1.14       0.31     10721.55   8913.40     12200   
22229102.00    1292       1314       2606       4708       7686      12394      12394       1.13       0.30     10926.25   8708.71     12394   
22343685.00    1259       1285       2544       4741       7715      12456      12456       1.13       0.29     10978.30   8656.65     12456   
22458268.00    1253       1319       2572       4747       7681      12428      12428       1.14       0.30     10940.98   8693.97     12428   
22572851.00    1297       1334       2631       4703       7666      12369      12369       1.14       0.30     10835.02   8799.94     12369   
22687434.00    1313       1362       2675       4687       7638      12325      12325       1.14       0.30     10790.38   8844.58     12325   
22802017.00    1378       1492       2870       4622       7508      12130      12130       1.13       0.32     10691.38   8943.58     12130   
22916600.00    1455       1590       3045       4545       7410      11955      11955       1.14       0.33     10505.45   9129.51     11955   
23031183.00    1385       1543       2928       4615       7457      12072      12072       1.14       0.32     10555.24   9079.72     12072   
23145766.00    1351       1501       2852       4649       7499      12148      12148       1.15       0.32     10593.08   9041.87     12148   
23260349.00    1277       1389       2666       4723       7611      12334      12334       1.15       0.30     10742.44   8892.52     12334   
23374932.00    1265       1334       2599       4735       7666      12401      12401       1.15       0.29     10782.20   8852.75     12401   
23489515.00    1224       1305       2529       4776       7695      12471      12471       1.15       0.29     10865.60   8769.36     12471   
23604098.00    1252       1374       2626       4748       7626      12374      12374       1.14       0.30     10810.95   8824.01     12374   
23718681.00    1228       1329       2557       4772       7671      12443      12443       1.14       0.29     10878.27   8756.68     12443   
23833264.00    1224       1348       2572       4776       7652      12428      12428       1.14       0.29     10868.31   8766.65     12428   
23947847.00    1256       1337       2593       4744       7663      12407      12407       1.14       0.30     10870.99   8763.97     12407   
24062430.00    1282       1369       2651       4718       7631      12349      12349       1.14       0.30     10820.45   8814.50     12349   
24177013.00    1306       1375       2681       4694       7625      12319      12319       1.14       0.30     10772.16   8862.79     12319   
24291596.00    1296       1356       2652       4704       7644      12348      12348       1.15       0.30     10759.12   8875.83     12348   
24406179.00    1269       1373       2642       4731       7627      12358      12358       1.15       0.30     10710.35   8924.61     12358   
24520762.00    1265       1321       2586       4735       7679      12414      12414       1.16       0.29     10746.02   8888.93     12414   
24635345.00    1219       1303       2522       4781       7697      12478      12478       1.15       0.29     10863.47   8771.48     12478   
24749928.00    1265       1307       2572       4735       7693      12428      12428       1.16       0.29     10740.79   8894.16     12428   
24864511.00    1225       1252       2477       4775       7748      12523      12523       1.14       0.29     10957.35   8677.61     12523   
24979094.00    1230       1248       2478       4770       7752      12522      12522       1.14       0.29     10973.76   8661.20     12522   
25093677.00    1211       1209       2420       4789       7791      12580      12580       1.14       0.28     11032.07   8602.88     12580   
25208260.00    1256       1252       2508       4744       7748      12492      12492       1.14       0.29     10925.24   8709.71     12492   
25322843.00    1332       1340       2672       4668       7660      12328      12328       1.14       0.30     10785.82   8849.13     12328   
25437426.00    1285       1353       2638       4715       7647      12362      12362       1.14       0.30     10809.47   8825.49     12362   
25552009.00    1329       1435       2764       4671       7565      12236      12236       1.15       0.31     10656.51   8978.45     12236   
25666592.00    1285       1365       2650       4715       7635      12350      12350       1.15       0.30     10744.83   8890.12     12350   
25781175.00    1311       1389       2700       4689       7611      12300      12300       1.15       0.30     10700.92   8934.04     12300   
25895758.00    1280       1337       2617       4720       7663      12383      12383       1.15       0.30     10786.59   8848.37     12383   
26010341.00    1250       1288       2538       4750       7712      12462      12462       1.15       0.29     10829.89   8805.07     12462   
26124924.00    1230       1225       2455       4770       7775      12545      12545       1.15       0.28     10909.60   8725.36     12545   
26239507.00    1196       1199       2395       4804       7801      12605      12605       1.15       0.28     10954.33   8680.62     12605   
26354090.00    1141       1161       2302       4859       7839      12698      12698       1.15       0.27     11075.67   8559.28     12698   
26468673.00    1154       1166       2320       4846       7834      12680      12680       1.14       0.27     11111.77   8523.19     12680   
26583256.00    1177       1174       2351       4823       7826      12649      12649       1.14       0.27     11066.93   8568.03     12649   
26697839.00    1173       1202       2375       4827       7798      12625      12625       1.15       0.28     11011.26   8623.70     12625   
26812422.00    1154       1145       2299       4846       7855      12701      12701       1.15       0.27     11090.48   8544.48     12701   
26927005.00    1181       1152       2333       4819       7848      12667      12667       1.14       0.27     11071.31   8563.65     12667   
27041588.00    1237       1287       2524       4763       7713      12476      12476       1.14       0.29     10923.61   8711.34     12476   
27156171.00    1193       1240       2433       4807       7760      12567      12567       1.14       0.28     10983.53   8651.43     12567   
27270754.00    1181       1214       2395       4819       7786      12605      12605       1.14       0.28     11092.48   8542.47     12605   
27385337.00    1158       1200       2358       4842       7800      12642      12642       1.13       0.28     11173.95   8461.00     12642   
27499920.00    1157       1281       2438       4843       7719      12562      12562       1.13       0.29     11082.91   8552.04     12562   
27614503.00    1247       1342       2589       4753       7658      12411      12411       1.14       0.30     10919.89   8715.06     12411   
27729086.00    1265       1316       2581       4735       7684      12419      12419       1.14       0.29     10867.59   8767.36     12419   
27843669.00    1199       1262       2461       4801       7738      12539      12539       1.15       0.28     10945.75   8689.20     12539   
27958252.00    1246       1308       2554       4754       7692      12446      12446       1.15       0.29     10856.54   8778.41     12446   
28072835.00    1405       1523       2928       4595       7477      12072      12072       1.14       0.32     10544.06   9090.90     12072   
28187418.00    1418       1517       2935       4582       7483      12065      12065       1.14       0.32     10548.65   9086.30     12065   
28302001.00    1351       1521       2872       4649       7479      12128      12128       1.14       0.32     10599.19   9035.76     12128   
28416584.00    1370       1508       2878       4630       7492      12122      12122       1.14       0.32     10638.01   8996.94     12122   
28531167.00    1367       1487       2854       4633       7513      12146      12146       1.14       0.32     10632.70   9002.25     12146   
28645750.00    1314       1429       2743       4686       7571      12257      12257       1.14       0.31     10731.13   8903.83     12257   
28760333.00    1272       1376       2648       4728       7624      12352      12352       1.15       0.30     10720.88   8914.07     12352   
28874916.00    1220       1283       2503       4780       7717      12497      12497       1.15       0.29     10855.11   8779.85     12497   
28989499.00    1244       1293       2537       4756       7707      12463      12463       1.15       0.29     10845.09   8789.87     12463   
29104082.00    1262       1304       2566       4738       7696      12434      12434       1.15       0.29     10837.11   8797.85     12434   
29218665.00    1229       1243       2472       4771       7757      12528      12528       1.15       0.28     10924.24   8710.71     12528   
29333248.00    1230       1271       2501       4770       7729      12499      12499       1.15       0.28     10858.55   8776.40     12499   
29447831.00    1170       1195       2365       4830       7805      12635      12635       1.14       0.28     11065.07   8569.89     12635   
29562414.00    1225       1309       2534       4775       7691      12466      12466       1.14       0.29     10936.07   8698.88     12466   
29676997.00    1240       1255       2495       4760       7745      12505      12505       1.14       0.29     10936.17   8698.78     12505   
29791580.00    1318       1378       2696       4682       7622      12304      12304       1.15       0.30     10710.15   8924.80     12304   
29906163.00    1276       1269       2545       4724       7731      12455      12455       1.15       0.29     10856.52   8778.44     12455   
30020746.00    1237       1248       2485       4763       7752      12515      12515       1.14       0.29     10970.03   8664.93     12515   
30135329.00    1289       1338       2627       4711       7662      12373      12373       1.14       0.30     10869.83   8765.12     12373   
30249912.00    1234       1263       2497       4766       7737      12503      12503       1.14       0.29     10980.75   8654.21     12503   
30364495.00    1209       1238       2447       4791       7762      12553      12553       1.13       0.29     11063.37   8571.58     12553   
30479078.00    1272       1279       2551       4728       7721      12449      12449       1.14       0.29     10923.24   8711.72     12449   
30593661.00    1302       1328       2630       4698       7672      12370      12370       1.15       0.30     10794.02   8840.93     12370   
30708244.00    1314       1388       2702       4686       7612      12298      12298       1.15       0.30     10719.67   8915.29     12298   
30822827.00    1282       1346       2628       4718       7654      12372      12372       1.15       0.30     10760.56   8874.40     12372   
30937410.00    1207       1242       2449       4793       7758      12551      12551       1.15       0.28     10950.34   8684.62     12551   
31051993.00    1203       1243       2446       4797       7757      12554      12554       1.14       0.28     10977.27   8657.68     12554   
31166576.00    1194       1184       2378       4806       7816      12622      12622       1.15       0.28     10996.27   8638.68     12622   
31281159.00    1220       1284       2504       4780       7716      12496      12496       1.14       0.29     10921.69   8713.27     12496   
31395742.00    1252       1368       2620       4748       7632      12380      12380       1.14       0.30     10840.88   8794.08     12380   
31510325.00    1256       1401       2657       4744       7599      12343      12343       1.14       0.30     10821.21   8813.75     12343   
31624908.00    1338       1451       2789       4662       7549      12211      12211       1.14       0.31     10678.62   8956.34     12211   
31739491.00    1272       1379       2651       4728       7621      12349      12349       1.15       0.30     10784.97   8849.98     12349   
31854074.00    1265       1319       2584       4735       7681      12416      12416       1.15       0.29     10828.59   8806.37     12416   
31968657.00    1269       1288       2557       4731       7712      12443      12443       1.15       0.29     10808.80   8826.16     12443   
32083240.00    1203       1255       2458       4797       7745      12542      12542       1.16       0.28     10821.11   8813.84     12542   
32197823.00    1233       1251       2484       4767       7749      12516      12516       1.16       0.28     10805.55   8829.40     12516   
32312406.00    1273       1292       2565       4727       7708      12435      12435       1.15       0.29     10774.62   8860.33     12435   
32426989.00    1243       1243       2486       4757       7757      12514      12514       1.16       0.28     10831.24   8803.72     12514   
32541572.00    1107       1094       2201       4893       7906      12799      12799       1.15       0.26     11104.53   8530.43     12799   
32656155.00    1116       1074       2190       4884       7926      12810      12810       1.14       0.26     11220.12   8414.83     12810   
32770738.00    1204       1208       2412       4796       7792      12588      12588       1.14       0.28     11061.28   8573.67     12588   
32885321.00    1240       1239       2479       4760       7761      12521      12521       1.14       0.29     10980.83   8654.13     12521   
32999904.00    1261       1303       2564       4739       7697      12436      12436       1.14       0.29     10902.25   8732.70     12436   
33114487.00    1238       1246       2484       4762       7754      12516      12516       1.14       0.29     10983.32   8651.64     12516   
33229070.00    1192       1247       2439       4808       7753      12561      12561       1.13       0.28     11069.64   8565.31     12561   
33343653.00    1239       1270       2509       4761       7730      12491      12491       1.13       0.29     11016.95   8618.01     12491   
33458236.00    1278       1281       2559       4722       7719      12441      12441       1.13       0.30     10968.64   8666.31     12441   
33572819.00    1284       1342       2626       4716       7658      12374      12374       1.13       0.30     10912.47   8722.49     12374   
33687402.00    1330       1408       2738       4670       7592      12262      12262       1.13       0.31     10808.10   8826.86     12262   
33801985.00    1318       1414       2732       4682       7586      12268      12268       1.14       0.31     10797.97   8836.99     12268   
33916568.00    1258       1311       2569       4742       7689      12431      12431       1.14       0.29     10914.88   8720.08     12431   
34031151.00    1194       1213       2407       4806       7787      12593      12593       1.15       0.28     10935.63   8699.33     12593   
34145734.00    1101       1080       2181       4899       7920      12819      12819       1.14       0.26     11215.44   8419.52     12819   
34260317.00    1084       1068       2152       4916       7932      12848      12848       1.14       0.26     11290.59   8344.37     12848   
34374900.00    1212       1194       2406       4788       7806      12594      12594       1.13       0.28     11106.03   8528.92     12594   
34489483.00    1280       1267       2547       4720       7733      12453      12453       1.13       0.29     10981.65   8653.30     12453   
34604066.00    1256       1238       2494       4744       7762      12506      12506       1.13       0.29     11110.92   8524.03     12506   
34718649.00    1284       1334       2618       4716       7666      12382      12382       1.13       0.30     11004.41   8630.54     12382   
34833232.00    1344       1373       2717       4656       7627      12283      12283       1.13       0.31     10904.88   8730.07     12283   
34947815.00    1361       1428       2789       4639       7572      12211      12211       1.13       0.32     10823.54   8811.42     12211   
35062398.00    1321       1434       2755       4679       7566      12245      12245       1.13       0.31     10844.94   8790.01     12245   
35176981.00    1296       1345       2641       4704       7655      12359      12359       1.13       0.30     10913.56   8721.39     12359   
35291564.00    1370       1392       2762       4630       7608      12238      12238       1.14       0.31     10732.07   8902.88     12238   
35406147.00    1332       1350       2682       4668       7650      12318      12318       1.14       0.30     10778.58   8856.37     12318   
35520730.00    1301       1360       2661       4699       7640      12339      12339       1.14       0.30     10803.70   8831.26     12339   
35635313.00    1330       1411       2741       4670       7589      12259      12259       1.14       0.31     10746.02   8888.94     12259   
35749896.00    1333       1357       2690       4667       7643      12310      12310       1.14       0.30     10789.67   8845.29     12310   
35864479.00    1368       1425       2793       4632       7575      12207      12207       1.14       0.31     10695.49   8939.47     12207   
35979062.00    1320       1359       2679       4680       7641      12321      12321       1.14       0.30     10783.25   8851.70     12321   
36093645.00    1259       1300       2559       4741       7700      12441      12441       1.14       0.29     10877.83   8757.12     12441   
36208228.00    1257       1301       2558       4743       7699      12442      12442       1.14       0.29     10879.58   8755.38     12442   
36322811.00    1242       1276       2518       4758       7724      12482      12482       1.14       0.29     10923.70   8711.26     12482   
36437394.00    1267       1327       2594       4733       7673      12406      12406       1.14       0.30     10905.40   8729.55     12406   
36551977.00    1282       1345       2627       4718       7655      12373      12373       1.14       0.30     10881.11   8753.84     12373   
36666560.00    1307       1343       2650       4693       7657      12350      12350       1.14       0.30     10880.44   8754.51     12350   
36781143.00    1214       1277       2491       4786       7723      12509      12509       1.13       0.29     11033.33   8601.63     12509   
36895726.00    1277       1334       2611       4723       7666      12389      12389       1.12       0.30     11027.62   8607.33     12389   
37010309.00    1412       1508       2920       4588       7492      12080      12080       1.13       0.33     10723.10   8911.85     12080   
37124892.00    1393       1578       2971       4607       7422      12029      12029       1.13       0.33     10642.29   8992.66     12029   
37239475.00    1382       1463       2845       4618       7537      12155      12155       1.14       0.32     10665.01   8969.95     12155   
37354058.00    1274       1315       2589       4726       7685      12411      12411       1.13       0.30     10972.19   8662.76     12411   
37468641.00    1318       1360       2678       4682       7640      12322      12322       1.13       0.31     10869.81   8765.14     12322   
37583224.00    1267       1300       2567       4733       7700      12433      12433       1.13       0.30     10972.67   8662.28     12433   
37697807.00    1267       1281       2548       4733       7719      12452      12452       1.13       0.30     11007.27   8627.69     12452   
37812390.00    1338       1410       2748       4662       7590      12252      12252       1.13       0.31     10858.35   8776.60     12252   
37926973.00    1348       1409       2757       4652       7591      12243      12243       1.13       0.31     10857.52   8777.44     12243   
38041556.00    1342       1418       2760       4658       7582      12240      12240       1.13       0.31     10830.76   8804.19     12240   
38156139.00    1297       1338       2635       4703       7662      12365      12365       1.13       0.30     10919.95   8715.01     12365   
38270722.00    1266       1312       2578       4734       7688      12422      12422       1.14       0.30     10927.26   8707.69     12422   
38385305.00    1275       1339       2614       4725       7661      12386      12386       1.13       0.30     10912.92   8722.03     12386   
38499888.00    1280       1445       2725       4720       7555      12275      12275       1.13       0.31     10844.28   8790.68     12275   
38614471.00    1328       1459       2787       4672       7541      12213      12213       1.13       0.31     10785.34   8849.62     12213   
38729054.00    1271       1412       2683       4729       7588      12317      12317       1.14       0.30     10814.11   8820.85     12317   
38843637.00    1351       1506       2857       4649       7494      12143      12143       1.14       0.32     10655.71   8979.24     12143   
38958220.00    1310       1422       2732       4690       7578      12268      12268       1.14       0.31     10735.24   8899.71     12268   
39072803.00    1250       1313       2563       4750       7687      12437      12437       1.15       0.29     10843.68   8791.28     12437   
39187386.00    1221       1294       2515       4779       7706      12485      12485       1.14       0.29     10912.85   8722.10     12485   
39301969.00    1203       1316       2519       4797       7684      12481      12481       1.15       0.29     10898.02   8736.94     12481   
39416552.00    1272       1374       2646       4728       7626      12354      12354       1.14       0.30     10791.08   8843.87     12354   
39531135.00    1253       1389       2642       4747       7611      12358      12358       1.14       0.30     10799.81   8835.14     12358   
39645718.00    1237       1319       2556       4763       7681      12444      12444       1.14       0.29     10939.63   8695.32     12444   
39760301.00    1280       1336       2616       4720       7664      12384      12384       1.14       0.30     10889.44   8745.51     12384   
39874884.00    1319       1354       2673       4681       7646      12327      12327       1.14       0.30     10813.39   8821.57     12327   
39989467.00    1286       1333       2619       4714       7667      12381      12381       1.14       0.30     10827.43   8807.52     12381   
40104050.00    1275       1288       2563       4725       7712      12437      12437       1.15       0.29     10797.47   8837.48     12437   
40218633.00    1189       1234       2423       4811       7766      12577      12577       1.15       0.28     10952.08   8682.87     12577   
40333216.00    1221       1275       2496       4779       7725      12504      12504       1.14       0.29     10937.70   8697.26     12504   
40447799.00    1229       1287       2516       4771       7713      12484      12484       1.14       0.29     10908.14   8726.82     12484   
40562382.00    1177       1218       2395       4823       7782      12605      12605       1.15       0.28     10941.84   8693.11     12605   
40676965.00    1213       1230       2443       4787       7770      12557      12557       1.15       0.28     10876.01   8758.94     12557   
40791548.00    1143       1135       2278       4857       7865      12722      12722       1.15       0.26     11031.38   8603.58     12722   
40906131.00    1138       1076       2214       4862       7924      12786      12786       1.16       0.26     11032.56   8602.40     12786   
41020714.00    1132       1101       2233       4868       7899      12767      12767       1.15       0.26     11118.19   8516.76     12767   
41135297.00    1180       1107       2287       4820       7893      12713      12713       1.14       0.27     11162.31   8472.65     12713   
41249880.00    1214       1241       2455       4786       7759      12545      12545       1.14       0.28     11005.05   8629.91     12545   
41364463.00    1262       1373       2635       4738       7627      12365      12365       1.14       0.30     10843.12   8791.83     12365   
41479046.00    1192       1324       2516       4808       7676      12484      12484       1.14       0.29     10946.54   8688.42     12484   
41593629.00    1166       1271       2437       4834       7729      12563      12563       1.14       0.28     10990.63   8644.32     12563   
41708212.00    1167       1194       2361       4833       7806      12639      12639       1.14       0.28     11126.98   8507.97     12639   
41822795.00    1212       1229       2441       4788       7771      12559      12559       1.14       0.28     11052.97   8581.99     12559   
41937378.00    1298       1341       2639       4702       7659      12361      12361       1.14       0.30     10848.08   8786.88     12361   
42051961.00    1321       1389       2710       4679       7611      12290      12290       1.14       0.31     10772.74   8862.22     12290   
42166544.00    1339       1433       2772       4661       7567      12228      12228       1.14       0.31     10717.52   8917.43     12228   
42281127.00    1318       1436       2754       4682       7564      12246      12246       1.14       0.31     10708.69   8926.26     12246   
42395710.00    1329       1413       2742       4671       7587      12258      12258       1.14       0.31     10720.75   8914.21     12258   
42510293.00    1357       1447       2804       4643       7553      12196      12196       1.14       0.31     10690.19   8944.77     12196   
42624876.00    1354       1400       2754       4646       7600      12246      12246       1.14       0.31     10779.38   8855.57     12246   
42739459.00    1401       1437       2838       4599       7563      12162      12162       1.14       0.32     10656.83   8978.12     12162   
42854042.00    1412       1482       2894       4588       7518      12106      12106       1.15       0.32     10558.86   9076.10     12106   
42968625.00    1372       1449       2821       4628       7551      12179      12179       1.15       0.31     10607.71   9027.24     12179   
43083208.00    1302       1410       2712       4698       7590      12288      12288       1.15       0.30     10719.78   8915.18     12288   
43197791.00    1250       1345       2595       4750       7655      12405      12405       1.14       0.29     10834.31   8800.65     12405   
43312374.00    1198       1313       2511       4802       7687      12489      12489       1.14       0.29     10914.59   8720.37     12489   
43426957.00    1173       1291       2464       4827       7709      12536      12536       1.14       0.28     10988.22   8646.74     12536   
43541540.00    1211       1362       2573       4789       7638      12427      12427       1.13       0.30     11019.66   8615.30     12427   
43656123.00    1196       1339       2535       4804       7661      12465      12465       1.12       0.30     11083.36   8551.60     12465   
43770706.00    1228       1304       2532       4772       7696      12468      12468       1.12       0.30     11092.55   8542.40     12468   
43885289.00    1243       1273       2516       4757       7727      12484      12484       1.13       0.29     11045.85   8589.11     12484   
43999872.00    1249       1302       2551       4751       7698      12449      12449       1.13       0.30     11000.34   8634.62     12449   
44114455.00    1216       1230       2446       4784       7770      12554      12554       1.13       0.29     11071.79   8563.17     12554   
44229038.00    1206       1246       2452       4794       7754      12548      12548       1.14       0.29     11052.57   8582.38     12548   
44343621.00    1264       1328       2592       4736       7672      12408      12408       1.13       0.30     10952.29   8682.67     12408   
44458204.00    1231       1304       2535       4769       7696      12465      12465       1.13       0.29     10986.80   8648.15     12465   
44572787.00    1574       1824       3398       4426       7176      11602      11602       1.14       0.36     10216.87   9418.09     11602   
44687370.00    1575       1811       3386       4425       7189      11614      11614       1.14       0.36     10206.34   9428.61     11614   
44801953.00    1488       1754       3242       4512       7246      11758      11758       1.13       0.35     10377.33   9257.62     11758   
44916536.00    1573       1780       3353       4427       7220      11647      11647       1.13       0.36     10305.66   9329.29     11647   
45031119.00    1582       1846       3428       4418       7154      11572      11572       1.13       0.37     10248.58   9386.38     11572   
45145702.00    1664       1944       3608       4336       7056      11392      11392       1.14       0.38     10033.53   9601.43     11392   
45260285.00    1683       1958       3641       4317       7042      11359      11359       1.14       0.38     9949.88    9685.07     11359   
45374868.00    1665       1946       3611       4335       7054      11389      11389       1.15       0.37     9893.59    9741.36     11389   
45489451.00    1592       1810       3402       4408       7190      11598      11598       1.16       0.35     10013.16   9621.79     11598   
45604034.00    1478       1740       3218       4522       7260      11782      11782       1.15       0.34     10230.34   9404.61     11782   
45718617.00    1486       1678       3164       4514       7322      11836      11836       1.15       0.34     10312.08   9322.87     11836   
45833200.00    1448       1603       3051       4552       7397      11949      11949       1.15       0.33     10401.33   9233.63     11949   
