 Timestep    Gas_A      Gas_B     Gas_tot    Dense_A    Dense_B   Dense_tot   Lg_clust  DP_density GP_density Clust_area  Gas_area     MCS    
   0.00       4500      10500      15000        0          0          0          6         0.00       0.76       0.00     19634.96      0     
114583.00     4500      10500      15000        0          0          0         570        0.00       0.76       0.00     19634.96      0     
229166.00     4500      10500      15000        0          0          0         988        0.00       0.76       0.00     19634.96      0     
343749.00     4161       9488      13649       339        1012       1351       1351       0.96       0.75     1408.42    18226.53     1351   
458332.00     3825       8576      12401       675        1924       2599       1314       1.01       0.73     2565.79    17069.17     1299   
572915.00     3016       5924       8940       1484       4576       6060       3067       1.01       0.66     5992.68    13642.28     2020   
687498.00     3019       5819       8838       1481       4681       6162       3117       1.04       0.65     5949.10    13685.86     2054   
802081.00     2875       5591       8466       1625       4909       6534       5073       1.05       0.63     6195.82    13439.14     3267   
916664.00     2808       5218       8026       1692       5282       6974       3208       1.07       0.61     6501.57    13133.39     2324   
1031247.00    2584       4245       6829       1916       6255       8171       3904       1.08       0.57     7549.21    12085.74     2723   
1145830.00    2513       3862       6375       1987       6638       8625       4278       1.08       0.55     7952.95    11682.00     2875   
1260413.00    2532       4060       6592       1968       6440       8408       4460       1.09       0.55     7694.28    11940.67     2802   
1374996.00    2481       3949       6430       2019       6551       8570       4530       1.09       0.54     7829.78    11805.18     2856   
1489579.00    2352       3416       5768       2148       7084       9232       4806       1.09       0.52     8500.30    11134.65     3077   
1604162.00    2380       3300       5680       2120       7200       9320       6824       1.08       0.51     8597.41    11037.54     4660   
1718745.00    2344       3149       5493       2156       7351       9507       5052       1.10       0.50     8630.07    11004.89     3169   
1833328.00    2358       3019       5377       2142       7481       9623       5086       1.10       0.49     8716.18    10918.77     3207   
1947911.00    2369       2950       5319       2131       7550       9681       5085       1.11       0.49     8721.32    10913.63     3227   
2062494.00    2337       2934       5271       2163       7566       9729       5277       1.10       0.49     8814.98    10819.98     3243   
2177077.00    2455       3139       5594       2045       7361       9406       7359       1.10       0.50     8535.60    11099.36     4703   
2291660.00    2490       3118       5608       2010       7382       9392       5415       1.10       0.51     8569.14    11065.82     3130   
2406243.00    2505       3187       5692       1995       7313       9308       5358       1.10       0.51     8485.35    11149.60     3102   
2520826.00    2584       3323       5907       1916       7177       9093       7425       1.12       0.51     8150.73    11484.22     4546   
2635409.00    2498       3045       5543       2002       7455       9457       9457       1.11       0.50     8554.23    11080.72     9457   
2749992.00    2538       3103       5641       1962       7397       9359       5776       1.12       0.50     8391.70    11243.26     3119   
2864575.00    2561       3032       5593       1939       7468       9407       7865       1.12       0.50     8419.76    11215.20     4703   
2979158.00    2522       2885       5407       1978       7615       9593       9593       1.11       0.49     8604.00    11030.95     9593   
3093741.00    2546       2855       5401       1954       7645       9599       9599       1.12       0.49     8576.63    11058.32     9599   
3208324.00    2545       2845       5390       1955       7655       9610       9610       1.11       0.49     8674.95    10960.01     9610   
3322907.00    2649       3225       5874       1851       7275       9126       9126       1.11       0.52     8237.35    11397.61     9126   
3437490.00    2733       3465       6198       1767       7035       8802       8802       1.10       0.53     7972.83    11662.12     8802   
3552073.00    2805       4103       6908       1695       6397       8092       6624       1.11       0.56     7281.46    12353.49     4046   
3666656.00    2765       4052       6817       1735       6448       8183       6827       1.10       0.56     7415.32    12219.64     4091   
3781239.00    2686       3970       6656       1814       6530       8344       6903       1.10       0.55     7600.63    12034.33     4172   
3895822.00    2679       4015       6694       1821       6485       8306       6949       1.10       0.55     7552.20    12082.76     4153   
4010405.00    3007       5053       8060       1493       5447       6940       6940       1.12       0.60     6176.82    13458.14     6940   
4124988.00    2933       4530       7463       1567       5970       7537       7537       1.11       0.58     6770.82    12864.13     7537   
4239571.00    2832       4493       7325       1668       6007       7675       7675       1.12       0.57     6881.95    12753.01     7675   
4354154.00    2795       4378       7173       1705       6122       7827       7827       1.12       0.57     6998.07    12636.89     7827   
4468737.00    2844       4586       7430       1656       5914       7570       7570       1.13       0.58     6713.92    12921.04     7570   
4583320.00    2847       4587       7434       1653       5913       7566       7566       1.14       0.57     6666.02    12968.93     7566   
4697903.00    2804       4356       7160       1696       6144       7840       7840       1.13       0.56     6929.61    12705.35     7840   
4812486.00    2698       4185       6883       1802       6315       8117       8117       1.13       0.55     7165.88    12469.07     8117   
4927069.00    2661       3973       6634       1839       6527       8366       8366       1.14       0.54     7351.73    12283.22     8366   
5041652.00    2580       3820       6400       1920       6680       8600       8600       1.13       0.53     7585.24    12049.72     8600   
5156235.00    2485       3604       6089       2015       6896       8911       8911       1.14       0.52     7845.75    11789.20     8911   
5270818.00    2457       3438       5895       2043       7062       9105       9105       1.13       0.51     8055.18    11579.77     9105   
5385401.00    2456       3484       5940       2044       7016       9060       9060       1.13       0.51     8032.80    11602.16     9060   
5499984.00    2415       3486       5901       2085       7014       9099       9099       1.13       0.51     8021.93    11613.02     9099   
5614567.00    2366       3253       5619       2134       7247       9381       9381       1.13       0.49     8267.65    11367.31     9381   
5729150.00    2348       3262       5610       2152       7238       9390       9390       1.12       0.50     8364.90    11270.05     9390   
5843733.00    2361       3163       5524       2139       7337       9476       9476       1.12       0.49     8437.18    11197.77     9476   
5958316.00    2429       3296       5725       2071       7204       9275       9275       1.13       0.50     8204.14    11430.82     9275   
6072899.00    2473       3281       5754       2027       7219       9246       9246       1.12       0.50     8237.19    11397.77     9246   
6187482.00    2516       3273       5789       1984       7227       9211       9211       1.13       0.50     8168.43    11466.53     9211   
6302065.00    2470       3171       5641       2030       7329       9359       9359       1.12       0.50     8323.03    11311.93     9359   
6416648.00    2448       3082       5530       2052       7418       9470       9470       1.12       0.49     8445.99    11188.96     9470   
6531231.00    2436       3137       5573       2064       7363       9427       9427       1.13       0.49     8345.38    11289.57     9427   
6645814.00    2409       3023       5432       2091       7477       9568       9568       1.13       0.49     8477.45    11157.51     9568   
6760397.00    2410       3012       5422       2090       7488       9578       9578       1.13       0.49     8462.02    11172.94     9578   
6874980.00    2471       3275       5746       2029       7225       9254       9254       1.14       0.50     8134.66    11500.29     9254   
6989563.00    2456       3250       5706       2044       7250       9294       9294       1.15       0.50     8109.28    11525.67     9294   
7104146.00    2466       3156       5622       2034       7344       9378       9378       1.14       0.49     8229.64    11405.31     9378   
7218729.00    2406       2998       5404       2094       7502       9596       9596       1.14       0.48     8417.45    11217.50     9596   
7333312.00    2344       2893       5237       2156       7607       9763       9763       1.14       0.47     8581.38    11053.57     9763   
7447895.00    2439       3011       5450       2061       7489       9550       9550       1.13       0.49     8422.00    11212.96     9550   
7562478.00    2340       2937       5277       2160       7563       9723       9723       1.12       0.48     8661.11    10973.84     9723   
7677061.00    2293       2931       5224       2207       7569       9776       9776       1.12       0.48     8725.32    10909.63     9776   
7791644.00    2278       2884       5162       2222       7616       9838       9838       1.12       0.48     8769.63    10865.32     9838   
7906227.00    2279       2907       5186       2221       7593       9814       9814       1.12       0.48     8727.59    10907.36     9814   
8020810.00    2322       2959       5281       2178       7541       9719       9719       1.13       0.48     8567.12    11067.84     9719   
8135393.00    2350       3002       5352       2150       7498       9648       9648       1.14       0.48     8468.79    11166.16     9648   
8249976.00    2359       3041       5400       2141       7459       9600       9600       1.14       0.48     8411.34    11223.62     9600   
8364559.00    2328       2922       5250       2172       7578       9750       9750       1.15       0.47     8512.84    11122.12     9750   
8479142.00    2291       2806       5097       2209       7694       9903       9903       1.15       0.46     8648.13    10986.83     9903   
8593725.00    2278       2842       5120       2222       7658       9880       9880       1.14       0.47     8659.50    10975.45     9880   
8708308.00    2269       2731       5000       2231       7769      10000      10000       1.14       0.46     8785.18    10849.77    10000   
8822891.00    2347       2797       5144       2153       7703       9856       9856       1.15       0.46     8563.76    11071.20     9856   
8937474.00    2378       2839       5217       2122       7661       9783       9783       1.14       0.47     8551.08    11083.88     9783   
9052057.00    2401       2873       5274       2099       7627       9726       9726       1.14       0.47     8513.49    11121.47     9726   
9166640.00    2377       2816       5193       2123       7684       9807       9807       1.15       0.47     8545.69    11089.27     9807   
9281223.00    2429       2759       5188       2071       7741       9812       9812       1.15       0.47     8563.56    11071.39     9812   
9395806.00    2562       3240       5802       1938       7260       9198       9198       1.14       0.50     8049.11    11585.85     9198   
9510389.00    2500       3135       5635       2000       7365       9365       9365       1.15       0.49     8165.64    11469.31     9365   
9624972.00    2516       3106       5622       1984       7394       9378       9378       1.15       0.49     8144.98    11489.98     9378   
9739555.00    2512       3049       5561       1988       7451       9439       9439       1.14       0.49     8252.57    11382.39     9439   
9854138.00    2493       3035       5528       2007       7465       9472       9472       1.14       0.49     8328.95    11306.00     9472   
9968721.00    2521       3166       5687       1979       7334       9313       9313       1.14       0.50     8191.75    11443.20     9313   
10083304.00    2457       3041       5498       2043       7459       9502       9502       1.14       0.49     8344.36    11290.59     9502   
10197887.00    2479       3180       5659       2021       7320       9341       9341       1.13       0.50     8235.20    11399.75     9341   
10312470.00    2537       3295       5832       1963       7205       9168       9168       1.14       0.50     8065.53    11569.42     9168   
10427053.00    2564       3498       6062       1936       7002       8938       8938       1.14       0.51     7837.24    11797.71     8938   
10541636.00    2539       3376       5915       1961       7124       9085       9085       1.14       0.51     7983.96    11650.99     9085   
10656219.00    2516       3279       5795       1984       7221       9205       9205       1.14       0.50     8054.59    11580.37     9205   
10770802.00    2495       3270       5765       2005       7230       9235       9235       1.15       0.50     8036.37    11598.58     9235   
10885385.00    2491       3199       5690       2009       7301       9310       9310       1.16       0.49     8058.19    11576.77     9310   
10999968.00    2472       3046       5518       2028       7454       9482       9482       1.15       0.48     8222.94    11412.01     9482   
11114551.00    2420       2908       5328       2080       7592       9672       9672       1.15       0.48     8444.63    11190.33     9672   
11229134.00    2413       2904       5317       2087       7596       9683       9683       1.14       0.48     8475.78    11159.17     9683   
11343717.00    2392       2794       5186       2108       7706       9814       9814       1.14       0.47     8628.08    11006.87     9814   
11458300.00    2387       2745       5132       2113       7755       9868       9868       1.13       0.47     8709.16    10925.80     9868   
11572883.00    2496       2831       5327       2004       7669       9673       9673       1.14       0.48     8518.32    11116.64     9673   
11687466.00    2463       2816       5279       2037       7684       9721       9721       1.13       0.48     8626.10    11008.86     9721   
11802049.00    2424       2760       5184       2076       7740       9816       9816       1.13       0.47     8682.09    10952.86     9816   
11916632.00    2442       2710       5152       2058       7790       9848       9848       1.13       0.47     8708.78    10926.17     9848   
12031215.00    2507       2827       5334       1993       7673       9666       9666       1.13       0.48     8524.71    11110.24     9666   
12145798.00    2470       2664       5134       2030       7836       9866       9866       1.12       0.47     8795.65    10839.30     9866   
12260381.00    2488       2680       5168       2012       7820       9832       9832       1.13       0.47     8721.70    10913.25     9832   
12374964.00    2589       2886       5475       1911       7614       9525       9525       1.13       0.49     8409.34    11225.62     9525   
12489547.00    2557       2826       5383       1943       7674       9617       9617       1.13       0.48     8528.17    11106.78     9617   
12604130.00    2571       2948       5519       1929       7552       9481       9481       1.14       0.49     8303.74    11331.21     9481   
12718713.00    2613       2951       5564       1887       7549       9436       9436       1.14       0.49     8241.58    11393.37     9436   
12833296.00    2653       3033       5686       1847       7467       9314       9314       1.13       0.50     8257.49    11377.46     9314   
12947879.00    2712       3356       6068       1788       7144       8932       8932       1.13       0.52     7919.27    11715.69     8932   
13062462.00    2736       3465       6201       1764       7035       8799       8799       1.14       0.52     7750.02    11884.93     8799   
13177045.00    2693       3351       6044       1807       7149       8956       8956       1.13       0.52     7900.37    11734.58     8956   
13291628.00    2600       3246       5846       1900       7254       9154       9154       1.12       0.51     8168.31    11466.65     9154   
13406211.00    2649       3323       5972       1851       7177       9028       9028       1.13       0.51     7995.27    11639.68     9028   
13520794.00    2578       3318       5896       1922       7182       9104       9104       1.14       0.51     8000.98    11633.97     9104   
13635377.00    2641       3257       5898       1859       7243       9102       9102       1.14       0.51     7989.69    11645.26     9102   
13749960.00    2570       3193       5763       1930       7307       9237       9237       1.14       0.50     8081.50    11553.46     9237   
13864543.00    2468       2968       5436       2032       7532       9564       9564       1.14       0.48     8365.75    11269.21     9564   
13979126.00    2478       2982       5460       2022       7518       9540       9540       1.14       0.48     8365.44    11269.52     9540   
14093709.00    2477       3007       5484       2023       7493       9516       9516       1.14       0.49     8331.15    11303.81     9516   
14208292.00    2439       2863       5302       2061       7637       9698       9698       1.14       0.48     8482.31    11152.64     9698   
14322875.00    2411       2758       5169       2089       7742       9831       9831       1.14       0.47     8633.25    11001.70     9831   
14437458.00    2434       2890       5324       2066       7610       9676       9676       1.13       0.48     8530.94    11104.02     9676   
14552041.00    2425       2956       5381       2075       7544       9619       9619       1.14       0.48     8451.58    11183.38     9619   
14666624.00    2393       2759       5152       2107       7741       9848       9848       1.13       0.47     8742.70    10892.26     9848   
14781207.00    2370       2883       5253       2130       7617       9747       9747       1.12       0.48     8705.93    10929.02     9747   
14895790.00    2368       2859       5227       2132       7641       9773       9773       1.12       0.48     8742.67    10892.29     9773   
15010373.00    2402       2985       5387       2098       7515       9613       9613       1.13       0.48     8514.64    11120.31     9613   
15124956.00    2338       2923       5261       2162       7577       9739       9739       1.13       0.48     8636.78    10998.17     9739   
15239539.00    2301       2749       5050       2199       7751       9950       9950       1.13       0.47     8775.60    10859.35     9950   
15354122.00    2292       2787       5079       2208       7713       9921       9921       1.13       0.47     8811.60    10823.36     9921   
15468705.00    2274       2681       4955       2226       7819      10045      10045       1.13       0.46     8902.03    10732.92    10045   
15583288.00    2252       2748       5000       2248       7752      10000      10000       1.13       0.46     8870.47    10764.49    10000   
15697871.00    2350       2969       5319       2150       7531       9681       9681       1.13       0.48     8558.50    11076.45     9681   
15812454.00    2337       2998       5335       2163       7502       9665       9665       1.14       0.48     8505.38    11129.57     9665   
15927037.00    2241       2699       4940       2259       7801      10060      10060       1.14       0.46     8858.86    10776.10    10060   
16041620.00    2211       2710       4921       2289       7790      10079      10079       1.14       0.46     8871.48    10763.48    10079   
16156203.00    2184       2721       4905       2316       7779      10095      10095       1.14       0.46     8872.18    10762.78    10095   
16270786.00    2094       2584       4678       2406       7916      10322      10322       1.13       0.44     9104.49    10530.46    10322   
16385369.00    2075       2516       4591       2425       7984      10409      10409       1.13       0.44     9185.15    10449.81    10409   
16499952.00    2098       2596       4694       2402       7904      10306      10306       1.13       0.45     9122.00    10512.96    10306   
16614535.00    2121       2575       4696       2379       7925      10304      10304       1.13       0.45     9104.51    10530.45    10304   
16729118.00    2132       2562       4694       2368       7938      10306      10306       1.13       0.45     9135.87    10499.08    10306   
16843701.00    2104       2529       4633       2396       7971      10367      10367       1.12       0.44     9218.71    10416.24    10367   
16958284.00    2217       2751       4968       2283       7749      10032      10032       1.13       0.46     8871.15    10763.81    10032   
17072867.00    2230       2726       4956       2270       7774      10044      10044       1.14       0.46     8848.39    10786.56    10044   
17187450.00    2288       2894       5182       2212       7606       9818       9818       1.14       0.47     8632.09    11002.87     9818   
17302033.00    2257       2910       5167       2243       7590       9833       9833       1.14       0.47     8654.86    10980.10     9833   
17416616.00    2281       2982       5263       2219       7518       9737       9737       1.13       0.48     8589.41    11045.55     9737   
17531199.00    2252       3107       5359       2248       7393       9641       9641       1.13       0.48     8562.80    11072.15     9641   
17645782.00    2172       2985       5157       2328       7515       9843       9843       1.12       0.47     8756.18    10878.78     9843   
17760365.00    2160       2865       5025       2340       7635       9975       9975       1.14       0.46     8785.28    10849.68     9975   
17874948.00    2099       2795       4894       2401       7705      10106      10106       1.14       0.45     8852.59    10782.37    10106   
17989531.00    1998       2571       4569       2502       7929      10431      10431       1.14       0.44     9183.01    10451.95    10431   
18104114.00    1987       2606       4593       2513       7894      10407      10407       1.14       0.44     9152.88    10482.08    10407   
18218697.00    1933       2438       4371       2567       8062      10629      10629       1.13       0.43     9443.60    10191.36    10629   
18333280.00    2055       2750       4805       2445       7750      10195      10195       1.13       0.45     9055.76    10579.20    10195   
18447863.00    2090       2838       4928       2410       7662      10072      10072       1.13       0.46     8922.96    10711.99    10072   
18562446.00    2035       2775       4810       2465       7725      10190      10190       1.14       0.45     8943.03    10691.92    10190   
18677029.00    2056       2862       4918       2444       7638      10082      10082       1.14       0.46     8861.25    10773.70    10082   
18791612.00    1923       2697       4620       2577       7803      10380      10380       1.13       0.44     9183.84    10451.12    10380   
18906195.00    1918       2677       4595       2582       7823      10405      10405       1.14       0.44     9143.15    10491.81    10405   
19020778.00    1742       2457       4199       2758       8043      10801      10801       1.15       0.41     9431.93    10203.03    10801   
19135361.00    1790       2478       4268       2710       8022      10732      10732       1.15       0.41     9319.73    10315.23    10732   
19249944.00    1777       2418       4195       2723       8082      10805      10805       1.14       0.41     9440.41    10194.55    10805   
19364527.00    1761       2266       4027       2739       8234      10973      10973       1.14       0.40     9589.70    10045.26    10973   
19479110.00    1802       2149       3951       2698       8351      11049      11049       1.14       0.40     9710.62    9924.33     11049   
19593693.00    1834       2319       4153       2666       8181      10847      10847       1.14       0.41     9525.71    10109.24    10847   
19708276.00    1834       2332       4166       2666       8168      10834      10834       1.14       0.41     9496.83    10138.12    10834   
19822859.00    1784       2329       4113       2716       8171      10887      10887       1.13       0.41     9667.86    9967.10     10887   
19937442.00    1878       2453       4331       2622       8047      10669      10669       1.13       0.43     9454.05    10180.90    10669   
20052025.00    1768       2372       4140       2732       8128      10860      10860       1.13       0.41     9643.25    9991.71     10860   
20166608.00    1846       2497       4343       2654       8003      10657      10657       1.13       0.42     9407.11    10227.85    10657   
20281191.00    1875       2473       4348       2625       8027      10652      10652       1.13       0.42     9392.40    10242.55    10652   
20395774.00    1882       2595       4477       2618       7905      10523      10523       1.12       0.44     9361.25    10273.70    10523   
20510357.00    1842       2460       4302       2658       8040      10698      10698       1.13       0.42     9451.92    10183.04    10698   
20624940.00    1870       2464       4334       2630       8036      10666      10666       1.13       0.42     9413.27    10221.68    10666   
20739523.00    1896       2502       4398       2604       7998      10602      10602       1.13       0.43     9379.94    10255.02    10602   
20854106.00    1856       2390       4246       2644       8110      10754      10754       1.13       0.42     9513.60    10121.35    10754   
20968689.00    1875       2384       4259       2625       8116      10741      10741       1.13       0.42     9528.21    10106.75    10741   
21083272.00    1924       2454       4378       2576       8046      10622      10622       1.13       0.43     9385.25    10249.70    10622   
21197855.00    1933       2425       4358       2567       8075      10642      10642       1.13       0.43     9416.62    10218.34    10642   
21312438.00    1984       2519       4503       2516       7981      10497      10497       1.13       0.44     9317.26    10317.70    10497   
21427021.00    2026       2694       4720       2474       7806      10280      10280       1.13       0.45     9058.73    10576.23    10280   
21541604.00    2013       2582       4595       2487       7918      10405      10405       1.13       0.44     9183.17    10451.79    10405   
21656187.00    2091       2691       4782       2409       7809      10218      10218       1.14       0.45     8962.54    10672.41    10218   
21770770.00    2053       2684       4737       2447       7816      10263      10263       1.14       0.45     9032.79    10602.17    10263   
21885353.00    2034       2549       4583       2466       7951      10417      10417       1.14       0.44     9170.57    10464.38    10417   
21999936.00    2098       2545       4643       2402       7955      10357      10357       1.14       0.44     9087.38    10547.57    10357   
22114519.00    2091       2562       4653       2409       7938      10347      10347       1.14       0.44     9114.38    10520.58    10347   
22229102.00    2080       2591       4671       2420       7909      10329      10329       1.13       0.44     9105.24    10529.72    10329   
22343685.00    2088       2441       4529       2412       8059      10471      10471       1.14       0.43     9222.56    10412.40    10471   
22458268.00    2085       2412       4497       2415       8088      10503      10503       1.14       0.43     9252.80    10382.15    10503   
22572851.00    2077       2408       4485       2423       8092      10515      10515       1.13       0.44     9342.63    10292.32    10515   
22687434.00    2083       2366       4449       2417       8134      10551      10551       1.12       0.43     9390.81    10244.14    10551   
22802017.00    2149       2523       4672       2351       7977      10328      10328       1.12       0.45     9201.45    10433.51    10328   
22916600.00    2161       2614       4775       2339       7886      10225      10225       1.13       0.45     9071.89    10563.07    10225   
23031183.00    2182       2651       4833       2318       7849      10167      10167       1.13       0.45     8996.18    10638.78    10167   
23145766.00    2197       2786       4983       2303       7714      10017      10017       1.13       0.46     8880.65    10754.31    10017   
23260349.00    2168       2769       4937       2332       7731      10063      10063       1.13       0.46     8874.55    10760.40    10063   
23374932.00    2047       2524       4571       2453       7976      10429      10429       1.13       0.44     9269.26    10365.69    10429   
23489515.00    2048       2510       4558       2452       7990      10442      10442       1.12       0.44     9287.48    10347.48    10442   
23604098.00    2021       2573       4594       2479       7927      10406      10406       1.12       0.44     9259.89    10375.06    10406   
23718681.00    2081       2719       4800       2419       7781      10200      10200       1.13       0.45     9024.67    10610.29    10200   
23833264.00    2094       2738       4832       2406       7762      10168      10168       1.13       0.46     9035.38    10599.58    10168   
23947847.00    2074       2684       4758       2426       7816      10242      10242       1.12       0.45     9126.69    10508.26    10242   
24062430.00    2069       2718       4787       2431       7782      10213      10213       1.12       0.46     9125.55    10509.41    10213   
24177013.00    2119       2794       4913       2381       7706      10087      10087       1.12       0.46     8983.63    10651.32    10087   
24291596.00    2075       2735       4810       2425       7765      10190      10190       1.12       0.45     9062.73    10572.22    10190   
24406179.00    2166       2961       5127       2334       7539       9873       9873       1.13       0.47     8731.57    10903.38     9873   
24520762.00    2163       2983       5146       2337       7517       9854       9854       1.14       0.47     8630.31    11004.65     9854   
24635345.00    2148       2876       5024       2352       7624       9976       9976       1.14       0.46     8720.60    10914.35     9976   
24749928.00    2144       2789       4933       2356       7711      10067      10067       1.14       0.46     8805.09    10829.86    10067   
24864511.00    2144       2755       4899       2356       7745      10101      10101       1.14       0.45     8831.61    10803.34    10101   
24979094.00    2112       2612       4724       2388       7888      10276      10276       1.13       0.45     9061.68    10573.27    10276   
25093677.00    2122       2551       4673       2378       7949      10327      10327       1.13       0.45     9160.72    10474.23    10327   
25208260.00    2116       2534       4650       2384       7966      10350      10350       1.14       0.44     9116.99    10517.96    10350   
25322843.00    2144       2561       4705       2356       7939      10295      10295       1.13       0.45     9149.91    10485.05    10295   
25437426.00    2179       2648       4827       2321       7852      10173      10173       1.12       0.46     9045.53    10589.42    10173   
25552009.00    2213       2715       4928       2287       7785      10072      10072       1.14       0.46     8860.43    10774.53    10072   
25666592.00    2263       2695       4958       2237       7805      10042      10042       1.14       0.46     8798.78    10836.17    10042   
25781175.00    2211       2567       4778       2289       7933      10222      10222       1.13       0.45     9010.77    10624.18    10222   
25895758.00    2273       2714       4987       2227       7786      10013      10013       1.13       0.46     8831.91    10803.05    10013   
26010341.00    2276       2621       4897       2224       7879      10103      10103       1.14       0.46     8898.33    10736.62    10103   
26124924.00    2239       2588       4827       2261       7912      10173      10173       1.13       0.45     8991.40    10643.56    10173   
26239507.00    2281       2610       4891       2219       7890      10109      10109       1.13       0.46     8921.38    10713.58    10109   
26354090.00    2286       2609       4895       2214       7891      10105      10105       1.13       0.46     8918.02    10716.93    10105   
26468673.00    2285       2622       4907       2215       7878      10093      10093       1.13       0.46     8920.17    10714.79    10093   
26583256.00    2274       2647       4921       2226       7853      10079      10079       1.13       0.46     8914.45    10720.50    10079   
26697839.00    2320       2815       5135       2180       7685       9865       9865       1.13       0.47     8732.04    10902.92     9865   
26812422.00    2344       2931       5275       2156       7569       9725       9725       1.14       0.48     8552.50    11082.45     9725   
26927005.00    2348       2944       5292       2152       7556       9708       9708       1.14       0.48     8546.06    11088.90     9708   
27041588.00    2331       2813       5144       2169       7687       9856       9856       1.14       0.47     8665.51    10969.44     9856   
27156171.00    2336       2738       5074       2164       7762       9926       9926       1.13       0.47     8756.70    10878.26     9926   
27270754.00    2298       2624       4922       2202       7876      10078      10078       1.13       0.46     8952.50    10682.46    10078   
27385337.00    2241       2612       4853       2259       7888      10147      10147       1.13       0.46     8999.83    10635.13    10147   
27499920.00    2231       2561       4792       2269       7939      10208      10208       1.13       0.45     9054.38    10580.57    10208   
27614503.00    2215       2521       4736       2285       7979      10264      10264       1.12       0.45     9149.99    10484.96    10264   
27729086.00    2187       2425       4612       2313       8075      10388      10388       1.13       0.44     9222.18    10412.78    10388   
27843669.00    2154       2358       4512       2346       8142      10488      10488       1.13       0.43     9259.88    10375.07    10488   
27958252.00    2219       2425       4644       2281       8075      10356      10356       1.13       0.45     9201.91    10433.05    10356   
28072835.00    2257       2558       4815       2243       7942      10185      10185       1.12       0.46     9106.78    10528.18    10185   
28187418.00    2348       2782       5130       2152       7718       9870       9870       1.12       0.47     8819.27    10815.69     9870   
28302001.00    2317       2808       5125       2183       7692       9875       9875       1.12       0.47     8815.88    10819.07     9875   
28416584.00    2348       2762       5110       2152       7738       9890       9890       1.13       0.47     8767.95    10867.00     9890   
28531167.00    2329       2772       5101       2171       7728       9899       9899       1.13       0.47     8740.85    10894.10     9899   
28645750.00    2328       2739       5067       2172       7761       9933       9933       1.13       0.47     8781.48    10853.48     9933   
28760333.00    2302       2689       4991       2198       7811      10009      10009       1.13       0.46     8837.62    10797.33    10009   
28874916.00    2352       2726       5078       2148       7774       9922       9922       1.13       0.47     8805.77    10829.18     9922   
28989499.00    2380       2791       5171       2120       7709       9829       9829       1.13       0.47     8732.30    10902.66     9829   
29104082.00    2399       2833       5232       2101       7667       9768       9768       1.12       0.48     8753.08    10881.88     9768   
29218665.00    2410       2858       5268       2090       7642       9732       9732       1.12       0.48     8705.71    10929.25     9732   
29333248.00    2423       2873       5296       2077       7627       9704       9704       1.12       0.48     8687.95    10947.01     9704   
29447831.00    2401       2758       5159       2099       7742       9841       9841       1.11       0.48     8856.16    10778.80     9841   
29562414.00    2451       2889       5340       2049       7611       9660       9660       1.11       0.49     8689.32    10945.64     9660   
29676997.00    2702       3549       6251       1798       6951       8749       8749       1.13       0.52     7719.65    11915.30     8749   
29791580.00    2694       3390       6084       1806       7110       8916       8916       1.13       0.52     7900.65    11734.31     8916   
29906163.00    2717       3363       6080       1783       7137       8920       8920       1.13       0.52     7910.98    11723.98     8920   
30020746.00    2826       3553       6379       1674       6947       8621       8621       1.12       0.53     7677.98    11956.97     8621   
30135329.00    2847       3629       6476       1653       6871       8524       8524       1.12       0.54     7598.84    12036.12     8524   
30249912.00    2808       3607       6415       1692       6893       8585       8585       1.12       0.54     7650.89    11984.07     8585   
30364495.00    2813       3732       6545       1687       6768       8455       8455       1.12       0.54     7542.16    12092.79     8455   
30479078.00    2743       3622       6365       1757       6878       8635       8635       1.12       0.53     7707.33    11927.62     8635   
30593661.00    2754       3564       6318       1746       6936       8682       8682       1.12       0.53     7762.83    11872.12     8682   
30708244.00    2768       3599       6367       1732       6901       8633       8633       1.12       0.53     7686.29    11948.67     8633   
30822827.00    2676       3475       6151       1824       7025       8849       8849       1.12       0.52     7869.16    11765.79     8849   
30937410.00    2728       3448       6176       1772       7052       8824       8824       1.13       0.52     7790.16    11844.79     8824   
31051993.00    2761       3442       6203       1739       7058       8797       8797       1.13       0.52     7772.14    11862.81     8797   
31166576.00    2783       3608       6391       1717       6892       8609       8609       1.12       0.54     7690.88    11944.07     8609   
31281159.00    2803       3567       6370       1697       6933       8630       8630       1.11       0.54     7801.86    11833.09     8630   
31395742.00    2813       3609       6422       1687       6891       8578       8578       1.11       0.54     7720.10    11914.86     8578   
31510325.00    2675       3482       6157       1825       7018       8843       8843       1.11       0.53     7980.92    11654.04     8843   
31624908.00    2926       4066       6992       1574       6434       8008       8008       1.12       0.56     7165.72    12469.23     8008   
31739491.00    2954       4036       6990       1546       6464       8010       8010       1.12       0.56     7170.23    12464.72     8010   
31854074.00    2815       3761       6576       1685       6739       8424       8424       1.12       0.54     7523.21    12111.74     8424   
31968657.00    2798       3766       6564       1702       6734       8436       8436       1.12       0.54     7557.03    12077.92     8436   
32083240.00    2771       3655       6426       1729       6845       8574       8574       1.12       0.54     7658.07    11976.89     8574   
32197823.00    2627       3451       6078       1873       7049       8922       8922       1.12       0.52     7991.12    11643.84     8922   
32312406.00    2680       3473       6153       1820       7027       8847       8847       1.11       0.53     7969.82    11665.13     8847   
32426989.00    2564       3382       5946       1936       7118       9054       9054       1.11       0.52     8140.22    11494.74     9054   
32541572.00    2529       3200       5729       1971       7300       9271       9271       1.12       0.50     8255.45    11379.51     9271   
32656155.00    2462       2938       5400       2038       7562       9600       9600       1.12       0.49     8609.48    11025.48     9600   
32770738.00    2418       2792       5210       2082       7708       9790       9790       1.12       0.48     8760.79    10874.16     9790   
32885321.00    2443       2803       5246       2057       7697       9754       9754       1.12       0.48     8721.51    10913.44     9754   
32999904.00    2327       2651       4978       2173       7849      10022      10022       1.12       0.46     8915.74    10719.21    10022   
33114487.00    2311       2596       4907       2189       7904      10093      10093       1.13       0.46     8970.85    10664.11    10093   
33229070.00    2342       2437       4779       2158       8063      10221      10221       1.13       0.45     9082.29    10552.67    10221   
33343653.00    2326       2382       4708       2174       8118      10292      10292       1.12       0.45     9171.18    10463.78    10292   
33458236.00    2356       2524       4880       2144       7976      10120      10120       1.12       0.46     9050.18    10584.77    10120   
33572819.00    2363       2596       4959       2137       7904      10041      10041       1.11       0.47     9019.81    10615.14    10041   
33687402.00    2308       2522       4830       2192       7978      10170      10170       1.11       0.46     9180.23    10454.72    10170   
33801985.00    2393       2575       4968       2107       7925      10032      10032       1.10       0.47     9098.23    10536.72    10032   
33916568.00    2455       2701       5156       2045       7799       9844       9844       1.10       0.48     8932.46    10702.49     9844   
34031151.00    2466       2749       5215       2034       7751       9785       9785       1.10       0.48     8880.82    10754.14     9785   
34145734.00    2444       2803       5247       2056       7697       9753       9753       1.10       0.49     8828.00    10806.95     9753   
34260317.00    2478       2805       5283       2022       7695       9717       9717       1.11       0.48     8722.12    10912.84     9717   
34374900.00    2543       2857       5400       1957       7643       9600       9600       1.11       0.49     8639.34    10995.61     9600   
34489483.00    2540       2873       5413       1960       7627       9587       9587       1.12       0.49     8585.31    11049.64     9587   
34604066.00    2526       2902       5428       1974       7598       9572       9572       1.11       0.49     8625.47    11009.49     9572   
34718649.00    2607       2991       5598       1893       7509       9402       9402       1.12       0.50     8422.28    11212.67     9402   
34833232.00    2505       2871       5376       1995       7629       9624       9624       1.11       0.49     8698.38    10936.58     9624   
34947815.00    2613       2908       5521       1887       7592       9479       9479       1.11       0.50     8553.44    11081.52     9479   
35062398.00    2755       3270       6025       1745       7230       8975       8975       1.11       0.52     8074.02    11560.93     8975   
35176981.00    2682       3147       5829       1818       7353       9171       9171       1.10       0.52     8324.25    11310.70     9171   
35291564.00    2753       3271       6024       1747       7229       8976       8976       1.11       0.52     8102.20    11532.76     8976   
35406147.00    2771       3305       6076       1729       7195       8924       8924       1.11       0.53     8061.94    11573.02     8924   
35520730.00    2741       3689       6430       1759       6811       8570       8570       1.11       0.54     7688.89    11946.06     8570   
35635313.00    2695       3581       6276       1805       6919       8724       8724       1.11       0.53     7839.09    11795.86     8724   
35749896.00    2803       3645       6448       1697       6855       8552       8552       1.12       0.54     7657.72    11977.24     8552   
35864479.00    2717       3466       6183       1783       7034       8817       8817       1.10       0.53     7997.66    11637.30     8817   
35979062.00    2740       3529       6269       1760       6971       8731       8731       1.10       0.54     7939.07    11695.88     8731   
36093645.00    2744       3541       6285       1756       6959       8715       8715       1.10       0.54     7922.88    11712.08     8715   
36208228.00    2751       3439       6190       1749       7061       8810       8810       1.11       0.53     7955.89    11679.06     8810   
36322811.00    2761       3468       6229       1739       7032       8771       8771       1.11       0.53     7933.56    11701.40     8771   
36437394.00    2603       3221       5824       1897       7279       9176       9176       1.10       0.52     8343.17    11291.78     9176   
36551977.00    2563       2950       5513       1937       7550       9487       9487       1.10       0.50     8618.95    11016.01     9487   
36666560.00    2598       2946       5544       1902       7554       9456       9456       1.10       0.50     8606.52    11028.43     9456   
36781143.00    2665       3150       5815       1835       7350       9185       9185       1.10       0.51     8341.86    11293.10     9185   
36895726.00    2595       3112       5707       1905       7388       9293       9293       1.10       0.51     8479.69    11155.27     9293   
37010309.00    2501       3023       5524       1999       7477       9476       9476       1.10       0.50     8644.60    10990.35     9476   
37124892.00    2478       2927       5405       2022       7573       9595       9595       1.10       0.50     8758.63    10876.33     9595   
37239475.00    2411       2899       5310       2089       7601       9690       9690       1.10       0.49     8811.37    10823.58     9690   
37354058.00    2366       2922       5288       2134       7578       9712       9712       1.10       0.49     8792.25    10842.70     9712   
37468641.00    2417       2891       5308       2083       7609       9692       9692       1.11       0.49     8717.76    10917.20     9692   
37583224.00    2380       2860       5240       2120       7640       9760       9760       1.10       0.49     8886.33    10748.62     9760   
37697807.00    2448       3236       5684       2052       7264       9316       9316       1.10       0.51     8448.71    11186.24     9316   
37812390.00    2471       3331       5802       2029       7169       9198       9198       1.11       0.51     8273.28    11361.68     9198   
37926973.00    2396       3176       5572       2104       7324       9428       9428       1.11       0.50     8502.53    11132.42     9428   
38041556.00    2361       3051       5412       2139       7449       9588       9588       1.11       0.49     8653.64    10981.31     9588   
38156139.00    2309       3057       5366       2191       7443       9634       9634       1.10       0.49     8722.30    10912.66     9634   
38270722.00    2146       3048       5194       2354       7452       9806       9806       1.11       0.48     8838.34    10796.61     9806   
38385305.00    2045       2661       4706       2455       7839      10294      10294       1.11       0.45     9285.72    10349.23    10294   
38499888.00    1887       2303       4190       2613       8197      10810      10810       1.11       0.42     9703.46    9931.49     10810   
38614471.00    1885       2257       4142       2615       8243      10858      10858       1.11       0.42     9755.80    9879.15     10858   
38729054.00    1872       2278       4150       2628       8222      10850      10850       1.11       0.42     9764.74    9870.22     10850   
38843637.00    1917       2381       4298       2583       8119      10702      10702       1.11       0.43     9616.14    10018.82    10702   
38958220.00    1855       2264       4119       2645       8236      10881       9172       1.11       0.42     9794.36    9840.60      5440   
39072803.00    1865       2408       4273       2635       8092      10727       9232       1.11       0.43     9633.68    10001.27     5363   
39187386.00    1818       2537       4355       2682       7963      10645       9312       1.12       0.43     9471.00    10163.95     5322   
39301969.00    1805       2438       4243       2695       8062      10757       9500       1.13       0.42     9553.62    10081.34     5378   
39416552.00    1745       2316       4061       2755       8184      10939       9713       1.13       0.41     9720.09    9914.86      5469   
39531135.00    1743       2360       4103       2757       8140      10897       9808       1.13       0.41     9665.19    9969.76      5448   
39645718.00    1699       2258       3957       2801       8242      11043       9956       1.13       0.40     9805.91    9829.05      5521   
39760301.00    1685       2305       3990       2815       8195      11010      10002       1.12       0.41     9826.44    9808.52      5505   
39874884.00    1696       3260       4956       2804       7240      10044      10044       1.13       0.46     8877.92    10757.04    10044   
39989467.00    1704       3114       4818       2796       7386      10182      10182       1.14       0.45     8961.97    10672.99    10182   
40104050.00    1665       3041       4706       2835       7459      10294      10294       1.14       0.44     9029.95    10605.01    10294   
40218633.00    1632       2878       4510       2868       7622      10490      10490       1.14       0.43     9172.85    10462.10    10490   
40333216.00    1527       2646       4173       2973       7854      10827      10827       1.14       0.41     9457.26    10177.69    10827   
40447799.00    1497       2544       4041       3003       7956      10959      10959       1.15       0.40     9554.68    10080.27    10959   
40562382.00    1407       2317       3724       3093       8183      11276      11276       1.15       0.38     9818.36    9816.59     11276   
40676965.00    1394       2172       3566       3106       8328      11434      11434       1.15       0.37     9952.89    9682.07     11434   
40791548.00    1336       1982       3318       3164       8518      11682      11682       1.15       0.35     10145.35   9489.61     11682   
40906131.00    1358       1987       3345       3142       8513      11655      11655       1.16       0.35     10071.58   9563.38     11655   
41020714.00    1341       1878       3219       3159       8622      11781      11781       1.14       0.35     10306.66   9328.29     11781   
41135297.00    1352       1901       3253       3148       8599      11747      11747       1.14       0.35     10290.39   9344.57     11747   
41249880.00    1388       2022       3410       3112       8478      11590      11590       1.14       0.36     10166.45   9468.50     11590   
41364463.00    1394       1979       3373       3106       8521      11627      11627       1.13       0.36     10245.33   9389.63     11627   
41479046.00    1379       2023       3402       3121       8477      11598      11598       1.14       0.36     10190.18   9444.78     11598   
41593629.00    1420       2027       3447       3080       8473      11553      11553       1.15       0.36     10071.00   9563.95     11553   
41708212.00    1448       2001       3449       3052       8499      11551      11551       1.15       0.36     10050.47   9584.49     11551   
41822795.00    1502       2047       3549       2998       8453      11451      11451       1.15       0.37     9987.07    9647.89     11451   
41937378.00    1544       2124       3668       2956       8376      11332      11332       1.15       0.38     9888.58    9746.38     11332   
42051961.00    1514       2042       3556       2986       8458      11444      11444       1.14       0.37     10028.17   9606.78     11444   
42166544.00    1543       2102       3645       2957       8398      11355      11355       1.14       0.38     9973.73    9661.22     11355   
42281127.00    1590       2223       3813       2910       8277      11187      11187       1.14       0.39     9822.08    9812.88     11187   
42395710.00    1557       2246       3803       2943       8254      11197      11197       1.14       0.39     9804.59    9830.37     11197   
42510293.00    1634       2306       3940       2866       8194      11060      11060       1.14       0.40     9671.20    9963.76     11060   
42624876.00    1646       2234       3880       2854       8266      11120      11120       1.14       0.39     9743.84    9891.11     11120   
42739459.00    1682       2362       4044       2818       8138      10956      10956       1.14       0.40     9603.45    10031.50    10956   
42854042.00    1709       2411       4120       2791       8089      10880      10880       1.14       0.41     9564.46    10070.49    10880   
42968625.00    1746       2465       4211       2754       8035      10789      10789       1.13       0.42     9536.00    10098.95    10789   
43083208.00    1762       2492       4254       2738       8008      10746      10746       1.14       0.42     9458.71    10176.24    10746   
43197791.00    1763       2447       4210       2737       8053      10790      10790       1.14       0.41     9453.02    10181.94    10790   
43312374.00    1770       2401       4171       2730       8099      10829      10829       1.13       0.41     9554.02    10080.93    10829   
43426957.00    1839       2541       4380       2661       7959      10620      10620       1.13       0.43     9361.16    10273.79    10620   
43541540.00    1842       2410       4252       2658       8090      10748      10748       1.14       0.42     9464.56    10170.39    10748   
43656123.00    1895       2628       4523       2605       7872      10477      10477       1.14       0.43     9175.92    10459.03    10477   
43770706.00    1919       2692       4611       2581       7808      10389      10389       1.14       0.44     9084.91    10550.04    10389   
43885289.00    1924       2635       4559       2576       7865      10441      10441       1.15       0.43     9097.79    10537.16    10441   
43999872.00    1899       2466       4365       2601       8034      10635      10635       1.15       0.42     9259.64    10375.31    10635   
44114455.00    1904       2369       4273       2596       8131      10727      10727       1.15       0.42     9363.90    10271.05    10727   
44229038.00    1914       2361       4275       2586       8139      10725      10725       1.15       0.41     9317.83    10317.13    10725   
44343621.00    1900       2362       4262       2600       8138      10738      10738       1.15       0.41     9329.49    10305.47    10738   
44458204.00    1919       2352       4271       2581       8148      10729      10729       1.16       0.41     9279.38    10355.58    10729   
44572787.00    1871       2237       4108       2629       8263      10892      10892       1.15       0.41     9502.62    10132.33    10892   
44687370.00    1954       2379       4333       2546       8121      10667      10667       1.14       0.42     9331.62    10303.34    10667   
44801953.00    1909       2435       4344       2591       8065      10656      10656       1.14       0.42     9316.20    10318.75    10656   
44916536.00    1951       2420       4371       2549       8080      10629      10629       1.14       0.42     9305.24    10329.72    10629   
45031119.00    2006       2495       4501       2494       8005      10499      10499       1.14       0.43     9204.07    10430.89    10499   
45145702.00    2006       2443       4449       2494       8057      10551      10551       1.14       0.43     9223.20    10411.76    10551   
45260285.00    2055       2450       4505       2445       8050      10495      10495       1.15       0.43     9157.87    10477.08    10495   
45374868.00    2118       2677       4795       2382       7823      10205      10205       1.16       0.44     8811.38    10823.58    10205   
45489451.00    2114       2688       4802       2386       7812      10198      10198       1.16       0.44     8788.70    10846.25    10198   
45604034.00    2082       2556       4638       2418       7944      10362      10362       1.15       0.44     8976.58    10658.37    10362   
45718617.00    2089       2537       4626       2411       7963      10374      10374       1.15       0.44     9048.74    10586.22    10374   
45833200.00    2096       2519       4615       2404       7981      10385      10385       1.14       0.44     9117.86    10517.10    10385   
