 Timestep    Gas_A      Gas_B     Gas_tot    Dense_A    Dense_B   Dense_tot   Lg_clust  DP_density GP_density Clust_area  Gas_area     MCS    
   0.00      10500       4500      15000        0          0          0          4         0.00       0.76       0.00     19634.96      0     
124999.00    10500       4500      15000        0          0          0         458        0.00       0.76       0.00     19634.96      0     
249998.00     9334       3905      13239       1166       595        1761       1761       0.98       0.74     1790.53    17844.43     1761   
374997.00     8292       3398      11690       2208       1102       3310       2127       0.99       0.72     3342.72    16292.23     1655   
499996.00     6403       2477       8880       4097       2023       6120       1975       1.02       0.65     5975.91    13659.04     1530   
624995.00     5447       2067       7514       5053       2433       7486       3704       1.05       0.60     7152.40    12482.56     1871   
749994.00     4144       1407       5551       6356       3093       9449       5195       1.05       0.52     9006.36    10628.60     3149   
874993.00     4102       1386       5488       6398       3114       9512       5876       1.06       0.52     8980.89    10654.07     3170   
999992.00     3675       1167       4842       6825       3333      10158       6089       1.06       0.48     9541.94    10093.02     3386   
1124991.00    3502       1090       4592       6998       3410      10408       6224       1.06       0.47     9773.05    9861.90      3469   
1249990.00    3336       1070       4406       7164       3430      10594       6262       1.07       0.45     9896.31    9738.65      3531   
1374989.00    2869       866        3735       7631       3634      11265       9622       1.06       0.41     10594.94   9040.02      5632   
1499988.00    3276       1008       4284       7224       3492      10716      10716       1.07       0.45     10020.79   9614.16     10716   
1624987.00    3268       996        4264       7232       3504      10736       8915       1.06       0.45     10096.86   9538.10      5368   
1749986.00    3123       933        4056       7377       3567      10944       9082       1.07       0.43     10182.16   9452.79      5472   
1874985.00    3164       986        4150       7336       3514      10850       5809       1.08       0.43     10028.91   9606.05      3616   
1999984.00    2713       790        3503       7787       3710      11497       9511       1.09       0.39     10591.09   9043.87      5748   
2124983.00    2713       828        3541       7787       3672      11459       5940       1.09       0.39     10523.35   9111.60      3819   
2249982.00    2683       754        3437       7817       3746      11563       5920       1.09       0.38     10592.52   9042.44      3854   
2374981.00    2653       732        3385       7847       3768      11615       6136       1.09       0.38     10653.57   8981.39      3871   
2499980.00    2792       783        3575       7708       3717      11425       9351       1.09       0.39     10513.27   9121.69      5712   
2624979.00    2851       820        3671       7649       3680      11329       9289       1.09       0.40     10420.56   9214.40      5664   
2749978.00    2695       769        3464       7805       3731      11536       9555       1.08       0.38     10634.84   9000.11      5768   
2874977.00    2706       763        3469       7794       3737      11531       9639       1.08       0.39     10652.08   8982.87      5765   
2999976.00    3044       932        3976       7456       3568      11024       9035       1.09       0.42     10152.19   9482.77      5512   
3124975.00    3201       932        4133       7299       3568      10867       9043       1.09       0.43     10001.40   9633.56      5433   
3249974.00    3169       986        4155       7331       3514      10845       9168       1.08       0.43     10025.44   9609.52      5422   
3374973.00    3010       893        3903       7490       3607      11097       9415       1.09       0.41     10204.80   9430.15      5548   
3499972.00    2867       846        3713       7633       3654      11287       9694       1.09       0.40     10330.49   9304.47      5643   
3624971.00    2685       775        3460       7815       3725      11540       9929       1.09       0.38     10600.00   9034.96      5770   
3749970.00    2660       794        3454       7840       3706      11546       9832       1.09       0.38     10596.15   9038.81      5773   
3874969.00    2719       829        3548       7781       3671      11452       9624       1.08       0.39     10580.61   9054.35      5726   
3999968.00    2882       871        3753       7618       3629      11247       9557       1.08       0.41     10381.10   9253.85      5623   
4124967.00    2810       845        3655       7690       3655      11345       9634       1.09       0.40     10456.06   9178.90      5672   
4249966.00    2709       801        3510       7791       3699      11490       9759       1.08       0.39     10595.82   9039.14      5745   
4374965.00    2859       817        3676       7641       3683      11324       9820       1.09       0.40     10436.68   9198.28      5662   
4499964.00    2942       851        3793       7558       3649      11207       9751       1.09       0.41     10284.24   9350.72      5603   
4624963.00    2693       777        3470       7807       3723      11530      10005       1.09       0.39     10626.06   9008.90      5765   
4749962.00    2856       846        3702       7644       3654      11298      10017       1.09       0.40     10324.21   9310.75      5649   
4874961.00    2752       775        3527       7748       3725      11473      10165       1.09       0.39     10522.57   9112.39      5736   
4999960.00    2760       816        3576       7740       3684      11424      10114       1.09       0.39     10472.83   9162.13      5712   
5124959.00    2745       782        3527       7755       3718      11473      10126       1.09       0.39     10531.29   9103.67      5736   
5249958.00    2584       715        3299       7916       3785      11701      10280       1.09       0.37     10777.53   8857.43      5850   
5374957.00    2621       769        3390       7879       3731      11610      11610       1.09       0.38     10690.79   8944.16     11610   
5499956.00    2920       861        3781       7580       3639      11219      11219       1.09       0.41     10299.69   9335.26     11219   
5624955.00    2821       854        3675       7679       3646      11325      11325       1.09       0.40     10429.80   9205.16     11325   
5749954.00    2680       792        3472       7820       3708      11528      11528       1.10       0.38     10521.72   9113.24     11528   
5874953.00    2474       726        3200       8026       3774      11800      11800       1.09       0.36     10831.52   8803.44     11800   
5999952.00    2441       747        3188       8059       3753      11812      11812       1.08       0.37     10935.01   8699.94     11812   
6124951.00    2770       886        3656       7730       3614      11344      11344       1.08       0.40     10486.45   9148.51     11344   
6249950.00    2866       840        3706       7634       3660      11294      11294       1.08       0.40     10414.21   9220.75     11294   
6374949.00    2768       875        3643       7732       3625      11357      11357       1.08       0.40     10525.76   9109.19     11357   
6499948.00    2886       907        3793       7614       3593      11207      11207       1.08       0.41     10332.70   9302.26     11207   
6624947.00    2940       976        3916       7560       3524      11084      11084       1.09       0.41     10147.91   9487.05     11084   
6749946.00    3538       1221       4759       6962       3279      10241      10241       1.10       0.46     9320.57    10314.38    10241   
6874945.00    2771       802        3573       7729       3698      11427      11427       1.09       0.39     10495.27   9139.68     11427   
6999944.00    2844       867        3711       7656       3633      11289      11289       1.09       0.40     10327.01   9307.94     11289   
7124943.00    2856       874        3730       7644       3626      11270      11270       1.10       0.40     10244.73   9390.23     11270   
7249942.00    2895       885        3780       7605       3615      11220      11220       1.10       0.40     10236.59   9398.36     11220   
7374941.00    2753       850        3603       7747       3650      11397      11397       1.10       0.39     10359.67   9275.29     11397   
7499940.00    2599       837        3436       7901       3663      11564      11564       1.10       0.38     10533.20   9101.76     11564   
7624939.00    2576       780        3356       7924       3720      11644      11644       1.09       0.37     10647.54   8987.42     11644   
7749938.00    2464       745        3209       8036       3755      11791      11791       1.09       0.36     10828.38   8806.58     11791   
7874937.00    2658       774        3432       7842       3726      11568      11568       1.09       0.38     10623.90   9011.06     11568   
7999936.00    2946       947        3893       7554       3553      11107      11107       1.10       0.41     10138.75   9496.21     11107   
8124935.00    2954       960        3914       7546       3540      11086      11086       1.10       0.41     10099.18   9535.77     11086   
8249934.00    2715       832        3547       7785       3668      11453      11453       1.10       0.39     10447.36   9187.59     11453   
8374933.00    2593       801        3394       7907       3699      11606      11606       1.10       0.37     10581.04   9053.91     11606   
8499932.00    2593       783        3376       7907       3717      11624       5866       1.10       0.37     10607.89   9027.06      5812   
8624931.00    2509       745        3254       7991       3755      11746       5882       1.09       0.37     10797.42   8837.54      5873   
8749930.00    3138       1067       4205       7362       3433      10795       5940       1.09       0.43     9863.59    9771.36      5397   
8874929.00    3185       1080       4265       7315       3420      10735       5990       1.10       0.43     9793.68    9841.28      5367   
8999928.00    3144       1044       4188       7356       3456      10812       6060       1.10       0.43     9859.93    9775.02      5406   
9124927.00    3696       1310       5006       6804       3190       9994       6064       1.09       0.48     9140.53    10494.42     4997   
9249926.00    3087       986        4073       7413       3514      10927      10927       1.10       0.42     9956.65    9678.31     10927   
9374925.00    2923       899        3822       7577       3601      11178      11178       1.08       0.41     10313.44   9321.52     11178   
9499924.00    3281       1038       4319       7219       3462      10681      10681       1.09       0.44     9844.01    9790.95     10681   
9624923.00    3328       1116       4444       7172       3384      10556      10556       1.09       0.45     9659.19    9975.77     10556   
9749922.00    3256       1069       4325       7244       3431      10675      10675       1.10       0.44     9701.22    9933.73     10675   
9874921.00    3194       1045       4239       7306       3455      10761      10761       1.10       0.43     9806.04    9828.92     10761   
9999920.00    3252       1077       4329       7248       3423      10671      10671       1.11       0.43     9655.68    9979.27     10671   
10124919.00    3156       1018       4174       7344       3482      10826      10826       1.10       0.43     9842.98    9791.98     10826   
10249918.00    3132       995        4127       7368       3505      10873      10873       1.10       0.42     9870.70    9764.26     10873   
10374917.00    2975       963        3938       7525       3537      11062      11062       1.09       0.41     10115.22   9519.74     11062   
10499916.00    3062       962        4024       7438       3538      10976      10976       1.09       0.42     10080.51   9554.45     10976   
10624915.00    3111       1007       4118       7389       3493      10882      10882       1.09       0.43     10020.47   9614.48     10882   
10749914.00    3115       1002       4117       7385       3498      10883      10883       1.09       0.43     9962.06    9672.90     10883   
10874913.00    3008       948        3956       7492       3552      11044      11044       1.09       0.41     10102.40   9532.55     11044   
10999912.00    2980       943        3923       7520       3557      11077      11077       1.09       0.42     10203.77   9431.18     11077   
11124911.00    2872       901        3773       7628       3599      11227      11227       1.08       0.41     10358.16   9276.80     11227   
11249910.00    3005       964        3969       7495       3536      11031      11031       1.09       0.42     10143.53   9491.43     11031   
11374909.00    2840       867        3707       7660       3633      11293      11293       1.08       0.40     10428.37   9206.59     11293   
11499908.00    2846       887        3733       7654       3613      11267      11267       1.09       0.40     10331.98   9302.98     11267   
11624907.00    2571       752        3323       7929       3748      11677      11677       1.09       0.37     10686.79   8948.16     11677   
11749906.00    2723       830        3553       7777       3670      11447      11447       1.10       0.39     10434.19   9200.77     11447   
11874905.00    2531       737        3268       7969       3763      11732      11732       1.09       0.37     10727.37   8907.59     11732   
11999904.00    2585       725        3310       7915       3775      11690      11690       1.09       0.37     10676.36   8958.60     11690   
12124903.00    2658       837        3495       7842       3663      11505      11505       1.10       0.38     10464.76   9170.19     11505   
12249902.00    2622       778        3400       7878       3722      11600      11600       1.10       0.37     10523.78   9111.17     11600   
12374901.00    2464       700        3164       8036       3800      11836      11836       1.10       0.36     10744.02   8890.93     11836   
12499900.00    2796       859        3655       7704       3641      11345      11345       1.11       0.39     10262.83   9372.13     11345   
12624899.00    2706       850        3556       7794       3650      11444      11444       1.10       0.38     10369.86   9265.09     11444   
12749898.00    2571       821        3392       7929       3679      11608      11608       1.10       0.37     10527.60   9107.36     11608   
12874897.00    2524       794        3318       7976       3706      11682      11682       1.11       0.37     10545.19   9089.76     11682   
12999896.00    2591       822        3413       7909       3678      11587      11587       1.11       0.37     10417.11   9217.85     11587   
13124895.00    2481       752        3233       8019       3748      11767      11767       1.11       0.36     10568.29   9066.67     11767   
13249894.00    2281       651        2932       8219       3849      12068      12068       1.12       0.33     10806.21   8828.74     12068   
13374893.00    2444       703        3147       8056       3797      11853      11853       1.11       0.35     10647.52   8987.43     11853   
13499892.00    2410       696        3106       8090       3804      11894      11894       1.11       0.35     10726.80   8908.15     11894   
13624891.00    2379       685        3064       8121       3815      11936      11936       1.11       0.35     10756.27   8878.68     11936   
13749890.00    2382       708        3090       8118       3792      11910      11910       1.11       0.35     10772.28   8862.67     11910   
13874889.00    2503       755        3258       7997       3745      11742      11742       1.10       0.36     10692.66   8942.30     11742   
13999888.00    2783       872        3655       7717       3628      11345      11345       1.10       0.39     10357.07   9277.88     11345   
14124887.00    2755       871        3626       7745       3629      11374      11374       1.10       0.39     10352.48   9282.48     11374   
14249886.00    2655       804        3459       7845       3696      11541      11541       1.10       0.38     10516.62   9118.33     11541   
14374885.00    2707       833        3540       7793       3667      11460      11460       1.10       0.38     10399.64   9235.32     11460   
14499884.00    2538       779        3317       7962       3721      11683      11683       1.10       0.37     10582.36   9052.60     11683   
14624883.00    2525       775        3300       7975       3725      11700      11700       1.10       0.37     10674.38   8960.57     11700   
14749882.00    2645       840        3485       7855       3660      11515      11515       1.10       0.38     10503.32   9131.63     11515   
14874881.00    2701       809        3510       7799       3691      11490      11490       1.10       0.38     10440.99   9193.96     11490   
14999880.00    2599       792        3391       7901       3708      11609      11609       1.10       0.37     10527.44   9107.52     11609   
15124879.00    2373       706        3079       8127       3794      11921      11921       1.11       0.35     10743.69   8891.26     11921   
15249878.00    2245       685        2930       8255       3815      12070      12070       1.10       0.34     10961.53   8673.42     12070   
15374877.00    2248       662        2910       8252       3838      12090      12090       1.10       0.34     10994.12   8640.84     12090   
15499876.00    2462       693        3155       8038       3807      11845      11845       1.09       0.36     10852.49   8782.47     11845   
15624875.00    2872       925        3797       7628       3575      11203      11203       1.09       0.41     10284.88   9350.08     11203   
15749874.00    2822       897        3719       7678       3603      11281      11281       1.09       0.40     10335.66   9299.29     11281   
15874873.00    2929       880        3809       7571       3620      11191      11191       1.10       0.40     10185.77   9449.19     11191   
15999872.00    2878       838        3716       7622       3662      11284      11284       1.10       0.40     10244.65   9390.31     11284   
16124871.00    2867       855        3722       7633       3645      11278      11278       1.10       0.40     10255.24   9379.71     11278   
16249870.00    2847       872        3719       7653       3628      11281      11281       1.10       0.40     10249.82   9385.13     11281   
16374869.00    2830       836        3666       7670       3664      11334      11334       1.10       0.39     10268.39   9366.57     11334   
16499868.00    2706       825        3531       7794       3675      11469      11469       1.11       0.38     10365.38   9269.57     11469   
16624867.00    2655       841        3496       7845       3659      11504      11504       1.11       0.38     10383.06   9251.90     11504   
16749866.00    2697       825        3522       7803       3675      11478      11478       1.12       0.38     10286.30   9348.65     11478   
16874865.00    2570       751        3321       7930       3749      11679      11679       1.11       0.36     10505.29   9129.66     11679   
16999864.00    2342       676        3018       8158       3824      11982      11982       1.11       0.34     10783.03   8851.92     11982   
17124863.00    2451       723        3174       8049       3777      11826      11826       1.11       0.35     10648.91   8986.04     11826   
17249862.00    2423       659        3082       8077       3841      11918      11918       1.11       0.34     10699.39   8935.56     11918   
17374861.00    2372       656        3028       8128       3844      11972      11972       1.12       0.34     10736.53   8898.43     11972   
17499860.00    2292       682        2974       8208       3818      12026      12026       1.12       0.33     10748.70   8886.25     12026   
17624859.00    2330       667        2997       8170       3833      12003      10761       1.11       0.34     10801.56   8833.40      6001   
17749858.00    2385       733        3118       8115       3767      11882      10748       1.11       0.35     10702.05   8932.90      5941   
17874857.00    2348       720        3068       8152       3780      11932      10801       1.11       0.34     10705.22   8929.73      5966   
17999856.00    2292       700        2992       8208       3800      12008      10802       1.11       0.34     10792.53   8842.43      6004   
18124855.00    3223       1082       4305       7277       3418      10695      10695       1.12       0.43     9556.35    10078.60    10695   
18249854.00    3127       1035       4162       7373       3465      10838      10838       1.12       0.42     9715.69    9919.27     10838   
18374853.00    3008       990        3998       7492       3510      11002      11002       1.11       0.41     9900.99    9733.96     11002   
18499852.00    3137       1015       4152       7363       3485      10848      10848       1.11       0.42     9782.66    9852.30     10848   
18624851.00    3191       1046       4237       7309       3454      10763      10763       1.10       0.43     9763.35    9871.60     10763   
18749850.00    3216       1081       4297       7284       3419      10703      10703       1.10       0.43     9704.86    9930.10     10703   
18874849.00    3244       1035       4279       7256       3465      10721      10721       1.10       0.43     9739.57    9895.38     10721   
18999848.00    3244       1049       4293       7256       3451      10707      10707       1.10       0.43     9701.30    9933.66     10707   
19124847.00    2844       889        3733       7656       3611      11267      11267       1.10       0.40     10214.98   9419.97     11267   
19249846.00    2729       815        3544       7771       3685      11456      11456       1.11       0.38     10323.12   9311.83     11456   
19374845.00    2505       726        3231       7995       3774      11769      11769       1.11       0.36     10600.33   9034.63     11769   
19499844.00    2314       639        2953       8186       3861      12047      12047       1.12       0.33     10782.53   8852.43     12047   
19624843.00    2283       614        2897       8217       3886      12103      12103       1.11       0.33     10857.38   8777.57     12103   
19749842.00    2339       670        3009       8161       3830      11991      11991       1.12       0.34     10738.10   8896.85     11991   
19874841.00    2351       642        2993       8149       3858      12007      12007       1.12       0.34     10746.36   8888.59     12007   
19999840.00    2206       621        2827       8294       3879      12173      12173       1.12       0.32     10890.86   8744.09     12173   
20124839.00    2252       641        2893       8248       3859      12107      12107       1.12       0.33     10843.82   8791.13     12107   
20249838.00    2282       625        2907       8218       3875      12093      12093       1.11       0.33     10850.35   8784.60     12093   
20374837.00    2266       647        2913       8234       3853      12087      12087       1.11       0.33     10893.91   8741.05     12087   
20499836.00    2288       649        2937       8212       3851      12063      12063       1.11       0.34     10872.16   8762.80     12063   
20624835.00    2301       680        2981       8199       3820      12019      12019       1.11       0.34     10845.37   8789.59     12019   
20749834.00    2414       718        3132       8086       3782      11868      11868       1.11       0.35     10733.31   8901.64     11868   
20874833.00    2409       700        3109       8091       3800      11891      11891       1.11       0.35     10691.62   8943.33     11891   
20999832.00    2431       691        3122       8069       3809      11878      11878       1.11       0.35     10661.23   8973.72     11878   
21124831.00    2360       677        3037       8140       3823      11963      11963       1.12       0.34     10699.81   8935.15     11963   
21249830.00    2328       678        3006       8172       3822      11994      11994       1.13       0.33     10652.15   8982.80     11994   
21374829.00    2255       640        2895       8245       3860      12105      12105       1.13       0.33     10742.05   8892.90     12105   
21499828.00    2175       635        2810       8325       3865      12190      12190       1.12       0.32     10839.47   8795.49     12190   
21624827.00    2240       649        2889       8260       3851      12111      12111       1.13       0.33     10747.53   8887.42     12111   
21749826.00    2179       611        2790       8321       3889      12210      12210       1.12       0.32     10885.45   8749.50     12210   
21874825.00    2064       566        2630       8436       3934      12370      12370       1.12       0.31     11059.94   8575.02     12370   
21999824.00    2206       622        2828       8294       3878      12172      12172       1.12       0.32     10911.85   8723.11     12172   
22124823.00    2319       677        2996       8181       3823      12004      12004       1.12       0.34     10751.44   8883.51     12004   
22249822.00    2418       700        3118       8082       3800      11882      11882       1.11       0.35     10678.55   8956.41     11882   
22374821.00    2310       712        3022       8190       3788      11978      11978       1.11       0.34     10795.85   8839.11     11978   
22499820.00    2367       731        3098       8133       3769      11902      11902       1.11       0.35     10723.09   8911.86     11902   
22624819.00    2318       680        2998       8182       3820      12002      12002       1.11       0.34     10816.27   8818.69     12002   
22749818.00    2268       664        2932       8232       3836      12068      12068       1.11       0.33     10856.28   8778.67     12068   
22874817.00    2239       648        2887       8261       3852      12113      10828       1.11       0.33     10941.71   8693.25      6056   
22999816.00    2348       704        3052       8152       3796      11948      10762       1.10       0.35     10821.77   8813.19      5974   
23124815.00    2478       758        3236       8022       3742      11764      10691       1.11       0.36     10613.32   9021.64      5882   
23249814.00    2318       747        3065       8182       3753      11935      11935       1.12       0.34     10702.91   8932.04     11935   
23374813.00    2264       704        2968       8236       3796      12032      12032       1.12       0.33     10755.28   8879.68     12032   
23499812.00    2276       660        2936       8224       3840      12064      12064       1.12       0.33     10785.64   8849.32     12064   
23624811.00    2231       623        2854       8269       3877      12146      12146       1.12       0.33     10861.92   8773.03     12146   
23749810.00    2319       667        2986       8181       3833      12014      12014       1.12       0.34     10727.87   8907.09     12014   
23874809.00    2381       714        3095       8119       3786      11905      11905       1.12       0.35     10668.86   8966.09     11905   
23999808.00    2370       654        3024       8130       3846      11976      11976       1.11       0.34     10744.93   8890.03     11976   
24124807.00    2310       662        2972       8190       3838      12028      12028       1.11       0.34     10845.75   8789.20     12028   
24249806.00    2311       626        2937       8189       3874      12063      12063       1.10       0.34     10931.12   8703.83     12063   
24374805.00    2429       664        3093       8071       3836      11907      11907       1.10       0.35     10846.96   8788.00     11907   
24499804.00    2464       721        3185       8036       3779      11815      11815       1.10       0.36     10777.28   8857.68     11815   
24624803.00    2502       761        3263       7998       3739      11737      11737       1.09       0.37     10745.19   8889.77     11737   
24749802.00    3298       1124       4422       7202       3376      10578      10578       1.10       0.44     9595.71    10039.24    10578   
24874801.00    3156       1075       4231       7344       3425      10769      10769       1.10       0.43     9761.11    9873.84     10769   
24999800.00    3020       989        4009       7480       3511      10991      10991       1.11       0.41     9921.33    9713.63     10991   
25124799.00    3178       1051       4229       7322       3449      10771      10771       1.11       0.43     9684.79    9950.17     10771   
25249798.00    3150       1027       4177       7350       3473      10823      10823       1.12       0.42     9706.18    9928.77     10823   
25374797.00    3165       1052       4217       7335       3448      10783      10783       1.12       0.42     9595.48    10039.47    10783   
25499796.00    2950       956        3906       7550       3544      11094      11094       1.12       0.40     9919.63    9715.32     11094   
25624795.00    2825       903        3728       7675       3597      11272      11272       1.11       0.39     10117.85   9517.10     11272   
25749794.00    2761       872        3633       7739       3628      11367      11367       1.12       0.38     10171.54   9463.41     11367   
25874793.00    2406       707        3113       8094       3793      11887      11887       1.11       0.35     10719.64   8915.31     11887   
25999792.00    3251       1077       4328       7249       3423      10672      10672       1.11       0.43     9584.61    10050.35    10672   
26124791.00    3236       1073       4309       7264       3427      10691      10691       1.12       0.43     9510.27    10124.68    10691   
26249790.00    2298       728        3026       8202       3772      11974      11974       1.12       0.34     10680.65   8954.30     11974   
26374789.00    2407       765        3172       8093       3735      11828      11828       1.12       0.35     10546.99   9087.97     11828   
26499788.00    2317       694        3011       8183       3806      11989      11989       1.12       0.34     10694.75   8940.21     11989   
26624787.00    2295       676        2971       8205       3824      12029      12029       1.12       0.33     10715.59   8919.37     12029   
26749786.00    2307       688        2995       8193       3812      12005      12005       1.12       0.34     10719.61   8915.34     12005   
26874785.00    2314       677        2991       8186       3823      12009      12009       1.12       0.33     10685.90   8949.05     12009   
26999784.00    2289       642        2931       8211       3858      12069      12069       1.12       0.33     10766.49   8868.46     12069   
27124783.00    2227       641        2868       8273       3859      12132      12132       1.12       0.33     10815.43   8819.53     12132   
27249782.00    2464       723        3187       8036       3777      11813      11813       1.12       0.35     10501.54   9133.42     11813   
27374781.00    2349       682        3031       8151       3818      11969      11969       1.12       0.34     10667.00   8967.95     11969   
27499780.00    2391       701        3092       8109       3799      11908      11908       1.13       0.34     10573.92   9061.04     11908   
27624779.00    2312       669        2981       8188       3831      12019      12019       1.13       0.33     10678.99   8955.97     12019   
27749778.00    2240       616        2856       8260       3884      12144      12144       1.12       0.32     10815.22   8819.74     12144   
27874777.00    2349       662        3011       8151       3838      11989      11989       1.13       0.33     10622.41   9012.54     11989   
27999776.00    2320       647        2967       8180       3853      12033      12033       1.13       0.33     10628.73   9006.22     12033   
28124775.00    2296       652        2948       8204       3848      12052      12052       1.13       0.33     10644.26   8990.70     12052   
28249774.00    2265       613        2878       8235       3887      12122      12122       1.13       0.32     10749.58   8885.38     12122   
28374773.00    2178       630        2808       8322       3870      12192      12192       1.13       0.32     10813.49   8821.46     12192   
28499772.00    2278       670        2948       8222       3830      12052      12052       1.13       0.33     10647.75   8987.20     12052   
28624771.00    2235       666        2901       8265       3834      12099      12099       1.13       0.32     10685.72   8949.24     12099   
28749770.00    2256       666        2922       8244       3834      12078      12078       1.14       0.32     10634.50   9000.46     12078   
28874769.00    2252       655        2907       8248       3845      12093      12093       1.13       0.32     10662.83   8972.13     12093   
28999768.00    2202       618        2820       8298       3882      12180      12180       1.13       0.32     10751.30   8883.66     12180   
29124767.00    2267       669        2936       8233       3831      12064      12064       1.14       0.33     10601.42   9033.54     12064   
29249766.00    2164       630        2794       8336       3870      12206      12206       1.14       0.31     10703.82   8931.14     12206   
29374765.00    2140       640        2780       8360       3860      12220      12220       1.14       0.31     10724.04   8910.91     12220   
29499764.00    2171       633        2804       8329       3867      12196      12196       1.14       0.32     10742.38   8892.58     12196   
29624763.00    2144       649        2793       8356       3851      12207      12207       1.13       0.32     10796.04   8838.91     12207   
29749762.00    2318       709        3027       8182       3791      11973      11973       1.13       0.34     10600.22   9034.73     11973   
29874761.00    2442       728        3170       8058       3772      11830      11830       1.13       0.34     10437.87   9197.08     11830   
29999760.00    2377       698        3075       8123       3802      11925      11925       1.13       0.34     10537.28   9097.68     11925   
30124759.00    2379       704        3083       8121       3796      11917      11917       1.13       0.34     10538.95   9096.00     11917   
30249758.00    2462       727        3189       8038       3773      11811      11811       1.13       0.35     10475.44   9159.52     11811   
30374757.00    2468       734        3202       8032       3766      11798      11798       1.13       0.35     10483.82   9151.14     11798   
30499756.00    2312       700        3012       8188       3800      11988      11988       1.13       0.34     10654.50   8980.46     11988   
30624755.00    2454       742        3196       8046       3758      11804      11804       1.12       0.35     10534.89   9100.07     11804   
30749754.00    2446       709        3155       8054       3791      11845      11845       1.12       0.35     10581.67   9053.29     11845   
30874753.00    2551       799        3350       7949       3701      11650      11650       1.12       0.36     10432.62   9202.34     11650   
30999752.00    2447       745        3192       8053       3755      11808      11808       1.12       0.35     10576.09   9058.86     11808   
31124751.00    2427       747        3174       8073       3753      11826      11826       1.12       0.35     10581.11   9053.85     11826   
31249750.00    2551       705        3256       7949       3795      11744      11744       1.12       0.36     10485.59   9149.37     11744   
31374749.00    2367       683        3050       8133       3817      11950      11950       1.12       0.34     10692.30   8942.66     11950   
31499748.00    2523       731        3254       7977       3769      11746      11746       1.13       0.35     10438.08   9196.87     11746   
31624747.00    2575       731        3306       7925       3769      11694      11694       1.12       0.36     10397.12   9237.83     11694   
31749746.00    2464       702        3166       8036       3798      11834      11834       1.12       0.35     10532.73   9102.23     11834   
31874745.00    2426       679        3105       8074       3821      11895      11895       1.13       0.34     10556.10   9078.85     11895   
31999744.00    2359       642        3001       8141       3858      11999      11999       1.13       0.33     10614.22   9020.73     11999   
32124743.00    2394       649        3043       8106       3851      11957      11957       1.13       0.34     10599.88   9035.08     11957   
32249742.00    2379       662        3041       8121       3838      11959      11959       1.13       0.34     10618.41   9016.54     11959   
32374741.00    2425       716        3141       8075       3784      11859      11859       1.12       0.35     10572.35   9062.61     11859   
32499740.00    2469       718        3187       8031       3782      11813      11813       1.12       0.35     10573.82   9061.13     11813   
32624739.00    2480       712        3192       8020       3788      11808      11808       1.11       0.35     10597.38   9037.58     11808   
32749738.00    2485       727        3212       8015       3773      11788      11788       1.12       0.35     10527.36   9107.59     11788   
32874737.00    2541       759        3300       7959       3741      11700      11700       1.11       0.36     10495.22   9139.73     11700   
32999736.00    2530       748        3278       7970       3752      11722      11722       1.13       0.36     10414.32   9220.64     11722   
33124735.00    2489       722        3211       8011       3778      11789      11789       1.13       0.35     10439.96   9194.99     11789   
33249734.00    2412       702        3114       8088       3798      11886      11886       1.13       0.34     10534.03   9100.92     11886   
33374733.00    2463       703        3166       8037       3797      11834      11834       1.12       0.35     10520.41   9114.54     11834   
33499732.00    2379       682        3061       8121       3818      11939      11939       1.12       0.34     10640.56   8994.39     11939   
33624731.00    2279       628        2907       8221       3872      12093      12093       1.13       0.33     10734.96   8899.99     12093   
33749730.00    2218       625        2843       8282       3875      12157      12157       1.12       0.32     10827.11   8807.85     12157   
33874729.00    2220       618        2838       8280       3882      12162      12162       1.13       0.32     10792.60   8842.36     12162   
33999728.00    2187       598        2785       8313       3902      12215      12215       1.12       0.32     10903.09   8731.86     12215   
34124727.00    2317       657        2974       8183       3843      12026      12026       1.12       0.33     10735.65   8899.30     12026   
34249726.00    2362       703        3065       8138       3797      11935      11935       1.12       0.34     10610.75   9024.21     11935   
34374725.00    2377       714        3091       8123       3786      11909      11909       1.12       0.34     10613.02   9021.94     11909   
34499724.00    2368       722        3090       8132       3778      11910      11910       1.12       0.34     10596.53   9038.43     11910   
34624723.00    2257       669        2926       8243       3831      12074      12074       1.13       0.33     10700.47   8934.49     12074   
34749722.00    2162       618        2780       8338       3882      12220      12220       1.13       0.32     10843.87   8791.08     12220   
34874721.00    2198       593        2791       8302       3907      12209      12209       1.12       0.32     10866.44   8768.52     12209   
34999720.00    2283       640        2923       8217       3860      12077      12077       1.12       0.33     10812.93   8822.02     12077   
35124719.00    2192       612        2804       8308       3888      12196      12196       1.11       0.32     10976.23   8658.72     12196   
35249718.00    2380       665        3045       8120       3835      11955      11955       1.11       0.34     10733.85   8901.11     11955   
35374717.00    2307       661        2968       8193       3839      12032      12032       1.12       0.34     10781.42   8853.54     12032   
35499716.00    2365       692        3057       8135       3808      11943      11943       1.12       0.34     10647.44   8987.51     11943   
35624715.00    2297       651        2948       8203       3849      12052      12052       1.12       0.33     10788.98   8845.98     12052   
35749714.00    2316       672        2988       8184       3828      12012      12012       1.13       0.33     10650.49   8984.47     12012   
35874713.00    2308       689        2997       8192       3811      12003      12003       1.13       0.33     10618.17   9016.78     12003   
35999712.00    2265       652        2917       8235       3848      12083      12083       1.13       0.33     10734.33   8900.63     12083   
36124711.00    2134       603        2737       8366       3897      12263      12263       1.13       0.31     10854.96   8779.99     12263   
36249710.00    2173       598        2771       8327       3902      12229      12229       1.12       0.32     10885.43   8749.52     12229   
36374709.00    2321       675        2996       8179       3825      12004      12004       1.12       0.34     10699.74   8935.21     12004   
36499708.00    2274       644        2918       8226       3856      12082      12082       1.11       0.33     10866.68   8768.27     12082   
36624707.00    2282       644        2926       8218       3856      12074      12074       1.11       0.33     10831.81   8803.14     12074   
36749706.00    2266       650        2916       8234       3850      12084      12084       1.12       0.33     10831.67   8803.28     12084   
36874705.00    2333       665        2998       8167       3835      12002      12002       1.12       0.34     10715.53   8919.43     12002   
36999704.00    2314       664        2978       8186       3836      12022      12022       1.12       0.34     10746.57   8888.38     12022   
37124703.00    2536       747        3283       7964       3753      11717      11717       1.12       0.36     10459.47   9175.48     11717   
37249702.00    2432       707        3139       8068       3793      11861      11861       1.12       0.35     10576.77   9058.18     11861   
37374701.00    2314       651        2965       8186       3849      12035      12035       1.12       0.33     10749.78   8885.18     12035   
37499700.00    2207       629        2836       8293       3871      12164      12164       1.12       0.32     10858.61   8776.34     12164   
37624699.00    2203       600        2803       8297       3900      12197      12197       1.12       0.32     10873.75   8761.21     12197   
37749698.00    2258       591        2849       8242       3909      12151      12151       1.11       0.33     10900.43   8734.52     12151   
37874697.00    2465       675        3140       8035       3825      11860      11860       1.12       0.35     10617.74   9017.21     11860   
37999696.00    2412       654        3066       8088       3846      11934      11934       1.12       0.34     10669.50   8965.45     11934   
38124695.00    2471       720        3191       8029       3780      11809      11809       1.12       0.35     10557.51   9077.44     11809   
38249694.00    2547       733        3280       7953       3767      11720      11720       1.12       0.36     10465.53   9169.43     11720   
38374693.00    2434       698        3132       8066       3802      11868      11868       1.12       0.35     10570.09   9064.86     11868   
38499692.00    2413       689        3102       8087       3811      11898      11898       1.13       0.34     10567.64   9067.32     11898   
38624691.00    2360       700        3060       8140       3800      11940      11940       1.12       0.34     10699.44   8935.52     11940   
38749690.00    2414       677        3091       8086       3823      11909      11909       1.12       0.34     10619.69   9015.26     11909   
38874689.00    2358       667        3025       8142       3833      11975      11975       1.12       0.34     10655.80   8979.16     11975   
38999688.00    2304       644        2948       8196       3856      12052      12052       1.12       0.33     10743.62   8891.34     12052   
39124687.00    2244       619        2863       8256       3881      12137      12137       1.12       0.32     10810.11   8824.85     12137   
39249686.00    2127       598        2725       8373       3902      12275      12275       1.12       0.31     10944.12   8690.83     12275   
39374685.00    2079       596        2675       8421       3904      12325      12325       1.11       0.31     11059.78   8575.18     12325   
39499684.00    2255       647        2902       8245       3853      12098      12098       1.12       0.33     10815.87   8819.09     12098   
39624683.00    2301       628        2929       8199       3872      12071      12071       1.13       0.33     10702.79   8932.17     12071   
39749682.00    2282       645        2927       8218       3855      12073      12073       1.13       0.33     10704.07   8930.88     12073   
39874681.00    2167       618        2785       8333       3882      12215      12215       1.13       0.32     10852.15   8782.80     12215   
39999680.00    2059       574        2633       8441       3926      12367      12367       1.13       0.30     10961.81   8673.14     12367   
40124679.00    2008       556        2564       8492       3944      12436      12436       1.12       0.30     11132.99   8501.97     12436   
40249678.00    2192       656        2848       8308       3844      12152      12152       1.11       0.33     10917.32   8717.64     12152   
40374677.00    2222       696        2918       8278       3804      12082      12082       1.11       0.33     10909.56   8725.39     12082   
40499676.00    2329       706        3035       8171       3794      11965      11965       1.11       0.34     10820.73   8814.23     11965   
40624675.00    2566       787        3353       7934       3713      11647      11647       1.11       0.37     10515.35   9119.61     11647   
40749674.00    2690       835        3525       7810       3665      11475      11475       1.11       0.38     10320.57   9314.38     11475   
40874673.00    2660       804        3464       7840       3696      11536      11536       1.11       0.37     10386.66   9248.29     11536   
40999672.00    2603       786        3389       7897       3714      11611      11611       1.11       0.37     10452.91   9182.05     11611   
41124671.00    2545       806        3351       7955       3694      11649      11649       1.11       0.37     10481.65   9153.31     11649   
41249670.00    2541       782        3323       7959       3718      11677      11677       1.11       0.36     10485.67   9149.28     11677   
41374669.00    2500       718        3218       8000       3782      11782      11782       1.12       0.35     10554.93   9080.02     11782   
41499668.00    2374       662        3036       8126       3838      11964      11964       1.12       0.34     10727.46   8907.50     11964   
41624667.00    2257       603        2860       8243       3897      12140      12140       1.11       0.33     10899.44   8735.52     12140   
41749666.00    2365       612        2977       8135       3888      12023      12023       1.11       0.34     10783.86   8851.09     12023   
41874665.00    2532       710        3242       7968       3790      11758      11758       1.12       0.35     10498.72   9136.23     11758   
41999664.00    2449       684        3133       8051       3816      11867      11867       1.12       0.35     10611.95   9023.00     11867   
42124663.00    2594       731        3325       7906       3769      11675      11675       1.12       0.36     10429.28   9205.68     11675   
42249662.00    2495       719        3214       8005       3781      11786      11786       1.12       0.35     10533.17   9101.78     11786   
42374661.00    2498       737        3235       8002       3763      11765      11765       1.12       0.35     10506.35   9128.61     11765   
42499660.00    2337       652        2989       8163       3848      12011      12011       1.12       0.34     10753.81   8881.14     12011   
42624659.00    2500       711        3211       8000       3789      11789      11789       1.12       0.35     10525.13   9109.83     11789   
42749658.00    2283       670        2953       8217       3830      12047      12047       1.12       0.33     10770.33   8864.62     12047   
42874657.00    2257       635        2892       8243       3865      12108      12108       1.12       0.33     10838.21   8796.75     12108   
42999656.00    2171       611        2782       8329       3889      12218      12218       1.12       0.32     10896.79   8738.16     12218   
43124655.00    2172       607        2779       8328       3893      12221      12221       1.12       0.32     10868.00   8766.95     12221   
43249654.00    2239       649        2888       8261       3851      12112      12112       1.12       0.33     10774.86   8860.10     12112   
43374653.00    2156       628        2784       8344       3872      12216      12216       1.12       0.32     10888.58   8746.37     12216   
43499652.00    2195       634        2829       8305       3866      12171      12171       1.12       0.32     10841.07   8793.89     12171   
43624651.00    2182       616        2798       8318       3884      12202      12202       1.12       0.32     10868.62   8766.33     12202   
43749650.00    2203       603        2806       8297       3897      12194      12194       1.12       0.32     10848.10   8786.85     12194   
43874649.00    2257       649        2906       8243       3851      12094      12094       1.12       0.33     10775.65   8859.30     12094   
43999648.00    2236       645        2881       8264       3855      12119      12119       1.12       0.33     10851.17   8783.78     12119   
44124647.00    2309       694        3003       8191       3806      11997      11997       1.12       0.34     10748.76   8886.20     11997   
44249646.00    2327       693        3020       8173       3807      11980      11980       1.12       0.34     10721.29   8913.66     11980   
44374645.00    2399       722        3121       8101       3778      11879      11879       1.12       0.35     10647.48   8987.47     11879   
44499644.00    2353       691        3044       8147       3809      11956      11956       1.12       0.34     10704.19   8930.76     11956   
44624643.00    2338       665        3003       8162       3835      11997      11997       1.11       0.34     10762.52   8872.44     11997   
44749642.00    2398       716        3114       8102       3784      11886      11886       1.11       0.35     10682.93   8952.03     11886   
44874641.00    2486       782        3268       8014       3718      11732      11732       1.11       0.36     10536.52   9098.44     11732   
44999640.00    2427       748        3175       8073       3752      11825      11825       1.12       0.35     10576.60   9058.36     11825   
45124639.00    2341       707        3048       8159       3793      11952      11952       1.12       0.34     10688.00   8946.95     11952   
45249638.00    2439       700        3139       8061       3800      11861      11861       1.12       0.35     10604.80   9030.15     11861   
45374637.00    2416       714        3130       8084       3786      11870      11870       1.12       0.35     10611.59   9023.36     11870   
45499636.00    2339       702        3041       8161       3798      11959      11959       1.12       0.34     10691.73   8943.23     11959   
45624635.00    2400       730        3130       8100       3770      11870      11870       1.12       0.35     10635.78   8999.17     11870   
45749634.00    2435       713        3148       8065       3787      11852      11852       1.12       0.35     10565.94   9069.02     11852   
45874633.00    2372       703        3075       8128       3797      11925      11925       1.12       0.34     10635.85   8999.10     11925   
45999632.00    2352       709        3061       8148       3791      11939      11939       1.12       0.34     10676.20   8958.75     11939   
46124631.00    2283       672        2955       8217       3828      12045      12045       1.12       0.33     10707.76   8927.19     12045   
46249630.00    2343       733        3076       8157       3767      11924      11924       1.13       0.34     10523.50   9111.45     11924   
46374629.00    2430       739        3169       8070       3761      11831      11831       1.14       0.34     10423.25   9211.71     11831   
46499628.00    2461       735        3196       8039       3765      11804      11804       1.13       0.35     10412.61   9222.35     11804   
46624627.00    2266       684        2950       8234       3816      12050      12050       1.13       0.33     10655.56   8979.39     12050   
46749626.00    2249       661        2910       8251       3839      12090      12090       1.13       0.33     10704.30   8930.65     12090   
46874625.00    2262       664        2926       8238       3836      12074      12074       1.12       0.33     10746.38   8888.58     12074   
46999624.00    2098       624        2722       8402       3876      12278      12278       1.12       0.32     10996.34   8638.61     12278   
47124623.00    2150       641        2791       8350       3859      12209      12209       1.12       0.32     10918.36   8716.59     12209   
47249622.00    2247       666        2913       8253       3834      12087      12087       1.12       0.33     10754.25   8880.71     12087   
47374621.00    2148       651        2799       8352       3849      12201      12201       1.12       0.32     10862.34   8772.62     12201   
47499620.00    2187       640        2827       8313       3860      12173      12173       1.12       0.32     10838.51   8796.45     12173   
47624619.00    2349       707        3056       8151       3793      11944      11944       1.13       0.34     10604.77   9030.19     11944   
47749618.00    2290       710        3000       8210       3790      12000      12000       1.13       0.33     10610.45   9024.50     12000   
47874617.00    2230       650        2880       8270       3850      12120      12120       1.13       0.32     10770.74   8864.21     12120   
47999616.00    2158       647        2805       8342       3853      12195      12195       1.12       0.32     10859.61   8775.34     12195   
48124615.00    2254       659        2913       8246       3841      12087      12087       1.12       0.33     10758.33   8876.62     12087   
48249614.00    2208       656        2864       8292       3844      12136      12136       1.12       0.32     10812.93   8822.02     12136   
48374613.00    2290       700        2990       8210       3800      12010      12010       1.12       0.34     10744.08   8890.88     12010   
48499612.00    2246       671        2917       8254       3829      12083      12083       1.11       0.33     10854.48   8780.47     12083   
48624611.00    2184       633        2817       8316       3867      12183      12183       1.11       0.33     10990.64   8644.32     12183   
48749610.00    2261       652        2913       8239       3848      12087      12087       1.11       0.33     10909.33   8725.62     12087   
48874609.00    2389       711        3100       8111       3789      11900      11900       1.11       0.35     10701.89   8933.06     11900   
48999608.00    2544       792        3336       7956       3708      11664      11664       1.11       0.37     10529.71   9105.25     11664   
49124607.00    2491       718        3209       8009       3782      11791      11791       1.11       0.36     10607.13   9027.82     11791   
49249606.00    2342       677        3019       8158       3823      11981      11981       1.12       0.34     10703.38   8931.57     11981   
49374605.00    2288       664        2952       8212       3836      12048      12048       1.12       0.33     10764.23   8870.73     12048   
49499604.00    2362       720        3082       8138       3780      11918      11918       1.12       0.34     10647.10   8987.85     11918   
49624603.00    2358       694        3052       8142       3806      11948      11948       1.11       0.34     10733.57   8901.39     11948   
49749602.00    2506       743        3249       7994       3757      11751      11751       1.11       0.36     10540.30   9094.65     11751   
49874601.00    2464       701        3165       8036       3799      11835      11835       1.12       0.35     10572.93   9062.02     11835   
49999600.00    2521       725        3246       7979       3775      11754      11754       1.12       0.36     10516.88   9118.07     11754   
